,one,two,three,four
0,1,1,4,964982703
1,1,2,4,964981247
2,1,3,4,964982224
3,1,4,5,964983815
4,1,5,5,964982931
5,1,6,3,964982400
6,1,7,5,964980868
7,1,8,4,964982176
8,1,9,5,964984041
9,1,10,5,964984100
10,1,11,5,964983650
11,1,12,5,964981208
12,1,13,3,964980985
13,1,14,5,964981179
14,1,15,4,964980908
15,1,16,5,964981680
16,1,17,3,964982967
17,1,18,3,964982310
18,1,19,5,964981179
19,1,20,4,964982563
20,1,21,4,964980962
21,1,22,5,964982588
22,1,23,4,964981710
23,1,24,3,964982363
24,1,25,4,964980868
25,1,26,5,964981909
26,1,27,4,964982346
27,1,28,3,964981208
28,1,29,5,964984002
29,1,30,4,964981179
30,1,31,4,964982653
31,1,32,5,964984153
32,1,33,4,964982546
33,1,34,4,964982271
34,1,35,4,964983793
35,1,36,5,964982838
36,1,37,5,964982931
37,1,38,3,964982563
38,1,39,5,964982838
39,1,40,3,964981775
40,1,41,4,964982400
41,1,42,3,964982653
42,1,43,3,964984086
43,1,44,4,964980499
44,1,45,5,964982475
45,1,46,5,964981529
46,1,47,5,964982176
47,1,48,4,964983614
48,1,49,5,964983219
49,1,50,3,964981775
50,1,51,5,964982681
51,1,52,5,964982876
52,1,53,5,964982791
53,1,54,5,964982855
54,1,55,3,964982903
55,1,56,5,964982653
56,1,57,5,964982791
57,1,58,4,964981179
58,1,59,5,964982400
59,1,60,4,964980924
60,1,61,5,964981680
61,1,62,5,964981327
62,1,63,5,964982951
63,1,64,4,964984018
64,1,65,5,964983484
65,1,66,5,964981680
66,1,67,4,964982513
67,1,68,5,964981327
68,1,69,5,964981827
69,1,70,5,964981872
70,1,71,5,964981827
71,1,72,5,964983737
72,1,73,4,964983250
73,1,74,5,964980499
74,1,75,5,964982951
75,1,76,4,964981855
76,1,77,2,964983393
77,1,78,5,964981909
78,1,79,5,964981909
79,1,80,5,964984018
80,1,81,5,964983618
81,1,82,5,964983723
82,1,83,5,964981442
83,1,84,3,964983414
84,1,85,4,964983599
85,1,86,5,964983705
86,1,87,5,964982290
87,1,88,5,964983414
88,1,89,5,964982703
89,1,90,5,964981909
90,1,91,5,964984086
91,1,92,4,964983393
92,1,93,3,964982653
93,1,94,3,964983017
94,1,95,3,964982310
95,1,96,3,964984112
96,1,97,4,964980875
97,1,98,4,964980985
98,1,99,5,964981107
99,1,100,4,964982620
100,1,101,5,964982290
101,1,102,3,964981125
102,1,103,5,964982346
103,1,104,5,964982951
104,1,105,4,964983056
105,1,106,5,964983504
106,1,107,3,964983536
107,1,108,3,964982620
108,1,109,5,964981125
109,1,110,4,964981230
110,1,111,4,964981404
111,1,112,5,964983034
112,1,113,4,964983056
113,1,114,4,964981780
114,1,115,5,964981497
115,1,116,5,964982176
116,1,117,4,964981710
117,1,118,4,964982211
118,1,119,5,964981710
119,1,120,4,964984176
120,1,121,5,964980523
121,1,122,4,964981888
122,1,123,5,964982903
123,1,124,4,964982563
124,1,125,5,964982791
125,1,126,4,964981747
126,1,127,5,964982400
127,1,128,5,964982838
128,1,129,5,964982838
129,1,130,3,964981710
130,1,131,5,964982653
131,1,132,4,964982838
132,1,133,4,964982588
133,1,134,4,964981725
134,1,135,5,964982529
135,1,136,5,964982876
136,1,137,5,964982791
137,1,138,5,964982791
138,1,139,5,964982838
139,1,140,4,964981725
140,1,141,5,964981710
141,1,142,4,964981680
142,1,143,4,964981710
143,1,144,2,964981775
144,1,145,4,964982989
145,1,146,4,964982310
146,1,147,5,964983664
147,1,148,5,964983263
148,1,149,2,964983546
149,1,150,5,964983861
150,1,151,4,964982462
151,1,152,5,964983123
152,1,153,2,964983094
153,1,154,5,964981093
154,1,155,4,964982310
155,1,156,3,964982513
156,1,157,5,964982242
157,1,158,4,964982620
158,1,159,5,964983414
159,1,160,5,964982588
160,1,161,4,964984169
161,1,162,4,965719662
162,1,163,5,964981278
163,1,164,3,964982328
164,1,165,5,964982242
165,1,166,5,964981265
166,1,167,5,964981888
167,1,168,5,964983000
168,1,169,5,964981144
169,1,170,4,964983080
170,1,171,2,964982588
171,1,172,4,964980523
172,1,173,4,964982377
173,1,174,5,964982620
174,1,175,4,964983393
175,1,176,4,964983414
176,1,177,5,964983393
177,1,178,3,964983426
178,1,179,5,964981855
179,1,180,5,964980985
180,1,181,5,964983414
181,1,182,5,964982703
182,1,183,4,964981710
183,1,184,4,964980523
184,1,185,5,964980868
185,1,186,5,964981680
186,1,187,5,964982703
187,1,188,4,964982290
188,1,189,5,964981872
189,1,190,5,964982176
190,1,191,5,964982191
191,1,192,5,964981888
192,1,193,5,964983282
193,1,194,4,964983034
194,1,195,5,964982495
195,1,196,5,964982271
196,1,197,5,964982242
197,1,198,4,964980896
198,1,199,5,964983762
199,1,200,5,964982791
200,1,201,5,964981208
201,1,202,5,964984086
202,1,203,4,964981872
203,1,204,5,964983873
204,1,205,4,964982495
205,1,206,1,964983504
206,1,207,3,964981093
207,1,208,3,964983108
208,1,209,5,964981107
209,1,210,5,964983536
210,1,211,5,964983484
211,1,212,4,964981799
212,1,213,4,964981799
213,1,214,5,964982328
214,1,215,5,964984054
215,1,216,5,964981144
216,1,217,4,964981725
217,1,218,4,964981775
218,1,219,4,964982271
219,1,220,5,964980668
220,1,221,4,964980683
221,1,222,4,964982271
222,1,223,5,964981589
223,1,224,5,964983737
224,1,225,5,964981909
225,1,226,5,964982363
226,1,227,4,964982417
227,1,228,4,964980694
228,1,229,5,964981855
229,1,230,4,964981220
230,1,231,4,964982903
231,1,232,5,964984002
232,2,233,3,1445714835
233,2,19,4,1445715029
234,2,234,4,1445715228
235,2,220,4,1445714885
236,2,235,4,1445714952
237,2,236,3,1445714960
238,2,237,4,1445715013
239,2,238,4,1445715064
240,2,239,4,1445715141
241,2,240,5,1445714980
242,2,241,4,1445715154
243,2,242,3,1445714974
244,2,243,4,1445714926
245,2,244,3,1445714941
246,2,245,4,1445714841
247,2,246,4,1445715340
248,2,247,5,1445715172
249,2,248,4,1445715166
250,2,249,5,1445715189
251,2,250,3,1445714891
252,2,251,2,1445714938
253,2,252,3,1445714874
254,2,253,5,1445714966
255,2,254,3,1445715145
256,2,255,4,1445714882
257,2,256,2,1445715276
258,2,257,3,1445714854
259,2,258,5,1445715272
260,2,259,5,1445714851
261,3,260,0,1306463578
262,3,29,0,1306464275
263,3,261,0,1306463619
264,3,262,0,1306464228
265,3,263,0,1306463595
266,3,264,5,1306463611
267,3,265,0,1306463567
268,3,266,0,1306463627
269,3,267,0,1306464216
270,3,268,0,1306463569
271,3,269,0,1306463624
272,3,87,3,1306463323
273,3,270,0,1306464189
274,3,271,3,1306463561
275,3,103,4,1306464003
276,3,121,0,1306464175
277,3,272,0,1306463572
278,3,129,0,1306464261
279,3,134,2,1306463559
280,3,273,4,1306463631
281,3,274,0,1306464293
282,3,275,5,1306463925
283,3,276,4,1306464054
284,3,277,0,1306463638
285,3,225,5,1306463603
286,3,278,0,1306464245
287,3,279,5,1306463770
288,3,280,0,1306464284
289,3,281,5,1306463718
290,3,282,5,1306463708
291,3,283,4,1306464021
292,3,284,5,1306463825
293,3,285,0,1306464204
294,3,286,5,1306463670
295,3,287,4,1306464036
296,3,288,5,1306463684
297,3,289,4,1306463993
298,3,290,5,1306463815
299,3,291,0,1306464164
300,4,292,3,986935199
301,4,293,2,945173447
302,4,294,3,986935047
303,4,4,2,945173425
304,4,295,3,964622786
305,4,296,3,964538444
306,4,297,4,986848784
307,4,298,5,964622758
308,4,299,1,986848920
309,4,300,5,945078571
310,4,301,3,945078428
311,4,302,5,964622565
312,4,303,2,945079259
313,4,304,5,945079078
314,4,305,1,945629040
315,4,306,5,964622684
316,4,15,2,945173513
317,4,307,3,986848894
318,4,16,5,945079259
319,4,308,5,964538468
320,4,17,1,945173350
321,4,309,5,945079182
322,4,310,5,964538500
323,4,311,4,945629063
324,4,312,4,964622786
325,4,313,3,986934901
326,4,314,3,964623306
327,4,315,4,945078690
328,4,316,2,945078467
329,4,25,1,986934915
330,4,317,2,986848828
331,4,26,5,945079259
332,4,318,5,945174290
333,4,319,5,945079872
334,4,320,1,945079106
335,4,321,5,945078636
336,4,322,1,964538832
337,4,32,2,945079301
338,4,323,4,945079670
339,4,35,5,964539986
340,4,324,3,986848609
341,4,325,2,945078587
342,4,37,5,964540008
343,4,38,3,945079906
344,4,326,4,986935230
345,4,327,3,945078601
346,4,328,4,945079106
347,4,329,4,964622714
348,4,330,5,964623347
349,4,331,4,945079653
350,4,332,4,945078446
351,4,333,4,945079837
352,4,334,5,945173902
353,4,335,5,945173989
354,4,336,5,945173902
355,4,265,5,945079670
356,4,45,5,945079521
357,4,337,5,945173602
358,4,338,5,964538571
359,4,339,3,986849085
360,4,53,4,945079232
361,4,340,5,945173654
362,4,341,3,964540578
363,4,60,2,986934819
364,4,61,4,945079483
365,4,342,5,945173692
366,4,343,2,945078946
367,4,62,5,986934696
368,4,344,5,945079259
369,4,345,5,964539723
370,4,346,3,964538500
371,4,347,5,964539723
372,4,68,5,986934625
373,4,348,4,964539180
374,4,349,1,964778513
375,4,350,5,964538500
376,4,69,5,964538763
377,4,70,5,964538763
378,4,71,3,964538728
379,4,351,2,945078967
380,4,352,5,945174025
381,4,353,1,964539205
382,4,75,4,945079729
383,4,77,4,964539961
384,4,354,4,964539326
385,4,355,5,945174008
386,4,356,4,964538728
387,4,85,4,964622684
388,4,357,4,986849037
389,4,358,2,986934832
390,4,89,5,945079653
391,4,359,5,945078690
392,4,360,4,945079653
393,4,90,4,964538763
394,4,361,3,945078467
395,4,362,1,945173766
396,4,363,5,945079767
397,4,364,4,945173492
398,4,98,4,964622830
399,4,99,4,945079790
400,4,102,3,986935244
401,4,365,1,945079906
402,4,104,2,945079837
403,4,366,4,964622758
404,4,234,1,945629015
405,4,367,4,945079956
406,4,109,4,945079889
407,4,368,5,945079143
408,4,369,3,964539357
409,4,370,5,945174134
410,4,371,2,986849001
411,4,372,4,964622642
412,4,373,3,964622617
413,4,374,2,964539431
414,4,375,4,945629179
415,4,376,3,964540505
416,4,377,4,964622714
417,4,378,1,986934786
418,4,379,3,986934870
419,4,380,5,945079653
420,4,381,2,964622684
421,4,117,5,945078967
422,4,382,4,986934786
423,4,383,2,945078690
424,4,384,4,945079052
425,4,128,5,945079521
426,4,385,4,986935016
427,4,386,3,986935328
428,4,387,5,986934738
429,4,142,5,964539855
430,4,388,5,945174008
431,4,389,4,945079729
432,4,390,5,964540008
433,4,391,1,945629238
434,4,392,1,964622590
435,4,393,2,964538964
436,4,394,4,945078467
437,4,395,4,964622590
438,4,396,5,945079164
439,4,154,3,964623306
440,4,155,4,986935302
441,4,397,4,945079858
442,4,167,1,945173385
443,4,398,5,945078863
444,4,399,5,964622684
445,4,172,1,986848894
446,4,400,4,945079790
447,4,179,5,945079013
448,4,401,2,945078542
449,4,402,4,964539986
450,4,403,1,964778621
451,4,404,2,945173553
452,4,405,5,964539628
453,4,406,5,945078814
454,4,185,5,964539140
455,4,407,4,986935016
456,4,408,4,945078708
457,4,409,5,986934870
458,4,193,2,945078528
459,4,410,2,945078946
460,4,198,4,986848610
461,4,199,4,986936200
462,4,411,5,945079920
463,4,412,4,986934884
464,4,413,3,964778197
465,4,414,5,964622487
466,4,415,4,964539121
467,4,416,1,964538930
468,4,206,4,964539771
469,4,417,4,964539828
470,4,418,4,964623306
471,4,419,4,986934498
472,4,420,3,964622758
473,4,421,5,964538329
474,4,211,4,964539395
475,4,422,4,986849238
476,4,423,2,964538243
477,4,218,1,986848908
478,4,424,5,964538351
479,4,425,2,986849212
480,4,426,1,986935199
481,4,427,3,964539085
482,4,230,3,986936207
483,4,428,5,986849180
484,4,429,4,986934465
485,4,430,3,986849149
486,4,431,4,986849164
487,4,432,4,986849130
488,4,433,3,986934819
489,4,434,1,986849254
490,4,435,3,986848856
491,4,436,4,986849180
492,4,437,3,986849201
493,4,438,3,986849226
494,4,439,4,986849149
495,4,440,5,986848753
496,4,441,3,986848665
497,4,442,4,986934901
498,4,443,3,986848685
499,4,444,3,986848700
500,4,445,2,1007569424
501,4,446,5,986848685
502,4,447,4,1007574542
503,4,448,3,1007569465
504,4,449,2,1007569424
505,4,450,4,1007574470
506,4,451,1,1007569465
507,4,452,4,1007569586
508,4,453,3,1007574509
509,4,454,1,1007569586
510,4,455,3,1007574532
511,4,456,5,1007569445
512,4,457,3,1007569445
513,4,458,4,1007574532
514,4,459,4,1007569465
515,4,460,5,1007569424
516,5,1,4,847434962
517,5,292,4,847435238
518,5,461,4,847434881
519,5,462,4,847435292
520,5,463,3,847434961
521,5,5,4,847434881
522,5,296,5,847435238
523,5,8,4,847434880
524,5,464,3,847434748
525,5,465,3,847434802
526,5,306,4,847435292
527,5,307,5,847435337
528,5,466,3,847435292
529,5,467,4,847435238
530,5,308,3,847435129
531,5,468,1,847435311
532,5,469,5,847435311
533,5,17,5,847434748
534,5,470,3,847435337
535,5,18,2,847434832
536,5,233,3,847434880
537,5,471,3,847434802
538,5,20,3,847434832
539,5,314,2,847435238
540,5,472,3,847434882
541,5,23,4,847435129
542,5,473,2,847434748
543,5,474,3,847435292
544,5,26,4,847434801
545,5,475,4,847435337
546,5,318,5,847435311
547,5,476,3,847435129
548,5,29,5,847434960
549,5,477,4,847435258
550,5,478,3,847435311
551,5,323,4,847434801
552,5,479,3,847435258
553,5,33,5,847434747
554,5,34,3,847434747
555,5,480,5,847435238
556,5,324,5,847434832
557,5,36,5,847435292
558,5,481,3,847434962
559,5,37,3,847435258
560,6,482,4,845553522
561,6,2,5,845554296
562,6,483,3,845554349
563,6,484,5,845553938
564,6,3,4,845553757
565,6,485,4,845554264
566,6,486,3,845555281
567,6,487,3,845553253
568,6,488,4,845553489
569,6,489,3,845555588
570,6,490,4,845554505
571,6,491,4,845553819
572,6,492,4,845553559
573,6,493,2,845553382
574,6,292,2,845553382
575,6,494,5,845553875
576,6,495,4,845554397
577,6,496,3,845553695
578,6,497,4,845555362
579,6,498,3,845555402
580,6,260,3,845553819
581,6,293,4,845553426
582,6,461,4,845553354
583,6,462,5,845553726
584,6,499,4,845554962
585,6,500,4,845555607
586,6,294,3,845553907
587,6,501,4,845554551
588,6,4,4,845553317
589,6,5,1,845553381
590,6,502,4,845555402
591,6,503,4,845554263
592,6,504,4,845555454
593,6,505,4,845553660
594,6,506,3,845555070
595,6,507,3,845555151
596,6,508,4,845555317
597,6,509,3,845554907
598,6,510,5,845556131
599,6,511,3,845555300
600,6,512,2,845555694
601,6,513,4,845555124
602,6,514,4,845555454
603,6,515,4,845554584
604,6,516,4,845553559
605,6,517,3,845555151
606,6,518,1,845555436
607,6,519,4,845554349
608,6,520,3,845553757
609,6,8,5,845553283
610,6,521,4,845553994
611,6,522,3,845556257
612,6,299,3,845555342
613,6,523,3,845554987
614,6,524,3,845555024
615,6,525,4,845553586
616,6,526,4,845553966
617,6,527,4,845555607
618,6,464,4,845553110
619,6,9,4,845553586
620,6,465,3,845553146
621,6,528,4,845553660
622,6,529,3,845555006
623,6,530,5,845553457
624,6,531,3,845553253
625,6,11,3,845553907
626,6,532,3,845553146
627,6,533,5,845553695
628,6,534,3,845554263
629,6,301,3,845555402
630,6,535,3,845554479
631,6,536,3,845554931
632,6,537,1,845555362
633,6,538,2,845555006
634,6,539,3,845553938
635,6,540,3,845553283
636,6,541,3,845553619
637,6,542,3,845556241
638,6,543,2,845554931
639,6,544,4,845554455
640,6,545,3,845553586
641,6,546,3,845556290
642,6,547,3,845553619
643,6,548,3,845555477
644,6,549,4,845554024
645,6,550,3,845553253
646,6,551,3,845556106
647,6,552,4,845556310
648,6,553,4,845556181
649,6,12,4,845554099
650,6,554,3,845555382
651,6,555,2,845553994
652,6,556,3,845556131
653,6,305,4,845554024
654,6,557,3,845553794
655,6,558,4,845553381
656,6,559,5,845553966
657,6,14,3,845553174
658,6,560,2,845554176
659,6,561,4,845553559
660,6,562,4,845553875
661,6,563,3,845554987
662,6,564,3,845555571
663,6,565,3,845555588
664,6,566,5,845554263
665,6,567,4,845555588
666,6,568,3,845556257
667,6,569,4,845553619
668,6,466,3,845553283
669,6,570,3,845555655
670,6,571,3,845553726
671,6,572,5,845554176
672,6,573,3,845555172
673,6,467,4,845553695
674,6,574,5,845554551
675,6,308,3,845553726
676,6,468,3,845553457
677,6,575,3,845554376
678,6,576,3,845555172
679,6,577,4,845555249
680,6,578,3,845553875
681,6,579,4,845555151
682,6,580,4,845553907
683,6,581,5,845553844
684,6,582,3,845555436
685,6,583,4,845554320
686,6,584,3,845553522
687,6,585,2,845553283
688,6,586,3,845554455
689,6,587,3,845555571
690,6,588,4,845553253
691,6,589,3,845553660
692,6,17,2,845553110
693,6,590,3,845555436
694,6,591,3,845554099
695,6,592,4,845555546
696,6,593,3,845556119
697,6,594,1,845555151
698,6,595,3,845555546
699,6,596,5,845554603
700,6,597,4,845553522
701,6,18,5,845553174
702,6,598,4,845553457
703,6,233,5,845553200
704,6,599,1,845554062
705,6,600,4,845553200
706,6,601,3,845555071
707,6,602,3,845555046
708,6,19,5,845553757
709,6,603,3,845556223
710,6,604,5,845553586
711,6,605,4,845553253
712,6,606,4,845555265
713,6,310,3,845553938
714,6,607,3,845555172
715,6,471,3,845553146
716,6,608,3,845555300
717,6,312,3,845553938
718,6,20,5,845553146
719,6,609,5,845553489
720,6,313,4,845554455
721,6,610,3,845555382
722,6,611,4,845553726
723,6,612,4,845555402
724,6,613,4,845553819
725,6,21,5,845553200
726,6,314,3,845553457
727,6,614,3,845555265
728,6,615,3,845556412
729,6,616,3,845555094
730,6,617,4,845554376
731,6,22,3,845553994
732,6,472,5,845553317
733,6,618,3,845554962
734,6,23,4,845553317
735,6,315,5,845553726
736,6,619,4,845553794
737,6,620,3,845554141
738,6,621,3,845554296
739,6,622,5,845553317
740,6,623,3,845554987
741,6,473,4,845553110
742,6,624,3,845553994
743,6,625,3,845554397
744,6,626,3,845554320
745,6,627,3,845554603
746,6,474,3,845553354
747,6,628,3,845554505
748,6,629,4,845554420
749,6,630,3,845554962
750,6,631,3,845554224
751,6,632,3,845554551
752,6,633,5,845553489
753,6,634,4,845553200
754,6,635,3,845553489
755,6,636,3,845554505
756,6,637,4,845553457
757,6,638,3,845555124
758,6,317,4,845555024
759,6,639,4,845553283
760,6,640,3,845554062
761,6,26,5,845553174
762,6,641,3,845555546
763,6,642,3,845555281
764,6,643,2,845553844
765,6,644,4,845553907
766,6,645,4,845555477
767,6,646,3,845555632
768,6,475,4,845553522
769,6,318,4,845554099
770,6,647,4,845554141
771,6,27,5,845553200
772,6,648,3,845553794
773,6,649,3,845554505
774,6,650,3,845554584
775,6,651,4,845554141
776,6,652,3,845555172
777,6,653,3,845554176
778,6,654,3,845553819
779,6,28,5,845553354
780,6,655,3,845554455
781,6,656,3,845555317
782,6,657,4,845553586
783,6,320,3,845553522
784,6,658,3,845555546
785,6,476,4,845553794
786,6,659,4,845554908
787,6,660,3,845553844
788,6,661,3,845554479
789,6,29,3,845553426
790,6,477,3,845554296
791,6,662,3,845554224
792,6,663,3,845556181
793,6,664,3,845554551
794,6,322,3,845553426
795,6,665,3,845554099
796,6,666,4,845554524
797,6,30,3,845554099
798,6,667,2,845554349
799,6,668,3,845554908
800,6,31,3,845553875
801,6,32,5,845553559
802,6,669,4,845555342
803,6,670,3,845555070
804,6,671,5,845553381
805,6,323,5,845553146
806,6,479,3,845553317
807,6,33,5,845553109
808,6,34,3,845553109
809,6,35,4,845553174
810,6,480,4,845553819
811,6,324,5,845553174
812,6,36,3,845554141
813,6,481,4,845553354
814,6,672,3,845555024
815,6,37,3,845553844
816,6,673,4,845555342
817,6,674,5,845554062
818,6,675,3,845555300
819,6,676,4,845555265
820,6,677,4,845555046
821,6,678,1,845555362
822,6,261,4,845555151
823,6,679,3,845556147
824,6,680,3,845555342
825,6,681,3,845555694
826,6,682,3,845556378
827,6,683,4,845556147
828,6,684,3,845555571
829,6,326,4,845554376
830,6,685,5,845555249
831,6,686,3,845556223
832,6,687,4,845555317
833,6,688,2,845555694
834,6,42,5,845553619
835,6,689,3,845555046
836,6,690,1,845555006
837,6,691,3,845555632
838,6,692,3,845556462
839,6,43,5,845556915
840,6,693,5,845554584
841,6,694,3,845556506
842,6,695,3,845555656
843,6,696,3,845556194
844,6,697,4,845554584
845,6,698,3,845555514
846,6,699,5,845556222
847,6,700,4,845556194
848,6,701,3,845556241
849,6,702,4,845555514
850,6,703,3,845556120
851,6,704,3,845555675
852,6,705,4,845556340
853,6,706,4,845555694
854,6,707,3,845556412
855,6,708,3,845556181
856,6,709,3,845556340
857,6,710,3,845556448
858,6,711,3,845556241
859,6,712,3,845556808
860,6,713,3,845556567
861,6,714,4,845556475
862,6,715,4,845556808
863,6,716,4,845556323
864,6,717,2,845556412
865,6,718,4,845556506
866,6,719,4,845556694
867,6,58,3,845556462
868,6,59,5,845556694
869,6,720,4,845556860
870,6,721,4,845556579
871,6,61,3,845555571
872,6,722,4,845556278
873,6,344,3,845555454
874,7,1,4,1106635946
875,7,5,4,1106635993
876,7,296,3,1106635520
877,7,464,4,1106635925
878,7,532,4,1106635987
879,7,16,5,1106635933
880,7,21,5,1106635915
881,7,473,3,1106635937
882,7,643,5,1106635532
883,7,27,5,1106635917
884,7,671,2,1106635714
885,7,323,3,1106635971
886,7,479,2,1106635940
887,7,34,3,1106635922
888,7,35,5,1106635912
889,7,324,3,1106712636
890,7,38,4,1106635981
891,7,723,4,1106636810
892,7,43,4,1106635943
893,7,337,3,1106635685
894,7,724,4,1106712615
895,7,725,4,1106635502
896,7,349,1,1106712613
897,7,69,4,1106635996
898,7,73,4,1106635462
899,7,74,4,1106635965
900,7,77,5,1106635496
901,7,78,4,1106635464
902,7,82,5,1106712575
903,7,726,1,1106635678
904,7,86,5,1106635681
905,7,99,3,1106635489
906,7,727,5,1106635423
907,7,728,4,1106635429
908,7,104,3,1107127060
909,7,729,3,1106635653
910,7,730,0,1106635416
911,7,731,4,1106635484
912,7,379,1,1106635444
913,7,116,4,1106635657
914,7,383,5,1106713565
915,7,392,2,1106712559
916,7,150,3,1106635625
917,7,165,5,1106635640
918,7,172,1,1106712553
919,7,173,3,1106635540
920,7,732,4,1113542732
921,7,400,2,1106635420
922,7,733,2,1106713072
923,7,734,1,1106713076
924,7,735,3,1106713081
925,7,402,4,1106635648
926,7,185,4,1106712546
927,7,736,4,1106635500
928,7,737,1,1106713005
929,7,422,4,1106712549
930,7,220,1,1106636534
931,7,738,1,1106712541
932,7,229,3,1106635630
933,7,739,5,1106635733
934,7,740,4,1106636596
935,7,741,2,1106635635
936,7,742,3,1161738301
937,7,743,4,1106712913
938,7,744,2,1106635742
939,7,447,2,1110855253
940,7,745,4,1106635524
941,7,746,0,1107127033
942,7,747,4,1106712869
943,7,748,1,1106635749
944,7,749,1,1109746591
945,7,750,1,1161738352
946,7,751,3,1106635738
947,7,752,4,1106636531
948,7,458,4,1106636718
949,7,753,4,1106636702
950,7,754,4,1106636589
951,7,755,4,1106636610
952,7,756,3,1106712866
953,7,757,3,1106636606
954,7,758,0,1106635735
955,7,759,4,1106636707
956,7,760,3,1106712820
957,7,761,3,1106636612
958,7,762,1,1106635745
959,7,763,5,1106713586
960,7,764,4,1106635705
961,7,765,4,1106636527
962,7,766,4,1106636600
963,7,767,4,1106712818
964,7,768,4,1106636516
965,7,769,4,1106712831
966,7,770,0,1157949714
967,7,771,4,1106636584
968,7,772,4,1106712827
969,7,773,2,1106712812
970,7,774,4,1106636579
971,7,775,4,1106636520
972,7,776,3,1173051472
973,7,777,4,1107473963
974,7,778,4,1106713442
975,7,779,3,1106636782
976,7,780,2,1106636592
977,7,781,2,1108602792
978,7,782,4,1106636844
979,7,783,4,1106636511
980,7,784,3,1108602755
981,7,785,1,1106779625
982,7,786,1,1161738306
983,7,236,4,1106636602
984,7,787,1,1109746594
985,7,788,1,1106713549
986,7,789,3,1118025961
987,7,790,1,1110757877
988,7,791,4,1122333561
989,7,792,4,1110757890
990,7,793,4,1106636098
991,7,794,3,1110173697
992,7,795,4,1106636064
993,7,796,1,1106636095
994,7,797,2,1106636069
995,7,798,2,1111552650
996,7,799,4,1106636101
997,7,800,3,1107474020
998,7,801,3,1113353083
999,7,802,2,1107127004
1000,7,803,3,1118025982
1001,7,804,2,1118025946
1002,7,805,1,1122940686
1003,7,806,2,1118026013
1004,7,807,3,1128486479
1005,7,808,3,1116550784
1006,7,809,1,1121041079
1007,7,810,2,1121041002
1008,7,811,1,1125442102
1009,7,812,3,1121041015
1010,7,813,4,1122333538
1011,7,814,3,1162163504
1012,7,815,3,1149548381
1013,7,816,4,1144806100
1014,7,817,4,1157949636
1015,7,818,4,1157066190
1016,7,819,1,1159225196
1017,7,820,0,1161738279
1018,7,821,1,1157949732
1019,7,238,1,1169687318
1020,7,822,4,1162163488
1021,7,823,2,1174263740
1022,7,824,4,1165876367
1023,7,825,3,1174263775
1024,7,826,0,1176181731
1025,7,827,3,1173051469
1026,8,482,4,839463806
1027,8,487,2,839463509
1028,8,488,4,839463806
1029,8,292,4,839463564
1030,8,293,3,839463624
1031,8,461,5,839463546
1032,8,463,3,839463644
1033,8,4,4,839463546
1034,8,5,5,839463644
1035,8,8,3,839463527
1036,8,525,3,839464076
1037,8,464,4,839463422
1038,8,465,2,839463451
1039,8,540,5,839463509
1040,8,541,4,839463856
1041,8,550,3,839463509
1042,8,14,4,839463470
1043,8,15,3,839464076
1044,8,561,3,839463767
1045,8,569,3,839463856
1046,8,466,5,839463509
1047,8,584,3,839463767
1048,8,588,3,839463489
1049,8,17,4,839463422
1050,8,598,3,839463644
1051,8,233,5,839463489
1052,8,605,3,839463509
1053,8,21,3,839463527
1054,8,314,5,839463767
1055,8,472,5,839463546
1056,8,23,3,839463564
1057,8,622,4,839463644
1058,8,473,5,839463422
1059,8,633,1,839463702
1060,8,637,3,839463728
1061,8,639,4,839463546
1062,8,26,3,839463489
1063,8,27,4,839463527
1064,8,28,2,839463624
1065,8,29,5,839463728
1066,8,322,3,839463728
1067,8,828,3,839463702
1068,8,671,3,839463702
1069,8,33,5,839463422
1070,8,34,3,839463422
1071,8,35,4,839463470
1072,8,481,3,839463728
1073,9,499,3,1044656650
1074,9,829,3,1044657119
1075,9,13,4,1044656650
1076,9,620,3,1044656716
1077,9,830,3,1044657102
1078,9,831,4,1044657026
1079,9,46,5,1044657026
1080,9,832,2,1044656650
1081,9,833,4,1044657088
1082,9,71,5,1044656716
1083,9,86,5,1044657088
1084,9,834,4,1044656650
1085,9,835,2,1044656716
1086,9,836,3,1044657200
1087,9,120,4,1044657237
1088,9,837,3,1044656650
1089,9,838,5,1044657072
1090,9,839,3,1044657221
1091,9,840,2,1044656716
1092,9,841,2,1044656650
1093,9,842,3,1044656650
1094,9,843,3,1044657051
1095,9,844,1,1044657221
1096,9,845,1,1044656650
1097,9,754,5,1044657051
1098,9,756,4,1044656811
1099,9,758,3,1044656811
1100,9,759,4,1044656792
1101,9,846,4,1044656836
1102,9,847,4,1044656836
1103,9,848,5,1044656836
1104,9,849,1,1044656836
1105,9,850,1,1044657318
1106,9,851,3,1044657269
1107,9,852,3,1044656962
1108,9,853,4,1044656792
1109,9,854,1,1044657318
1110,9,855,4,1044657144
1111,9,856,5,1044656934
1112,9,765,5,1044656908
1113,9,857,4,1044656962
1114,9,858,1,1044657338
1115,9,859,4,1044657185
1116,9,860,2,1044657269
1117,9,861,4,1044657072
1118,9,862,2,1044657285
1119,10,17,1,1455303387
1120,10,21,3,1455301685
1121,10,323,4,1455306173
1122,10,481,3,1455357645
1123,10,336,4,1455302254
1124,10,863,0,1455306152
1125,10,864,3,1455619275
1126,10,865,3,1455303518
1127,10,866,3,1455357613
1128,10,730,3,1455301699
1129,10,376,4,1455306183
1130,10,167,0,1455356378
1131,10,732,3,1455357517
1132,10,402,0,1455356388
1133,10,185,1,1455356578
1134,10,193,0,1455356582
1135,10,220,4,1455356591
1136,10,867,3,1455398344
1137,10,447,3,1455302676
1138,10,745,4,1455356595
1139,10,868,4,1455398321
1140,10,754,4,1455356385
1141,10,755,4,1455301798
1142,10,869,3,1455399329
1143,10,870,3,1455301898
1144,10,871,3,1455357578
1145,10,872,3,1455303078
1146,10,765,4,1455356588
1147,10,873,3,1455397999
1148,10,874,3,1455357557
1149,10,875,3,1455303070
1150,10,876,3,1455306101
1151,10,877,4,1455398379
1152,10,878,4,1455301621
1153,10,879,4,1455399533
1154,10,880,3,1455302670
1155,10,775,4,1455356347
1156,10,881,4,1455399087
1157,10,882,4,1455303046
1158,10,883,3,1455402085
1159,10,884,4,1455303057
1160,10,885,3,1455399289
1161,10,886,5,1455356656
1162,10,887,3,1455398107
1163,10,888,5,1455301847
1164,10,783,3,1455356713
1165,10,784,3,1455356327
1166,10,787,3,1455397936
1167,10,889,5,1455303064
1168,10,795,2,1455302401
1169,10,890,3,1455302697
1170,10,797,1,1455398160
1171,10,891,3,1455398096
1172,10,892,2,1455357527
1173,10,893,4,1455357602
1174,10,894,3,1455398153
1175,10,895,3,1455357626
1176,10,810,5,1455302031
1177,10,896,3,1455356796
1178,10,897,4,1455301745
1179,10,898,2,1455301854
1180,10,899,3,1455401876
1181,10,824,5,1455302162
1182,10,826,5,1455357502
1183,10,900,3,1455356357
1184,10,901,4,1455359663
1185,10,902,1,1455399396
1186,10,903,3,1455356320
1187,10,904,3,1455301825
1188,10,905,3,1455357531
1189,10,906,3,1455302791
1190,10,239,4,1455302113
1191,10,907,2,1455357564
1192,10,908,2,1455398002
1193,10,909,3,1455302689
1194,10,910,2,1455301965
1195,10,911,2,1455398339
1196,10,912,3,1455302183
1197,10,913,4,1455356863
1198,10,914,0,1455357607
1199,10,915,3,1455357596
1200,10,916,4,1455304158
1201,10,917,4,1455302747
1202,10,918,3,1455399200
1203,10,919,3,1455357636
1204,10,920,0,1455398141
1205,10,921,5,1455301869
1206,10,922,2,1455301741
1207,10,923,3,1455399573
1208,10,924,3,1455356987
1209,10,925,3,1455301822
1210,10,926,3,1455398131
1211,10,927,2,1455356351
1212,10,928,3,1455356691
1213,10,929,3,1455357541
1214,10,930,2,1455302684
1215,10,931,3,1455356988
1216,10,932,5,1455306124
1217,10,933,3,1455399347
1218,10,934,2,1455357716
1219,10,935,5,1455302591
1220,10,936,3,1455399313
1221,10,937,3,1455357720
1222,10,938,2,1455398390
1223,10,939,3,1455357730
1224,10,940,3,1455398396
1225,10,941,3,1455306257
1226,10,942,4,1455357504
1227,10,943,3,1455399281
1228,10,944,3,1455356990
1229,10,250,5,1455302120
1230,10,945,5,1455301553
1231,10,946,4,1455357387
1232,10,947,4,1455398177
1233,10,948,4,1455356885
1234,10,949,3,1455398127
1235,10,950,3,1455399376
1236,10,951,5,1455302172
1237,10,952,0,1455301892
1238,10,953,1,1455398105
1239,10,954,3,1455356994
1240,10,955,4,1455398111
1241,10,956,4,1455356177
1242,10,957,4,1455357653
1243,10,958,2,1455399232
1244,10,959,3,1455357076
1245,10,960,4,1455306204
1246,10,253,1,1455398089
1247,10,961,2,1455399188
1248,10,962,0,1455302315
1249,10,254,0,1455398092
1250,10,963,4,1455357656
1251,10,964,4,1455398144
1252,10,965,4,1455357698
1253,10,966,4,1455398275
1254,10,967,1,1455302650
1255,10,968,3,1455357384
1256,10,969,5,1455302192
1257,10,970,4,1455356898
1258,10,971,5,1455356776
1259,11,3,5,902154266
1260,11,487,3,902154316
1261,11,462,4,902155135
1262,11,972,2,902154593
1263,11,516,3,902154458
1264,11,8,5,902154266
1265,11,464,5,902154266
1266,11,465,3,902154593
1267,11,532,3,902154567
1268,11,534,4,902154621
1269,11,550,3,902154706
1270,11,588,4,902154383
1271,11,233,4,902155070
1272,11,20,5,902154342
1273,11,21,5,901200263
1274,11,315,3,904510567
1275,11,973,2,902154684
1276,11,622,3,902154431
1277,11,473,4,902154431
1278,11,634,3,902154685
1279,11,26,5,902154316
1280,11,643,3,902154805
1281,11,475,4,902154431
1282,11,27,4,902154383
1283,11,652,3,902154805
1284,11,974,4,902154514
1285,11,975,5,902155043
1286,11,479,4,902154266
1287,11,35,5,902155102
1288,11,38,4,902154514
1289,11,41,4,902154431
1290,11,42,4,902154542
1291,11,43,4,902154487
1292,11,976,3,902154621
1293,11,725,5,901200233
1294,11,74,4,902154266
1295,11,977,4,902155136
1296,11,978,3,902154383
1297,11,979,3,902154542
1298,11,362,1,902154685
1299,11,95,5,902154383
1300,11,980,3,902154647
1301,11,981,4,902154431
1302,11,100,4,902154458
1303,11,101,3,902154542
1304,11,727,5,902155136
1305,11,982,4,902154487
1306,11,365,4,902154487
1307,11,983,4,902154647
1308,11,984,4,902154316
1309,11,985,3,902154542
1310,11,986,3,902154647
1311,11,987,5,902155102
1312,11,234,4,902155102
1313,11,988,5,902154989
1314,11,730,5,902155043
1315,11,989,4,901200111
1316,11,990,2,901200143
1317,11,731,4,901200037
1318,11,991,4,901200070
1319,11,379,4,904510428
1320,11,992,2,902154383
1321,11,993,3,904510428
1322,11,122,5,902153951
1323,12,463,4,1247264471
1324,12,533,5,1247264411
1325,12,305,5,1247263465
1326,12,571,5,1247263375
1327,12,467,4,1247263357
1328,12,581,3,1247263371
1329,12,314,3,1247264106
1330,12,30,3,1247263318
1331,12,699,4,1247263452
1332,12,702,5,1247264096
1333,12,337,4,1247264114
1334,12,85,3,1247264118
1335,12,994,5,1247263404
1336,12,995,3,1247263395
1337,12,988,5,1247264463
1338,12,996,3,1247263334
1339,12,997,5,1247263670
1340,12,998,3,1247263337
1341,12,999,3,1247263495
1342,12,1000,5,1247264406
1343,12,1001,5,1247263689
1344,12,1002,5,1247263444
1345,12,1003,4,1247263398
1346,12,735,5,1247263428
1347,12,1004,5,1247264220
1348,12,431,4,1247263471
1349,12,743,4,1247264420
1350,12,871,4,1247264417
1351,12,878,5,1247264138
1352,12,888,5,1247264151
1353,12,896,5,1247264192
1354,12,913,5,1247264457
1355,13,4,5,987895819
1356,13,1005,1,987456968
1357,13,481,3,987456968
1358,13,1006,3,987457052
1359,13,71,5,987456848
1360,13,1007,4,987457086
1361,13,1008,3,987895819
1362,13,1009,4,987456818
1363,13,988,4,987456818
1364,13,386,3,987456968
1365,13,142,3,987456818
1366,13,1010,2,987456818
1367,13,167,5,987457007
1368,13,1011,4,987895952
1369,13,1012,2,987895720
1370,13,1013,3,987895651
1371,13,220,5,987895902
1372,13,1014,4,987895902
1373,13,1015,3,987895952
1374,13,1016,4,987895902
1375,13,229,4,987895902
1376,13,1017,4,987895720
1377,13,1018,4,987895952
1378,13,1019,4,987896183
1379,13,1020,3,987895651
1380,13,429,4,987895582
1381,13,1021,3,987895651
1382,13,741,3,987895952
1383,13,432,5,987895902
1384,13,1022,5,987895651
1385,13,1023,4,987895720
1386,14,483,3,835441653
1387,14,485,3,835441989
1388,14,493,1,835441168
1389,14,496,4,835441394
1390,14,293,4,835441168
1391,14,463,3,835441186
1392,14,4,5,835441133
1393,14,516,5,835441295
1394,14,520,3,835441371
1395,14,8,5,835441107
1396,14,464,4,835440977
1397,14,465,2,835441012
1398,14,1024,3,835441371
1399,14,14,3,835441042
1400,14,468,5,835441168
1401,14,584,5,835441239
1402,14,585,4,835441107
1403,14,17,3,835440978
1404,14,233,3,835441042
1405,14,604,5,835441239
1406,14,605,4,835441066
1407,14,471,2,835441012
1408,14,313,3,835441686
1409,14,21,4,835441239
1410,14,23,1,835441210
1411,14,973,4,835441620
1412,14,622,3,835441328
1413,14,626,4,835441729
1414,14,634,4,835441066
1415,14,1025,3,835442201
1416,14,640,3,835441812
1417,14,647,4,835441578
1418,14,27,3,835441262
1419,14,651,3,835441672
1420,14,657,3,835441558
1421,14,320,5,835441347
1422,14,661,3,835442007
1423,14,29,3,835441371
1424,14,322,4,835441415
1425,14,665,3,835441794
1426,14,31,3,835441558
1427,14,32,4,835441239
1428,14,828,3,835441451
1429,14,33,4,835440977
1430,14,34,2,835440976
1431,14,35,4,835441086
1432,14,481,3,835441431
1433,14,1026,1,835442447
1434,15,1,2,1510577970
1435,15,972,1,1299424916
1436,15,4,3,1510571970
1437,15,528,1,1299424840
1438,15,1027,1,1299424762
1439,15,571,3,1299425021
1440,15,16,5,1510571946
1441,15,589,3,1510571962
1442,15,17,4,1510571877
1443,15,233,5,1510571866
1444,15,613,1,1299425002
1445,15,21,5,1510571873
1446,15,472,3,1510577958
1447,15,29,5,1510571982
1448,15,323,3,1510577985
1449,15,479,5,1510572012
1450,15,36,2,1510578088
1451,15,43,3,1510572881
1452,15,264,2,1299425064
1453,15,1028,4,1510571941
1454,15,69,5,1510572645
1455,15,71,4,1510571989
1456,15,1029,5,1510572775
1457,15,74,5,1510572653
1458,15,76,5,1510572684
1459,15,82,4,1510572646
1460,15,85,3,1510572001
1461,15,86,5,1510571953
1462,15,1030,3,1299425144
1463,15,1031,3,1510572660
1464,15,1032,4,1510572798
1465,15,1033,2,1299424890
1466,15,1034,5,1299424826
1467,15,836,5,1510572060
1468,15,120,4,1510572114
1469,15,122,3,1510571984
1470,15,1035,3,1510578011
1471,15,1036,1,1510578050
1472,15,387,5,1299425040
1473,15,1037,2,1299424998
1474,15,148,4,1510572005
1475,15,167,4,1510571744
1476,15,402,3,1510571764
1477,15,185,4,1510571751
1478,15,188,4,1510572872
1479,15,193,2,1510571747
1480,15,204,5,1510571797
1481,15,1038,5,1510573324
1482,15,1039,4,1510572526
1483,15,1040,5,1299425097
1484,15,1041,3,1510572486
1485,15,1042,4,1299425208
1486,15,220,5,1510571768
1487,15,221,1,1299425200
1488,15,1016,3,1510571680
1489,15,278,4,1510572144
1490,15,742,3,1510571677
1491,15,743,4,1299425113
1492,15,1043,3,1510572048
1493,15,445,1,1510571774
1494,15,745,3,1510577965
1495,15,747,4,1510573239
1496,15,1044,5,1510571736
1497,15,752,3,1510577956
1498,15,754,3,1510571754
1499,15,755,5,1510571789
1500,15,759,4,1510571793
1501,15,763,3,1510578001
1502,15,765,3,1510571759
1503,15,1045,2,1510577982
1504,15,766,5,1510571938
1505,15,876,3,1510577979
1506,15,1046,3,1510571682
1507,15,235,3,1510572077
1508,15,1047,3,1510572802
1509,15,1048,3,1510572163
1510,15,779,2,1510578083
1511,15,1049,3,1510572823
1512,15,795,2,1510577973
1513,15,809,5,1510572900
1514,15,1050,4,1510572550
1515,15,1051,3,1510573220
1516,15,1052,4,1510572075
1517,15,1053,3,1510577962
1518,15,1054,3,1510572810
1519,15,239,2,1510571886
1520,15,1055,2,1510572096
1521,15,1056,3,1510577951
1522,15,1057,3,1510578158
1523,15,1058,4,1510572137
1524,15,1059,3,1510572824
1525,15,916,3,1510577953
1526,15,1060,4,1299425345
1527,15,1061,3,1510572656
1528,15,1062,4,1510578034
1529,15,1063,2,1510578103
1530,15,927,3,1510572052
1531,15,245,3,1510571930
1532,15,1064,5,1510572834
1533,15,1065,4,1510573398
1534,15,1066,3,1510572833
1535,15,1067,2,1510572842
1536,15,1068,3,1510573214
1537,15,250,2,1510571987
1538,15,1069,3,1510572894
1539,15,1070,3,1510572815
1540,15,953,4,1510572473
1541,15,252,1,1510571958
1542,15,1071,4,1510572902
1543,15,1072,3,1510573234
1544,15,1073,4,1510572095
1545,15,1074,4,1510572616
1546,15,962,2,1510572056
1547,15,254,4,1510571878
1548,15,1075,1,1510573153
1549,15,1076,4,1510572026
1550,15,1077,4,1510572466
1551,15,1078,1,1510571973
1552,15,1079,2,1510572159
1553,15,257,2,1510572009
1554,15,1080,2,1510573154
1555,15,258,2,1510572126
1556,15,1081,5,1510572679
1557,15,1082,2,1510571949
1558,15,1083,2,1510572670
1559,15,1084,1,1510573305
1560,15,1085,4,1510571883
1561,15,1086,4,1510572481
1562,15,1087,3,1510572581
1563,15,1088,5,1510572535
1564,15,1089,3,1510578039
1565,15,1090,3,1510578028
1566,15,1091,3,1510572512
1567,15,1092,5,1510572789
1568,15,1093,3,1510572516
1569,16,4,3,1377477814
1570,16,5,4,1377476781
1571,16,1094,4,1377477446
1572,16,547,2,1377476617
1573,16,16,3,1377476936
1574,16,589,4,1377477870
1575,16,17,3,1377477302
1576,16,233,4,1377476766
1577,16,309,4,1377476675
1578,16,21,3,1377477951
1579,16,29,4,1377476787
1580,16,1095,4,1377477340
1581,16,35,3,1377476977
1582,16,37,4,1377477406
1583,16,1096,4,1377477470
1584,16,1097,4,1377476943
1585,16,723,4,1377476825
1586,16,264,4,1377476589
1587,16,1028,2,1377476772
1588,16,333,3,1377476805
1589,16,336,3,1377476810
1590,16,1098,4,1377477016
1591,16,46,3,1377477349
1592,16,63,4,1377477608
1593,16,68,4,1377476972
1594,16,1099,4,1377477315
1595,16,1100,4,1377476909
1596,16,1101,3,1377476649
1597,16,350,2,1377476656
1598,16,1102,4,1377476813
1599,16,69,3,1377476993
1600,16,70,4,1377477008
1601,16,71,3,1377476852
1602,16,351,5,1377477911
1603,16,1103,3,1377477410
1604,16,352,4,1377476856
1605,16,1104,4,1377476891
1606,16,73,4,1377477450
1607,16,75,3,1377476956
1608,16,76,4,1377477839
1609,16,77,3,1377477594
1610,16,79,4,1377477957
1611,16,1105,4,1377477855
1612,16,1106,4,1377477576
1613,16,865,4,1377477535
1614,16,1107,4,1377476948
1615,16,1108,4,1377476887
1616,16,1109,4,1377476629
1617,16,1110,4,1377477387
1618,16,1111,4,1377477457
1619,16,1112,3,1377477580
1620,16,1113,4,1377477583
1621,16,104,3,1377477542
1622,16,1114,3,1377476680
1623,16,234,3,1377477954
1624,16,383,4,1377476792
1625,16,385,3,1377476690
1626,16,148,3,1377477278
1627,16,157,1,1377476573
1628,16,1115,3,1377476611
1629,16,167,3,1377476921
1630,16,174,3,1377476582
1631,16,1116,3,1377476693
1632,16,1117,3,1377476594
1633,16,402,3,1377477612
1634,16,185,3,1377476998
1635,16,193,3,1377476874
1636,16,1118,4,1377477521
1637,16,1119,3,1377477000
1638,16,1120,4,1377476635
1639,16,1121,3,1377476640
1640,16,1122,3,1377477379
1641,16,1123,4,1377477908
1642,16,1124,4,1377477903
1643,16,278,4,1377477886
1644,16,433,3,1377476669
1645,16,1022,3,1377477891
1646,16,445,4,1377476925
1647,16,1125,3,1377477936
1648,16,1126,4,1377476860
1649,16,754,3,1377477289
1650,16,763,4,1377476877
1651,16,1127,4,1377477435
1652,16,765,3,1377477424
1653,16,1045,4,1377477298
1654,16,1128,3,1377477637
1655,16,1129,3,1377477464
1656,16,775,3,1377477293
1657,16,1130,3,1377477402
1658,16,1131,4,1377477684
1659,16,1132,4,1377477507
1660,16,1133,4,1377477809
1661,16,239,4,1377476817
1662,16,1056,4,1377477834
1663,16,916,4,1377477654
1664,16,1134,4,1377477830
1665,16,245,3,1377476916
1666,16,250,4,1377477940
1667,17,1,4,1305696483
1668,17,972,3,1305696245
1669,17,4,4,1307262715
1670,17,5,4,1305697013
1671,17,8,4,1305696470
1672,17,1094,4,1326943208
1673,17,464,3,1305696497
1674,17,16,5,1305696468
1675,17,589,3,1307262308
1676,17,17,5,1305696455
1677,17,233,5,1305696465
1678,17,21,5,1305696457
1679,17,27,4,1305696463
1680,17,29,4,1305696664
1681,17,1095,3,1322628857
1682,17,479,4,1305696475
1683,17,33,4,1305696492
1684,17,34,4,1305696480
1685,17,35,4,1305696461
1686,17,723,4,1307262443
1687,17,43,4,1305696486
1688,17,1028,5,1305696683
1689,17,331,3,1305696265
1690,17,333,4,1307262274
1691,17,335,3,1305696226
1692,17,57,4,1305696325
1693,17,1135,4,1305696741
1694,17,63,4,1307262280
1695,17,64,4,1322629080
1696,17,266,4,1305696318
1697,17,976,3,1305696352
1698,17,1102,4,1305696771
1699,17,69,5,1305696635
1700,17,70,3,1305696774
1701,17,71,4,1305696619
1702,17,1103,5,1305696878
1703,17,72,5,1322628945
1704,17,1136,3,1307262267
1705,17,74,5,1305696490
1706,17,75,4,1305696699
1707,17,1137,4,1305696752
1708,17,79,4,1305696870
1709,17,1138,4,1326943248
1710,17,1139,4,1305696795
1711,17,82,5,1305696931
1712,17,1107,4,1307262291
1713,17,84,4,1322628838
1714,17,356,4,1305696786
1715,17,268,4,1305696254
1716,17,86,4,1305696846
1717,17,90,4,1305696691
1718,17,977,3,1322629202
1719,17,1140,3,1305696232
1720,17,995,4,1305696277
1721,17,364,3,1322629229
1722,17,109,5,1322629209
1723,17,117,4,1305696313
1724,17,119,4,1305696258
1725,17,383,3,1307262285
1726,17,122,4,1305696726
1727,17,1141,4,1305696788
1728,17,148,4,1305696670
1729,17,163,4,1322629245
1730,17,167,5,1305696756
1731,17,735,3,1305696306
1732,17,402,4,1305696835
1733,17,185,4,1322628761
1734,17,193,4,1305696867
1735,17,1142,4,1305696285
1736,17,204,4,1322629233
1737,17,1143,4,1305696358
1738,17,1144,3,1307262260
1739,17,424,4,1305696721
1740,17,1145,4,1307262300
1741,17,224,3,1305696292
1742,17,278,4,1322629083
1743,17,445,4,1305696762
1744,17,1146,4,1305696310
1745,17,754,4,1305696817
1746,17,763,5,1322628751
1747,17,1127,4,1305696779
1748,17,765,5,1305696823
1749,17,1045,4,1326943200
1750,17,1147,4,1322628668
1751,17,1128,5,1322628881
1752,17,1148,3,1322629189
1753,17,1129,5,1322628786
1754,17,775,4,1305696820
1755,17,1149,4,1305696864
1756,17,1132,4,1322628790
1757,17,1150,4,1322629178
1758,17,810,4,1305696851
1759,17,1133,4,1322629142
1760,17,238,4,1305696748
1761,17,239,4,1305696675
1762,17,1056,3,1305696839
1763,17,1151,3,1322629112
1764,17,241,4,1305696894
1765,17,1152,4,1322629267
1766,17,244,3,1307262449
1767,17,1134,4,1305696624
1768,17,245,4,1305696716
1769,17,1153,4,1305696734
1770,17,1154,3,1305696681
1771,17,1155,4,1305696644
1772,18,1,3,1455209816
1773,18,482,3,1455617462
1774,18,3,4,1460138360
1775,18,491,4,1461311583
1776,18,293,4,1455209840
1777,18,461,2,1455617533
1778,18,462,4,1455617478
1779,18,4,4,1455050013
1780,18,5,5,1455049343
1781,18,6,3,1455735732
1782,18,519,2,1455748792
1783,18,8,4,1455050170
1784,18,1094,4,1458516249
1785,18,526,3,1456864434
1786,18,11,4,1455748933
1787,18,532,4,1455209902
1788,18,538,4,1455617692
1789,18,550,3,1455617516
1790,18,13,4,1455617470
1791,18,14,2,1455748462
1792,18,15,4,1455529905
1793,18,16,4,1455049368
1794,18,585,4,1455617466
1795,18,589,4,1455050049
1796,18,17,4,1455050745
1797,18,233,5,1455049328
1798,18,600,4,1455231677
1799,18,604,4,1455748833
1800,18,471,2,1455209869
1801,18,21,4,1455050112
1802,18,472,3,1455209887
1803,18,23,2,1455618093
1804,18,619,3,1455748940
1805,18,621,2,1455617791
1806,18,622,2,1455209879
1807,18,473,2,1455209846
1808,18,1156,4,1462138790
1809,18,635,2,1459946774
1810,18,1157,3,1455748803
1811,18,26,3,1477432493
1812,18,643,2,1459946776
1813,18,27,3,1455209811
1814,18,28,3,1455618095
1815,18,655,2,1456864767
1816,18,657,4,1455749987
1817,18,29,4,1455050006
1818,18,1095,4,1456745325
1819,18,1158,4,1504907725
1820,18,828,3,1455748696
1821,18,323,3,1455209912
1822,18,479,4,1455209793
1823,18,33,4,1455209837
1824,18,35,4,1455050067
1825,18,324,3,1455209900
1826,18,37,4,1455050069
1827,18,675,3,1459495567
1828,18,38,3,1455209873
1829,18,1159,3,1456955524
1830,18,40,3,1455735781
1831,18,1097,4,1460242118
1832,18,1160,4,1455050179
1833,18,43,4,1455209824
1834,18,1026,2,1455735643
1835,18,264,3,1455735861
1836,18,1028,4,1455050024
1837,18,333,4,1455050080
1838,18,334,4,1455748398
1839,18,1098,4,1517525849
1840,18,45,4,1455748544
1841,18,46,5,1455059762
1842,18,724,4,1458516291
1843,18,1161,3,1456955800
1844,18,1135,4,1455618103
1845,18,1162,3,1455735783
1846,18,62,4,1455231152
1847,18,345,4,1473368992
1848,18,63,4,1455051391
1849,18,833,4,1502911292
1850,18,68,4,1455210625
1851,18,1100,4,1455050359
1852,18,1102,4,1517686025
1853,18,69,4,1455209805
1854,18,71,4,1455049377
1855,18,1103,5,1455051405
1856,18,352,5,1455050107
1857,18,72,4,1455050357
1858,18,1104,4,1455050736
1859,18,73,3,1455051397
1860,18,1136,5,1455050528
1861,18,74,4,1455209798
1862,18,1163,4,1455059742
1863,18,75,4,1455050000
1864,18,76,4,1455050629
1865,18,77,4,1455050177
1866,18,1137,5,1460242083
1867,18,79,4,1455050183
1868,18,1105,4,1455050616
1869,18,1164,4,1485097725
1870,18,1139,4,1455820726
1871,18,82,4,1455618100
1872,18,1165,4,1503000947
1873,18,726,4,1455618445
1874,18,865,4,1455050172
1875,18,1107,4,1457565435
1876,18,1108,4,1455059781
1877,18,86,4,1455748627
1878,18,87,3,1456745019
1879,18,1111,4,1456438623
1880,18,90,4,1455059809
1881,18,1166,4,1455231686
1882,18,978,3,1455748921
1883,18,271,4,1455617646
1884,18,1167,4,1456958429
1885,18,1140,3,1455231757
1886,18,362,3,1455529835
1887,18,364,4,1476901312
1888,18,99,2,1455748555
1889,18,1031,3,1455050095
1890,18,1168,3,1455735715
1891,18,102,3,1455748435
1892,18,984,3,1455735712
1893,18,104,4,1459375071
1894,18,106,3,1476823531
1895,18,1032,3,1455748777
1896,18,108,3,1455735650
1897,18,729,3,1455231395
1898,18,234,4,1455050003
1899,18,988,4,1455748443
1900,18,1169,4,1465468014
1901,18,109,4,1456958438
1902,18,730,3,1456672335
1903,18,113,3,1456956041
1904,18,374,4,1458679104
1905,18,731,3,1455748548
1906,18,991,3,1455735827
1907,18,1170,2,1456875333
1908,18,116,4,1455749673
1909,18,1171,4,1455050512
1910,18,118,4,1455529833
1911,18,1034,3,1455749721
1912,18,992,3,1456395560
1913,18,836,3,1455748634
1914,18,120,3,1455748610
1915,18,383,4,1455050114
1916,18,122,4,1455209855
1917,18,127,3,1476911164
1918,18,135,4,1455748562
1919,18,1172,3,1512850460
1920,18,1141,3,1464994625
1921,18,145,4,1456672532
1922,18,1037,3,1464907405
1923,18,147,4,1455748560
1924,18,392,4,1475001075
1925,18,148,4,1455209651
1926,18,1173,4,1455749696
1927,18,1174,3,1456958417
1928,18,1175,3,1455749718
1929,18,1176,3,1456875250
1930,18,1177,4,1455749756
1931,18,999,3,1455749739
1932,18,1178,3,1456864794
1933,18,160,3,1455529935
1934,18,1115,3,1504894686
1935,18,166,4,1456584499
1936,18,167,4,1455209654
1937,18,400,2,1455231399
1938,18,179,3,1455231448
1939,18,1179,3,1455231410
1940,18,402,4,1455209891
1941,18,1180,3,1455748728
1942,18,1181,4,1455735323
1943,18,1182,3,1456875367
1944,18,193,4,1455049351
1945,18,198,4,1455231386
1946,18,201,4,1455231506
1947,18,1183,4,1455231488
1948,18,204,4,1455231412
1949,18,209,3,1512850503
1950,18,1184,3,1456864683
1951,18,1185,4,1455617700
1952,18,1186,4,1476393345
1953,18,220,4,1455209857
1954,18,1145,4,1455735337
1955,18,224,3,1457382557
1956,18,1187,3,1455529841
1957,18,1188,2,1455231603
1958,18,229,4,1464994762
1959,18,1189,4,1504894830
1960,18,278,4,1455529881
1961,18,742,2,1455231481
1962,18,1190,4,1504731757
1963,18,1022,4,1456958432
1964,18,445,4,1455231390
1965,18,446,4,1476901503
1966,18,1191,4,1456772015
1967,18,745,4,1455209697
1968,18,1192,4,1455735349
1969,18,1193,4,1486846015
1970,18,748,3,1456395471
1971,18,1194,3,1457005711
1972,18,1195,3,1456919460
1973,18,752,4,1455209685
1974,18,458,3,1456923934
1975,18,753,4,1455209694
1976,18,1126,4,1455209683
1977,18,754,4,1455209675
1978,18,755,4,1455209718
1979,18,1196,4,1456744749
1980,18,1197,4,1516054115
1981,18,756,4,1455209763
1982,18,1198,3,1455050827
1983,18,757,4,1456923908
1984,18,1199,4,1455749029
1985,18,759,4,1455209691
1986,18,760,2,1455050758
1987,18,761,4,1458669462
1988,18,848,3,1455050806
1989,18,1200,3,1455050917
1990,18,1201,4,1455821517
1991,18,1202,3,1456919349
1992,18,1203,4,1455617626
1993,18,764,3,1456923936
1994,18,1204,3,1456832424
1995,18,1205,2,1455231780
1996,18,765,3,1455209677
1997,18,857,4,1455050816
1998,18,766,4,1455209729
1999,18,1206,4,1455735416
2000,18,1207,3,1455049949
2001,18,1208,4,1500747595
2002,18,768,4,1464994734
2003,18,769,3,1455750315
2004,18,1209,3,1455049753
2005,18,876,4,1455049810
2006,18,1210,3,1455049758
2007,18,1211,4,1455617896
2008,18,770,3,1455050877
2009,18,771,4,1455049808
2010,18,1212,2,1455050951
2011,18,1213,3,1456919632
2012,18,1214,4,1534020896
2013,18,1215,4,1458669199
2014,18,772,3,1455049761
2015,18,1148,4,1456780831
2016,18,235,3,1455049814
2017,18,1216,0,1455050979
2018,18,773,3,1455750324
2019,18,1217,3,1486854151
2020,18,1218,4,1455049845
2021,18,775,4,1455049801
2022,18,1047,4,1455049744
2023,18,883,3,1455050834
2024,18,1219,3,1455655129
2025,18,1220,2,1455050932
2026,18,1221,3,1455049931
2027,18,1130,4,1456924036
2028,18,1222,3,1455049881
2029,18,1048,3,1455654949
2030,18,1223,3,1511639311
2031,18,1224,4,1492805510
2032,18,1225,4,1456859960
2033,18,779,3,1455654935
2034,18,1226,3,1455231973
2035,18,780,3,1456923938
2036,18,1227,2,1455060196
2037,18,1049,3,1455049735
2038,18,784,4,1455749019
2039,18,1228,3,1466969253
2040,18,236,4,1455617710
2041,18,1229,3,1455049936
2042,18,1230,4,1455049893
2043,18,793,3,1455050859
2044,18,794,4,1466969258
2045,18,795,3,1455209724
2046,18,799,3,1455049865
2047,18,1231,3,1456744938
2048,18,1232,3,1485297353
2049,18,1233,2,1476814266
2050,18,1234,4,1456859906
2051,18,1132,3,1455050621
2052,18,1235,3,1456958283
2053,18,1236,4,1526159893
2054,18,1237,4,1455050800
2055,18,801,4,1455050855
2056,18,893,2,1455049910
2057,18,1238,3,1492805550
2058,18,807,3,1455654945
2059,18,1239,3,1455050852
2060,18,1240,3,1455655026
2061,18,810,4,1455050618
2062,18,1241,3,1455049954
2063,18,1242,3,1455231107
2064,18,1243,3,1455051042
2065,18,1244,4,1455231182
2066,18,1245,1,1455050989
2067,18,1246,4,1455049923
2068,18,1247,4,1470061020
2069,18,814,4,1455050937
2070,18,1248,4,1455049942
2071,18,1249,4,1458593231
2072,18,897,4,1455050836
2073,18,1250,3,1455749359
2074,18,1251,4,1455050089
2075,18,1252,4,1455049886
2076,18,1253,4,1485646726
2077,18,1254,4,1455049870
2078,18,817,4,1455231957
2079,18,818,3,1455232017
2080,18,1255,4,1455049739
2081,18,1256,3,1455059798
2082,18,1257,1,1455749474
2083,18,1258,3,1455655111
2084,18,1259,4,1456859832
2085,18,1133,4,1455049848
2086,18,238,4,1455049826
2087,18,1052,4,1456958431
2088,18,1260,3,1457444465
2089,18,1053,3,1455059813
2090,18,1261,4,1521331921
2091,18,1262,4,1455821297
2092,18,900,3,1455049725
2093,18,1263,4,1457650649
2094,18,1264,3,1455231338
2095,18,1265,3,1521323641
2096,18,1266,2,1455749879
2097,18,1267,2,1455655099
2098,18,1268,3,1455232038
2099,18,1269,3,1455749279
2100,18,1270,3,1455232001
2101,18,903,4,1455050518
2102,18,1271,4,1469995045
2103,18,1272,3,1455231983
2104,18,1273,4,1476901520
2105,18,1274,4,1482355905
2106,18,1275,4,1459363622
2107,18,1276,4,1464994729
2108,18,1277,2,1456924845
2109,18,1278,3,1455749376
2110,18,1279,4,1455749164
2111,18,1280,3,1476902377
2112,18,1281,4,1455749828
2113,18,239,4,1455049372
2114,18,1055,4,1455618310
2115,18,1282,2,1455231357
2116,18,1283,4,1455749175
2117,18,1284,3,1455529605
2118,18,1285,2,1455749302
2119,18,1286,3,1455749277
2120,18,240,3,1455749449
2121,18,1287,3,1455749428
2122,18,1288,3,1455749413
2123,18,1289,4,1500585017
2124,18,1058,3,1455059693
2125,18,1151,3,1455749206
2126,18,1290,3,1455821116
2127,18,1291,4,1470088658
2128,18,1292,4,1456924733
2129,18,1293,4,1456770605
2130,18,1294,4,1455749814
2131,18,241,3,1455059756
2132,18,1295,4,1475188724
2133,18,1296,4,1455749310
2134,18,1152,3,1455231723
2135,18,916,4,1455749241
2136,18,1297,3,1455529969
2137,18,1298,4,1456772121
2138,18,1060,4,1455750175
2139,18,1299,3,1455749591
2140,18,1061,3,1455749255
2141,18,1300,4,1486073568
2142,18,1301,3,1455749513
2143,18,1302,4,1455618430
2144,18,922,3,1455749223
2145,18,291,3,1455529598
2146,18,927,4,1455749238
2147,18,928,4,1455749266
2148,18,1303,3,1478632335
2149,18,1304,3,1456750745
2150,18,1305,4,1456770625
2151,18,1306,3,1457445100
2152,18,243,4,1455050015
2153,18,1307,4,1456770638
2154,18,1308,3,1455051099
2155,18,1309,4,1476901606
2156,18,1310,3,1456924816
2157,18,1311,2,1456924918
2158,18,1312,4,1455051151
2159,18,1313,4,1455051202
2160,18,1314,3,1456750794
2161,18,1134,4,1456744760
2162,18,245,4,1455050059
2163,18,1315,3,1478366123
2164,18,1316,3,1456924960
2165,18,1317,3,1455750029
2166,18,1318,4,1455051182
2167,18,1319,3,1455749571
2168,18,246,4,1463686312
2169,18,1320,4,1463695521
2170,18,1321,3,1458581624
2171,18,1322,4,1459889871
2172,18,1323,4,1470173519
2173,18,1066,3,1478641446
2174,18,1324,3,1456924897
2175,18,1325,3,1455051197
2176,18,1326,4,1468877753
2177,18,1327,3,1455231363
2178,18,1328,4,1455051166
2179,18,1329,3,1457352482
2180,18,1330,3,1455051194
2181,18,1331,4,1455051109
2182,18,1067,4,1455050365
2183,18,1332,4,1511043515
2184,18,1333,3,1489780980
2185,18,1068,4,1455051164
2186,18,250,4,1455050185
2187,18,1334,4,1455051101
2188,18,251,3,1456770596
2189,18,1335,3,1466977156
2190,18,1336,2,1456750781
2191,18,1337,4,1521233253
2192,18,1338,4,1515532582
2193,18,1070,3,1455051188
2194,18,1339,4,1499621886
2195,18,1340,3,1455617979
2196,18,953,3,1455051126
2197,18,1341,4,1473004465
2198,18,1342,3,1517686559
2199,18,1343,4,1455051180
2200,18,252,4,1455051144
2201,18,1344,3,1465164460
2202,18,1345,4,1473004463
2203,18,1346,3,1457382480
2204,18,1347,4,1455051113
2205,18,1348,4,1513369638
2206,18,1349,3,1478381466
2207,18,1350,4,1478632286
2208,18,1351,3,1458585307
2209,18,1352,3,1456770932
2210,18,1353,3,1478366140
2211,18,1354,4,1455051107
2212,18,959,3,1455051122
2213,18,253,3,1471043729
2214,18,1355,4,1478631983
2215,18,1356,3,1457445060
2216,18,962,4,1455735216
2217,18,254,4,1455050087
2218,18,1075,3,1457382469
2219,18,1357,4,1455050010
2220,18,1076,3,1456744991
2221,18,1358,3,1466968168
2222,18,1359,4,1456614526
2223,18,1360,4,1456832692
2224,18,255,4,1455664748
2225,18,1078,4,1455618433
2226,18,256,3,1477511813
2227,18,1361,4,1466968153
2228,18,257,4,1455051411
2229,18,1362,4,1455050523
2230,18,1363,3,1456910057
2231,18,1364,4,1473004722
2232,18,1365,3,1483294684
2233,18,967,4,1457382413
2234,18,1081,4,1466366745
2235,18,1366,3,1457382463
2236,18,1367,4,1457382458
2237,18,1082,3,1460575806
2238,18,1368,4,1510946731
2239,18,1369,3,1468354075
2240,18,1084,4,1469816977
2241,18,1370,3,1510960358
2242,18,1371,3,1502901639
2243,18,1085,4,1456693665
2244,18,1086,3,1469994968
2245,18,1372,3,1477849300
2246,18,1373,3,1473351954
2247,18,1374,4,1456859803
2248,18,1375,4,1478124485
2249,18,1376,4,1486643850
2250,18,1377,4,1455060282
2251,18,1378,3,1466508318
2252,18,1379,4,1484169587
2253,18,1380,4,1455828926
2254,18,1381,4,1457551336
2255,18,1382,4,1485100437
2256,18,1383,4,1485100549
2257,18,1384,4,1493930228
2258,18,1385,3,1511651100
2259,18,1386,3,1513378355
2260,18,1387,3,1473361651
2261,18,1388,4,1499631585
2262,18,1389,3,1482346781
2263,18,1390,3,1493142085
2264,18,1391,3,1517508124
2265,18,1392,3,1534786448
2266,18,1093,4,1502218032
2267,18,1393,4,1493155981
2268,18,1394,4,1505599943
2269,18,1395,3,1513110715
2270,18,1396,4,1534007386
2271,18,1397,3,1534698700
2272,18,1398,4,1511101918
2273,18,1399,4,1534007332
2274,19,1,4,965705637
2275,19,482,3,965704331
2276,19,2,3,965707636
2277,19,485,2,965706657
2278,19,487,2,965709556
2279,19,1400,1,965705347
2280,19,489,3,965709102
2281,19,490,2,965710039
2282,19,493,2,965708339
2283,19,293,4,965703646
2284,19,461,4,965705661
2285,19,972,3,965710019
2286,19,4,3,965710720
2287,19,1401,1,965709172
2288,19,502,2,965702660
2289,19,1402,2,965708037
2290,19,506,2,965708217
2291,19,6,2,965704974
2292,19,511,2,965708059
2293,19,514,2,965712048
2294,19,518,1,965708653
2295,19,519,2,965706185
2296,19,1403,2,965706886
2297,19,1404,3,965708217
2298,19,523,3,965707637
2299,19,525,1,965706592
2300,19,465,2,965707889
2301,19,528,3,965709785
2302,19,531,2,965710914
2303,19,532,3,965711413
2304,19,534,3,965711598
2305,19,1405,1,965703997
2306,19,540,2,965704056
2307,19,541,2,965707724
2308,19,545,2,965703915
2309,19,550,2,965709832
2310,19,12,2,965707746
2311,19,13,3,965705917
2312,19,14,2,965706728
2313,19,15,4,965705784
2314,19,569,3,965706507
2315,19,466,3,965704952
2316,19,571,1,965703997
2317,19,573,3,965704033
2318,19,16,4,965704248
2319,19,578,1,965705240
2320,19,586,2,965706795
2321,19,587,2,965712018
2322,19,589,4,965710720
2323,19,1406,3,965708038
2324,19,18,2,965703785
2325,19,309,1,965710693
2326,19,1407,2,965708360
2327,19,1408,2,965705076
2328,19,600,2,965709622
2329,19,601,3,965705097
2330,19,602,2,965703973
2331,19,19,2,965706548
2332,19,1409,2,965703940
2333,19,605,3,965706365
2334,19,471,2,965706566
2335,19,312,2,965706276
2336,19,609,2,965712461
2337,19,313,2,965706045
2338,19,611,5,965711267
2339,19,21,2,965706045
2340,19,314,4,965706092
2341,19,22,2,965709622
2342,19,472,3,965709102
2343,19,618,2,965704974
2344,19,23,4,965704281
2345,19,315,3,965706636
2346,19,619,3,965707669
2347,19,1410,1,965706507
2348,19,621,2,965708038
2349,19,622,4,965711156
2350,19,623,3,965707419
2351,19,1411,2,965703885
2352,19,473,3,965707487
2353,19,1412,3,965705059
2354,19,474,2,965706683
2355,19,1413,2,965706886
2356,19,1414,2,965708098
2357,19,1415,3,965711481
2358,19,24,3,965711598
2359,19,1416,3,965712068
2360,19,633,3,965707983
2361,19,634,3,965709832
2362,19,635,2,965703973
2363,19,637,3,965706114
2364,19,1157,3,965703811
2365,19,638,2,965706907
2366,19,317,2,965706866
2367,19,640,2,965710092
2368,19,26,4,965710781
2369,19,643,3,965707518
2370,19,644,3,965706967
2371,19,646,2,965707518
2372,19,475,3,965710914
2373,19,27,2,965703785
2374,19,648,2,965707889
2375,19,1417,2,965707828
2376,19,650,2,965711106
2377,19,653,2,965711156
2378,19,654,3,965706045
2379,19,28,2,965706636
2380,19,1418,2,965703885
2381,19,1419,3,965707637
2382,19,660,2,965706795
2383,19,664,1,965707576
2384,19,322,3,965706839
2385,19,665,1,965711928
2386,19,1095,4,965703555
2387,19,666,2,965707983
2388,19,30,3,965706232
2389,19,667,2,965704079
2390,19,1420,5,965706163
2391,19,1421,2,965704355
2392,19,670,2,965706866
2393,19,828,3,965707079
2394,19,671,3,965706438
2395,19,323,3,965706337
2396,19,479,5,965710720
2397,19,34,5,965709445
2398,19,481,3,965706967
2399,19,672,2,965705362
2400,19,1422,3,965703785
2401,19,1423,2,965704056
2402,19,830,2,965711342
2403,19,677,2,965708098
2404,19,678,1,965712018
2405,19,38,3,965709656
2406,19,1159,2,965704331
2407,19,39,3,965709102
2408,19,1424,2,965703674
2409,19,40,1,965704355
2410,19,1425,4,965703973
2411,19,326,3,965706615
2412,19,685,2,965709172
2413,19,687,3,965709923
2414,19,688,2,965707724
2415,19,263,4,965708982
2416,19,1426,4,965705076
2417,19,41,3,965709534
2418,19,42,2,965709785
2419,19,1427,3,965711994
2420,19,1428,2,965707137
2421,19,1097,4,965708982
2422,19,1429,3,965709832
2423,19,690,1,965708038
2424,19,693,4,965709144
2425,19,1430,2,965706209
2426,19,1431,2,965703885
2427,19,1432,2,965710019
2428,19,695,3,965705040
2429,19,1433,1,965704375
2430,19,698,4,965707552
2431,19,1434,2,965706415
2432,19,699,2,965707016
2433,19,1435,2,965711184
2434,19,701,4,965706317
2435,19,703,1,965712018
2436,19,704,2,965705347
2437,19,264,2,965704033
2438,19,706,4,965706209
2439,19,1436,2,965710781
2440,19,1437,1,965705195
2441,19,708,2,965711873
2442,19,709,1,965707137
2443,19,1438,5,965710671
2444,19,333,5,965712377
2445,19,1439,3,965711014
2446,19,335,4,965705661
2447,19,1440,3,965705725
2448,19,1098,5,965712238
2449,19,1441,2,965706045
2450,19,1442,3,965706068
2451,19,724,3,965712377
2452,19,338,3,965710781
2453,19,1443,4,965710914
2454,19,1444,4,965705982
2455,19,1445,2,965710693
2456,19,1446,2,965708318
2457,19,714,3,965709445
2458,19,1447,3,965706728
2459,19,1161,3,965706866
2460,19,1448,2,965707419
2461,19,863,2,965706092
2462,19,56,2,965709622
2463,19,57,1,965709068
2464,19,832,1,965703940
2465,19,1449,3,965711308
2466,19,59,2,965709622
2467,19,341,3,965706795
2468,19,721,2,965708098
2469,19,61,4,965704248
2470,19,342,3,965703605
2471,19,343,4,965705725
2472,19,1450,2,965706389
2473,19,345,4,965710914
2474,19,63,3,965710671
2475,19,65,2,965711649
2476,19,66,5,965709282
2477,19,67,3,965709478
2478,19,1451,3,965703727
2479,19,68,3,965705588
2480,19,1100,4,965705539
2481,19,348,2,965712263
2482,19,1102,4,965702660
2483,19,69,4,965703555
2484,19,70,5,965705725
2485,19,71,5,965709394
2486,19,1029,3,965710693
2487,19,74,3,965709445
2488,19,76,4,965703555
2489,19,1452,3,965706068
2490,19,77,4,965704863
2491,19,1139,4,965705661
2492,19,1453,3,965705784
2493,19,82,4,965703605
2494,19,83,4,965705619
2495,19,1454,3,965705725
2496,19,84,2,965704863
2497,19,356,3,965705725
2498,19,85,4,965705677
2499,19,1110,3,965710521
2500,19,1455,4,965705942
2501,19,86,4,965703583
2502,19,88,4,965704863
2503,19,1456,5,965706185
2504,19,90,5,965709426
2505,19,1457,4,965706140
2506,19,866,3,965705962
2507,19,1458,2,965705443
2508,19,1459,2,965705263
2509,19,1460,2,965705240
2510,19,1461,3,965704881
2511,19,1462,2,965705040
2512,19,1463,2,965704952
2513,19,1464,3,965704931
2514,19,1465,2,965705137
2515,19,1030,2,965704974
2516,19,1466,2,965711649
2517,19,1166,3,965709478
2518,19,1467,3,965707983
2519,19,1468,1,965706615
2520,19,271,3,965709622
2521,19,1469,5,965703698
2522,19,1470,1,965703973
2523,19,1167,5,965709478
2524,19,1140,3,965703853
2525,19,1471,4,965703698
2526,19,93,3,965706683
2527,19,1472,3,965707419
2528,19,1473,2,965707828
2529,19,1474,3,965706839
2530,19,362,3,965703997
2531,19,1475,3,965705619
2532,19,94,3,965703627
2533,19,995,2,965707101
2534,19,1476,3,965704952
2535,19,1477,3,965707769
2536,19,1478,1,965712068
2537,19,1479,3,965706438
2538,19,1480,2,965706185
2539,19,1481,3,965706728
2540,19,1482,3,965707769
2541,19,1483,2,965707137
2542,19,1484,3,965711598
2543,19,1485,3,965707044
2544,19,1486,2,965709204
2545,19,1487,1,965711994
2546,19,98,2,965705962
2547,19,99,3,965705845
2548,19,1031,5,965703811
2549,19,1488,2,965706232
2550,19,1168,1,965704033
2551,19,1489,2,965706866
2552,19,1490,2,965710019
2553,19,100,3,965709622
2554,19,1491,1,965712048
2555,19,1492,1,965710092
2556,19,1493,4,965706297
2557,19,1494,3,965706683
2558,19,101,4,965703727
2559,19,102,2,965703698
2560,19,1495,3,965704375
2561,19,727,3,965703628
2562,19,1496,2,965707079
2563,19,1007,1,965711946
2564,19,1497,2,965704079
2565,19,1498,2,965708002
2566,19,365,2,965711237
2567,19,1499,2,965703885
2568,19,728,3,965710871
2569,19,1500,2,965707576
2570,19,104,4,965710565
2571,19,106,4,965710871
2572,19,107,2,965705263
2573,19,1501,2,965711014
2574,19,1502,2,965706163
2575,19,1032,4,965703628
2576,19,1503,5,965711769
2577,19,1504,3,965705845
2578,19,1505,1,965707552
2579,19,108,2,965709622
2580,19,1506,2,965702660
2581,19,1507,3,965710220
2582,19,1508,3,965709144
2583,19,1509,2,965706967
2584,19,1510,1,965703885
2585,19,1511,3,965704331
2586,19,1512,3,965705195
2587,19,1513,2,965712018
2588,19,1514,3,965711128
2589,19,109,3,965705896
2590,19,1515,2,965706092
2591,19,1516,3,965703785
2592,19,1517,2,965711237
2593,19,110,3,965706438
2594,19,1518,2,965711481
2595,19,1519,1,965711649
2596,19,730,2,965706163
2597,19,1520,1,965712048
2598,19,113,3,965711106
2599,19,1521,2,965706683
2600,19,1522,3,965705540
2601,19,1523,1,965706415
2602,19,1524,2,965704033
2603,19,370,3,965710871
2604,19,1525,3,965706276
2605,19,1526,2,965704331
2606,19,1527,2,965708132
2607,19,1528,1,965704079
2608,19,1529,1,965704375
2609,19,990,2,965701107
2610,19,373,2,965705982
2611,19,1530,2,965707419
2612,19,1531,2,965705454
2613,19,374,2,965712882
2614,19,1532,2,965707487
2615,19,375,2,965706771
2616,19,1533,2,965706657
2617,19,376,3,965709025
2618,19,1033,3,965703785
2619,19,1534,2,965707419
2620,19,731,2,965703973
2621,19,991,3,965708059
2622,19,1535,2,965705572
2623,19,114,3,965704331
2624,19,1536,3,965710871
2625,19,379,4,965705784
2626,19,1170,2,965703973
2627,19,1537,3,965705725
2628,19,117,5,965704281
2629,19,382,2,965705917
2630,19,1538,3,965705240
2631,19,1539,3,965705347
2632,19,1540,1,965705301
2633,19,1541,2,965705322
2634,19,1542,2,965705195
2635,19,1543,3,965710781
2636,19,118,3,965705942
2637,19,1034,2,965706507
2638,19,992,3,965707724
2639,19,1544,3,965706389
2640,19,1545,3,965705117
2641,19,119,4,965704281
2642,19,836,2,965703834
2643,19,120,3,965703915
2644,19,1546,2,965707669
2645,19,1547,3,965706839
2646,19,1548,3,965708059
2647,19,1549,2,965705322
2648,19,993,1,965708217
2649,19,123,3,965709172
2650,19,1550,2,965703973
2651,19,1551,2,965708339
2652,19,1552,4,965707724
2653,19,1553,2,965706728
2654,19,1554,4,965708002
2655,19,1555,3,965708132
2656,19,124,2,965703727
2657,19,125,3,965709172
2658,19,1556,2,965707576
2659,19,1557,2,965704056
2660,19,126,3,965704304
2661,19,1558,3,965707769
2662,19,1559,2,965706045
2663,19,997,2,965707518
2664,19,128,2,965705896
2665,19,1035,4,965709068
2666,19,1560,3,965707487
2667,19,1561,3,965707828
2668,19,1562,2,965709172
2669,19,131,4,965703915
2670,19,1563,3,965704904
2671,19,998,3,965704281
2672,19,134,3,965703853
2673,19,1564,3,965706140
2674,19,1565,3,965706250
2675,19,1566,3,965706140
2676,19,135,3,965709534
2677,19,1567,2,965711106
2678,19,1568,3,965709172
2679,19,1569,3,965706484
2680,19,1570,2,965706525
2681,19,137,4,965702660
2682,19,138,3,965709025
2683,19,1571,4,965703674
2684,19,140,3,965704304
2685,19,1572,3,965706297
2686,19,386,2,965706615
2687,19,1573,2,965705195
2688,19,387,3,965706276
2689,19,1574,3,965710092
2690,19,1575,3,965704952
2691,19,1576,2,965707889
2692,19,1577,2,965706728
2693,19,142,4,965704248
2694,19,1172,3,965712882
2695,19,388,4,965710671
2696,19,143,3,965704304
2697,19,389,3,965710671
2698,19,1578,3,965711039
2699,19,1579,3,965701107
2700,19,1580,3,965703756
2701,19,1581,2,965706114
2702,19,1582,2,965706507
2703,19,1583,3,965706592
2704,19,1584,3,965705822
2705,19,1585,3,965707637
2706,19,144,4,965704355
2707,19,1586,2,965706615
2708,19,1587,2,965706636
2709,19,1588,2,965711529
2710,19,1589,3,965707828
2711,19,1590,2,965712882
2712,19,1591,2,965705219
2713,19,1592,3,965710914
2714,19,1593,3,965709068
2715,19,1594,3,965706415
2716,19,1595,2,965705263
2717,19,1596,3,965711342
2718,19,1597,3,965706019
2719,19,1598,2,965705347
2720,19,1599,3,965707576
2721,19,149,1,965705347
2722,19,1600,2,965707419
2723,19,1601,3,965705896
2724,19,395,4,965706337
2725,19,1602,2,965707016
2726,19,1603,4,965706592
2727,19,1604,1,965707044
2728,19,1605,2,965707518
2729,19,1606,2,965707576
2730,19,152,3,965706907
2731,19,1607,3,965703940
2732,19,1608,3,965709144
2733,19,1609,4,965705784
2734,19,155,3,965706415
2735,19,1610,2,965706592
2736,19,1611,3,965706548
2737,19,156,3,965709785
2738,19,1612,3,965706438
2739,19,1613,2,965707101
2740,19,1614,4,965706337
2741,19,274,2,965706771
2742,19,1615,3,965703915
2743,19,1616,2,965711873
2744,19,158,2,965710039
2745,19,1617,3,965704304
2746,19,1618,2,965703698
2747,19,1619,2,965708098
2748,19,1620,2,965706209
2749,19,1621,1,965705405
2750,19,397,3,965712410
2751,19,1622,2,965707724
2752,19,160,3,965706365
2753,19,161,2,965706748
2754,19,1000,3,965707552
2755,19,1115,3,965711184
2756,19,1623,4,965708132
2757,19,1624,3,965706683
2758,19,163,2,965706185
2759,19,1625,1,965705195
2760,19,1626,2,965706728
2761,19,164,2,965709500
2762,19,1627,2,965706592
2763,19,1628,2,965705383
2764,19,1629,3,965704904
2765,19,1630,1,965708587
2766,19,1631,2,965706415
2767,19,167,4,965703605
2768,19,1001,3,965706365
2769,19,1002,3,965706839
2770,19,1632,2,965711649
2771,19,1633,4,965705117
2772,19,1634,1,965705422
2773,19,171,3,965705018
2774,19,1635,3,965704281
2775,19,172,3,965703756
2776,19,173,3,965703674
2777,19,174,3,965703727
2778,19,1636,1,965704033
2779,19,1637,1,965704127
2780,19,178,3,965704999
2781,19,1638,2,965703853
2782,19,1639,3,965704033
2783,19,400,3,965706592
2784,19,1640,2,965709025
2785,19,1003,2,965706839
2786,19,1641,3,965703915
2787,19,180,4,965705845
2788,19,734,1,965704111
2789,19,1179,3,965706636
2790,19,1642,2,965707101
2791,19,1643,2,965704999
2792,19,181,4,965704931
2793,19,735,1,965705195
2794,19,1644,2,965705383
2795,19,1645,1,965708653
2796,19,1646,2,965711529
2797,19,1117,5,965706484
2798,19,1647,2,965707746
2799,19,1648,3,965704974
2800,19,1649,1,965705405
2801,19,402,4,965710565
2802,19,403,4,965711106
2803,19,1650,2,965705822
2804,19,405,2,965705802
2805,19,1651,2,965705301
2806,19,183,3,965704248
2807,19,1652,3,965711413
2808,19,1653,3,965705572
2809,19,1654,2,965706795
2810,19,1655,2,965701107
2811,19,1656,2,965710019
2812,19,1657,3,965706525
2813,19,1658,2,965711793
2814,19,1659,3,965709047
2815,19,185,4,965702994
2816,19,1660,2,965706684
2817,19,1661,3,965706185
2818,19,1662,3,965706365
2819,19,1663,3,965706068
2820,19,1664,3,965707828
2821,19,1665,2,965705195
2822,19,1666,2,965703885
2823,19,840,1,965705137
2824,19,1667,2,965706337
2825,19,188,3,965709500
2826,19,1180,5,965705867
2827,19,1668,4,965705867
2828,19,1182,3,965708360
2829,19,193,5,965703109
2830,19,1669,5,965703674
2831,19,194,3,965703785
2832,19,195,5,965709047
2833,19,1670,2,965705322
2834,19,198,4,965705619
2835,19,1671,2,965711873
2836,19,1672,3,965705117
2837,19,1673,2,965705301
2838,19,1674,2,965708339
2839,19,1675,3,965703727
2840,19,199,2,965703811
2841,19,200,3,965709047
2842,19,1676,4,965705619
2843,19,1142,3,965706092
2844,19,1677,3,965706438
2845,19,411,3,965711039
2846,19,1678,2,965707487
2847,19,201,3,965706163
2848,19,1679,4,965711994
2849,19,1680,2,965711769
2850,19,1681,2,965711481
2851,19,1682,5,965703674
2852,19,1683,2,965706045
2853,19,1183,3,965703033
2854,19,1684,2,965703061
2855,19,1685,3,965706297
2856,19,1686,1,965711014
2857,19,1687,2,965705784
2858,19,1120,4,965705917
2859,19,1688,2,965712018
2860,19,736,2,965705725
2861,19,1689,1,965703084
2862,19,1038,1,965703834
2863,19,416,4,965703727
2864,19,206,1,965703010
2865,19,1690,1,965703443
2866,19,1691,2,965710957
2867,19,1692,4,965708982
2868,19,1693,2,965711529
2869,19,1694,3,965703061
2870,19,1695,1,965703061
2871,19,207,3,965707552
2872,19,208,3,965707419
2873,19,1696,2,965708339
2874,19,209,2,965706068
2875,19,1697,2,965706967
2876,19,418,2,965706209
2877,19,1184,2,965711810
2878,19,1698,2,965706703
2879,19,1143,2,965706592
2880,19,1699,3,965705040
2881,19,1700,2,965703940
2882,19,210,2,965703084
2883,19,1011,3,965703299
2884,19,1701,2,965703061
2885,19,1702,2,965706484
2886,19,1703,2,965703425
2887,19,1704,2,965703084
2888,19,1705,2,965703061
2889,19,420,5,965706140
2890,19,1706,2,965705725
2891,19,1707,2,965710720
2892,19,1708,2,965707828
2893,19,1709,1,965704375
2894,19,1710,3,965707983
2895,19,1711,3,965707983
2896,19,1712,5,965705896
2897,19,1713,2,965706019
2898,19,1714,2,965706276
2899,19,1715,3,965709047
2900,19,1716,2,965703973
2901,19,1012,2,965703299
2902,19,1717,3,965701125
2903,19,1718,4,965705661
2904,19,1719,2,965705784
2905,19,213,2,965704355
2906,19,215,3,965706365
2907,19,216,3,965706185
2908,19,1720,2,965703458
2909,19,1721,2,965704331
2910,19,1722,4,965703583
2911,19,1723,3,965704931
2912,19,1724,5,965706839
2913,19,217,3,965704304
2914,19,423,2,965703200
2915,19,1725,2,965704652
2916,19,1726,2,965703269
2917,19,218,2,965704331
2918,19,1727,2,965707137
2919,19,1039,3,965704904
2920,19,1728,2,965706907
2921,19,1729,2,965706548
2922,19,1730,3,965711106
2923,19,1040,3,965703236
2924,19,1731,3,965703299
2925,19,1732,2,965706019
2926,19,1733,2,965703269
2927,19,1041,2,965703221
2928,19,1734,2,965704618
2929,19,1735,2,965706389
2930,19,1736,3,965704999
2931,19,1737,3,965710781
2932,19,220,3,965703221
2933,19,1738,2,965711794
2934,19,426,2,965706415
2935,19,1739,2,965702805
2936,19,1740,3,965705943
2937,19,1741,3,965706114
2938,19,738,2,965702805
2939,19,1014,3,965702776
2940,19,1742,3,965703646
2941,19,223,3,965705784
2942,19,1123,3,965712238
2943,19,1743,3,965702660
2944,19,1744,3,965711156
2945,19,1745,3,965702660
2946,19,1746,2,965706728
2947,19,1747,2,965703756
2948,19,1748,2,965703811
2949,19,1749,2,965703756
2950,19,1750,2,965703756
2951,19,1751,2,965710092
2952,19,1752,3,965711128
2953,19,1753,2,965711769
2954,19,1754,3,965706748
2955,19,1015,2,965702842
2956,19,227,2,965706276
2957,19,1755,2,965702940
2958,19,228,2,965702866
2959,19,1756,4,965702776
2960,19,1187,3,965702777
2961,19,1757,3,965702843
2962,19,1758,4,965702777
2963,19,1759,3,965711184
2964,19,1760,2,965703915
2965,19,1761,2,965702923
2966,19,1188,1,965702905
2967,19,229,4,965702777
2968,19,1762,3,965702954
2969,19,1017,2,965702843
2970,19,1763,2,965704079
2971,19,230,3,965706415
2972,19,1764,3,965702777
2973,19,1765,1,965702843
2974,19,1766,2,965711413
2975,19,1767,1,965704999
2976,19,1768,1,965705219
2977,20,482,3,1054038313
2978,20,486,1,1054038422
2979,20,489,4,1054038425
2980,20,461,4,1054038093
2981,20,1401,5,1054038357
2982,20,1403,3,1054038320
2983,20,528,3,1054038381
2984,20,563,4,1054038398
2985,20,574,4,1054038142
2986,20,598,3,1054038283
2987,20,22,4,1054038216
2988,20,472,5,1054038067
2989,20,477,4,1054038162
2990,20,1420,5,1054038128
2991,20,828,3,1054038279
2992,20,323,5,1054038059
2993,20,480,5,1054038083
2994,20,324,5,1054038060
2995,20,36,4,1054038175
2996,20,39,5,1054038185
2997,20,685,3,1054038318
2998,20,263,5,1054038502
2999,20,693,3,1054038251
3000,20,696,2,1054038390
3001,20,701,4,1054038259
3002,20,331,4,1054147395
3003,20,265,4,1054036277
3004,20,45,5,1054038078
3005,20,714,3,1054038204
3006,20,1769,3,1054038376
3007,20,1770,4,1054038180
3008,20,1771,4,1054038219
3009,20,1772,3,1054038254
3010,20,1773,3,1054038336
3011,20,1448,2,1054038421
3012,20,1774,4,1054038135
3013,20,53,5,1054038107
3014,20,863,4,1054038076
3015,20,54,4,1054038189
3016,20,55,3,1054038374
3017,20,56,3,1054038326
3018,20,57,3,1054038130
3019,20,1775,4,1054147359
3020,20,61,5,1054038071
3021,20,864,4,1054147512
3022,20,66,5,1054038065
3023,20,1100,5,1054038506
3024,20,89,4,1054038160
3025,20,1461,3,1054036254
3026,20,1468,3,1054038378
3027,20,1474,5,1054147442
3028,20,1486,4,1054147467
3029,20,1776,3,1054038387
3030,20,1493,4,1054038231
3031,20,1508,4,1054038258
3032,20,1514,3,1054036240
3033,20,1526,3,1054038355
3034,20,996,2,1054036210
3035,20,376,5,1054038097
3036,20,1535,3,1054038348
3037,20,380,5,1054147380
3038,20,119,5,1054038151
3039,20,1777,2,1054036200
3040,20,121,4,1054038166
3041,20,123,4,1054038365
3042,20,125,3,1054038325
3043,20,126,2,1054036164
3044,20,1778,3,1054038343
3045,20,128,4,1054038081
3046,20,272,4,1054038091
3047,20,1035,5,1054038138
3048,20,1779,5,1054038103
3049,20,1036,4,1054038493
3050,20,1780,4,1054038136
3051,20,1781,4,1054038249
3052,20,129,3,1054038269
3053,20,1562,3,1054147515
3054,20,132,4,1054038145
3055,20,998,3,1054036178
3056,20,136,2,1054038315
3057,20,1782,5,1054147519
3058,20,137,4,1054038124
3059,20,1571,4,1054038148
3060,20,139,4,1054038233
3061,20,141,4,1054038165
3062,20,1575,2,1054036297
3063,20,1593,3,1054038140
3064,20,838,5,1054147430
3065,20,1601,4,1054038063
3066,20,1608,5,1054038545
3067,20,1783,2,1054038297
3068,20,1784,3,1054147376
3069,20,171,2,1054036168
3070,20,178,5,1054147479
3071,20,1640,4,1054038187
3072,20,180,4,1054038561
3073,20,734,1,1054036268
3074,20,1642,5,1054038446
3075,20,1648,4,1054147419
3076,20,182,4,1054038106
3077,20,404,2,1054036192
3078,20,1653,5,1054036159
3079,20,1659,4,1054038534
3080,20,1785,4,1054147411
3081,20,195,5,1054038485
3082,20,200,5,1054038099
3083,20,736,5,1054038084
3084,20,1786,3,1054038435
3085,20,1787,5,1054038115
3086,20,1788,3,1054037310
3087,20,1011,3,1054147217
3088,20,1701,3,1054037596
3089,20,1712,5,1054038057
3090,20,1713,5,1054038117
3091,20,1714,5,1054038201
3092,20,422,3,1054037151
3093,20,1789,4,1054037584
3094,20,1790,4,1054038460
3095,20,1725,3,1054038288
3096,20,1040,3,1054037270
3097,20,1791,3,1054037253
3098,20,1041,1,1054037573
3099,20,1734,1,1054037346
3100,20,1792,5,1054147384
3101,20,1042,3,1054147183
3102,20,1793,3,1054037706
3103,20,220,4,1054037169
3104,20,1794,2,1054037838
3105,20,738,3,1054147285
3106,20,1014,2,1054037231
3107,20,228,1,1054147299
3108,20,1187,5,1054037147
3109,20,1016,3,1054037352
3110,20,1795,4,1054147193
3111,20,1761,2,1054037759
3112,20,229,3,1054037246
3113,20,1796,4,1054037964
3114,20,867,2,1054037657
3115,20,429,4,1054036184
3116,20,1797,3,1054037203
3117,20,431,4,1054037160
3118,20,1798,3,1054147174
3119,20,741,3,1054147198
3120,20,1799,2,1054037622
3121,20,1800,3,1054037831
3122,20,1801,0,1054037862
3123,20,742,2,1054037305
3124,20,432,3,1054037208
3125,20,1802,2,1054147273
3126,20,434,4,1054037132
3127,20,1803,4,1054037249
3128,20,1804,4,1054037081
3129,20,1043,3,1054036206
3130,20,1805,3,1054147190
3131,20,437,4,1054036290
3132,20,438,4,1054037969
3133,20,1806,5,1054147453
3134,20,1807,2,1054037695
3135,20,1808,3,1054038271
3136,20,1809,4,1054037824
3137,20,1810,3,1054147312
3138,20,445,3,1054037196
3139,20,1811,0,1054037511
3140,20,447,5,1054037200
3141,20,1812,0,1054147293
3142,20,1813,3,1054147230
3143,20,745,5,1054037117
3144,20,451,3,1054037213
3145,20,746,4,1054147265
3146,20,1814,3,1054147210
3147,20,1815,1,1054038539
3148,20,1816,0,1054147289
3149,20,1817,2,1054037557
3150,20,747,3,1054037504
3151,20,1818,3,1054037158
3152,20,1819,3,1054037907
3153,20,868,3,1054037488
3154,20,1820,2,1054037667
3155,20,1821,3,1054038247
3156,20,1822,1,1054147250
3157,20,454,3,1054037434
3158,20,748,3,1054147258
3159,20,749,4,1054037671
3160,20,1823,3,1054037502
3161,20,1044,3,1054037141
3162,20,1824,1,1054037534
3163,20,1825,3,1054037390
3164,20,1826,3,1054037095
3165,20,1195,3,1054037616
3166,20,1827,0,1054037528
3167,20,1828,2,1054037303
3168,20,1829,1,1054037367
3169,20,1830,3,1054037653
3170,20,752,4,1054037089
3171,20,458,4,1054037243
3172,20,1831,3,1054037324
3173,20,1832,4,1054037364
3174,20,1833,4,1054037593
3175,20,754,5,1054037162
3176,20,755,5,1054037101
3177,20,1834,4,1054037401
3178,20,1835,4,1054037384
3179,20,1836,4,1054037122
3180,20,1837,4,1054038111
3181,20,1838,3,1054037644
3182,20,1839,2,1054037913
3183,20,756,5,1054037258
3184,20,1840,3,1054147243
3185,20,1841,3,1054037273
3186,20,1842,4,1054037084
3187,20,1843,0,1054147317
3188,20,757,3,1054037241
3189,20,1844,4,1054037333
3190,20,758,4,1054147227
3191,20,1845,4,1054037110
3192,20,1199,3,1054037279
3193,20,1846,0,1054037857
3194,20,759,4,1054037115
3195,20,1847,2,1054147287
3196,20,848,1,1054037494
3197,20,762,3,1054037284
3198,20,1848,0,1054037842
3199,20,849,0,1054147297
3200,20,763,5,1054037190
3201,20,1849,3,1054037295
3202,20,1203,3,1054037411
3203,20,1850,4,1054147413
3204,20,1851,4,1054037720
3205,20,764,4,1054037077
3206,20,765,5,1054037144
3207,20,766,4,1054037112
3208,20,767,5,1054037184
3209,20,1852,4,1054036826
3210,20,1853,3,1054036804
3211,20,1854,2,1054036811
3212,20,1855,1,1054036794
3213,20,1856,4,1054036780
3214,20,1857,4,1054036670
3215,20,768,4,1054036616
3216,20,1858,5,1054036623
3217,20,1859,3,1054147505
3218,20,769,4,1054147167
3219,21,1,3,1407618878
3220,21,482,3,1419795031
3221,21,487,5,1403459783
3222,21,493,2,1419795052
3223,21,1860,2,1419795113
3224,21,972,1,1376822969
3225,21,1401,3,1376822924
3226,21,526,3,1376823315
3227,21,532,3,1418846918
3228,21,534,2,1376823399
3229,21,16,4,1417378080
3230,21,589,3,1436989949
3231,21,17,3,1500701533
3232,21,613,4,1376823342
3233,21,21,4,1407617845
3234,21,472,4,1418063557
3235,21,23,3,1407617838
3236,21,619,5,1376823264
3237,21,635,1,1403461004
3238,21,27,4,1418063303
3239,21,28,2,1407617852
3240,21,1095,3,1452052129
3241,21,1420,0,1418063134
3242,21,828,2,1376823478
3243,21,323,4,1407618992
3244,21,479,3,1418846818
3245,21,34,3,1419795406
3246,21,481,4,1407617864
3247,21,38,4,1403637454
3248,21,688,3,1419794740
3249,21,41,3,1412967983
3250,21,1428,4,1423422395
3251,21,1097,3,1412968166
3252,21,43,3,1452052029
3253,21,1028,2,1376823648
3254,21,332,3,1500701864
3255,21,1135,3,1418063296
3256,21,1100,3,1403459916
3257,21,69,4,1403460820
3258,21,71,4,1417378082
3259,21,1029,2,1419795311
3260,21,74,4,1417378078
3261,21,76,1,1419795364
3262,21,1137,2,1428775441
3263,21,1106,2,1418932215
3264,21,82,3,1436989924
3265,21,85,3,1428775428
3266,21,86,5,1407617830
3267,21,90,4,1417378089
3268,21,978,3,1418063292
3269,21,362,0,1468113524
3270,21,1031,2,1403460635
3271,21,1168,4,1418846999
3272,21,101,2,1452052059
3273,21,102,4,1407617833
3274,21,234,3,1418932074
3275,21,988,3,1418846922
3276,21,1514,5,1376823419
3277,21,1033,2,1419025142
3278,21,991,3,1418847014
3279,21,118,3,1418847026
3280,21,1034,2,1376823286
3281,21,992,3,1418847031
3282,21,1777,2,1412968210
3283,21,836,5,1417378095
3284,21,120,5,1418063227
3285,21,837,2,1428775446
3286,21,1556,3,1500701912
3287,21,1780,2,1376822671
3288,21,135,4,1403460900
3289,21,1575,3,1441393080
3290,21,142,1,1500701981
3291,21,146,3,1412967978
3292,21,273,0,1441826867
3293,21,1601,3,1441826921
3294,21,1861,4,1376823423
3295,21,1862,2,1376822727
3296,21,1863,3,1418847038
3297,21,1864,2,1441393000
3298,21,274,4,1423422347
3299,21,165,4,1412967877
3300,21,1010,4,1376823011
3301,21,167,4,1412967844
3302,21,171,3,1468113361
3303,21,172,4,1418063222
3304,21,732,4,1417378450
3305,21,400,2,1427558183
3306,21,180,2,1419025163
3307,21,1179,5,1376823724
3308,21,181,3,1407617856
3309,21,735,4,1500701951
3310,21,1865,3,1376823007
3311,21,402,0,1403460436
3312,21,403,4,1403460837
3313,21,185,2,1441392960
3314,21,188,4,1418846927
3315,21,190,4,1403460424
3316,21,191,4,1403460596
3317,21,192,4,1403460427
3318,21,1182,3,1500701906
3319,21,193,2,1441392954
3320,21,194,3,1376823280
3321,21,1866,4,1403459790
3322,21,1867,4,1403459797
3323,21,196,4,1403460842
3324,21,197,4,1403460828
3325,21,1118,0,1441393015
3326,21,1119,4,1407617678
3327,21,1684,5,1376822996
3328,21,736,3,1419795374
3329,21,209,4,1407617774
3330,21,1186,3,1407617682
3331,21,218,3,1419794797
3332,21,220,2,1436989941
3333,21,221,2,1403459815
3334,21,738,4,1376823417
3335,21,1868,4,1403460850
3336,21,1869,4,1403459821
3337,21,1870,4,1403459801
3338,21,222,4,1403459833
3339,21,1871,2,1468113456
3340,21,229,3,1441392970
3341,21,1872,4,1403460977
3342,21,739,4,1403460993
3343,21,1797,3,1421521749
3344,21,1873,4,1403460840
3345,21,1800,1,1418063141
3346,21,1874,4,1403460891
3347,21,1875,2,1419794718
3348,21,1876,3,1441826878
3349,21,745,4,1418932197
3350,21,1819,3,1412967924
3351,21,1877,4,1441393840
3352,21,1878,4,1419025398
3353,21,1879,2,1419794704
3354,21,1822,4,1376823473
3355,21,749,3,1500701884
3356,21,1880,3,1403459884
3357,21,1823,4,1376823727
3358,21,752,3,1418932236
3359,21,458,4,1418932147
3360,21,753,4,1403460880
3361,21,1126,3,1403460991
3362,21,754,1,1419025153
3363,21,756,4,1407617661
3364,21,1881,3,1468113409
3365,21,1840,3,1452052112
3366,21,1198,1,1468113551
3367,21,757,3,1441826946
3368,21,758,4,1403459855
3369,21,1199,4,1412967834
3370,21,759,4,1418932153
3371,21,760,4,1376823441
3372,21,848,3,1403459874
3373,21,1200,4,1407617614
3374,21,1882,2,1403460925
3375,21,764,4,1418932149
3376,21,852,5,1376822796
3377,21,765,2,1419025155
3378,21,766,3,1421521738
3379,21,874,3,1500702115
3380,21,1855,2,1419794816
3381,21,769,3,1418063571
3382,21,1209,3,1403459840
3383,21,1883,3,1376823470
3384,21,771,4,1419795351
3385,21,1212,3,1421521954
3386,21,235,1,1468113479
3387,21,773,4,1403459862
3388,21,878,4,1417378457
3389,21,774,4,1412967530
3390,21,775,1,1419025150
3391,21,1222,3,1452052088
3392,21,1048,1,1468113476
3393,21,1884,4,1403460592
3394,21,1885,4,1403459807
3395,21,1886,5,1403459786
3396,21,1887,2,1419794804
3397,21,779,4,1419025402
3398,21,780,4,1412968057
3399,21,887,4,1407617755
3400,21,1888,0,1418063157
3401,21,783,3,1441826943
3402,21,1049,4,1418063518
3403,21,784,4,1407617301
3404,21,236,4,1441826871
3405,21,1889,3,1418063030
3406,21,795,3,1441393027
3407,21,798,4,1421521732
3408,21,799,4,1403459871
3409,21,1890,3,1418063547
3410,21,1237,3,1500701995
3411,21,802,3,1418063364
3412,21,1891,3,1421521760
3413,21,892,3,1427558524
3414,21,893,3,1418926520
3415,21,806,3,1500701989
3416,21,807,3,1468113492
3417,21,1239,4,1419025243
3418,21,809,4,1417378092
3419,21,1240,4,1413055282
3420,21,895,4,1468113421
3421,21,810,3,1441826836
3422,21,812,3,1468113413
3423,21,1241,3,1468113542
3424,21,1892,3,1407617697
3425,21,1243,3,1468113445
3426,21,1248,1,1468114330
3427,21,1893,2,1376823734
3428,21,896,1,1418926598
3429,21,1894,4,1403460886
3430,21,1895,3,1468113305
3431,21,1250,3,1427558491
3432,21,1251,2,1418932060
3433,21,1896,3,1423422539
3434,21,1897,3,1428775459
3435,21,817,3,1418063317
3436,21,1898,3,1419794605
3437,21,1899,3,1419794505
3438,21,1900,4,1403460908
3439,21,1901,5,1500701943
3440,21,824,4,1418063254
3441,21,826,3,1417378121
3442,21,1902,2,1376823741
3443,21,1053,3,1452051990
3444,21,1903,3,1417378446
3445,21,900,3,1452052044
3446,21,1904,0,1418063085
3447,21,1905,3,1418846853
3448,21,1906,4,1403460883
3449,21,1264,4,1427558171
3450,21,1907,4,1403637459
3451,21,1268,3,1403460418
3452,21,1269,3,1468113351
3453,21,1908,3,1427558503
3454,21,903,4,1412967989
3455,21,1909,3,1427558186
3456,21,1278,3,1441826928
3457,21,1910,2,1468113562
3458,21,239,3,1376823495
3459,21,1911,4,1441393230
3460,21,1055,4,1418063513
3461,21,1912,3,1419025209
3462,21,1913,2,1376823737
3463,21,1282,4,1421521751
3464,21,1283,3,1412967541
3465,21,1914,3,1427558545
3466,21,1285,3,1423422271
3467,21,909,3,1500702119
3468,21,1915,1,1468113607
3469,21,1916,3,1468113389
3470,21,912,3,1423422268
3471,21,1057,3,1412967546
3472,21,1917,2,1419794800
3473,21,1292,0,1419794430
3474,21,1918,3,1468113374
3475,21,1919,3,1419794523
3476,21,916,4,1407617748
3477,21,1297,3,1500701830
3478,21,917,3,1418926516
3479,21,1920,3,1468113535
3480,21,1921,4,1419025406
3481,21,918,4,1412967862
3482,21,1061,3,1441826981
3483,21,291,3,1468113532
3484,21,1922,3,1452051960
3485,21,927,4,1418847046
3486,21,928,2,1419795394
3487,21,1923,2,1376823744
3488,21,1924,3,1419794924
3489,21,1304,3,1468113317
3490,21,1925,1,1418063012
3491,21,1308,2,1423422284
3492,21,1926,3,1419795323
3493,21,1312,2,1441826938
3494,21,1313,4,1418847003
3495,21,1314,3,1468113385
3496,21,1134,4,1412968153
3497,21,1927,4,1419025376
3498,21,245,3,1441393020
3499,21,1928,2,1419794777
3500,21,1929,4,1427558538
3501,21,1315,3,1452052079
3502,21,1316,3,1500701875
3503,21,1930,3,1418926532
3504,21,1153,3,1419025199
3505,21,1931,3,1419795367
3506,21,1932,2,1419794453
3507,21,1933,1,1418846850
3508,21,1934,3,1427558206
3509,21,935,3,1418846865
3510,21,1935,4,1427558240
3511,21,1064,3,1421521681
3512,21,1936,4,1418932202
3513,21,1937,0,1418063166
3514,21,1328,3,1436989953
3515,21,1938,3,1468113498
3516,21,1939,4,1412967987
3517,21,1331,3,1441393049
3518,21,1940,2,1418926552
3519,21,1941,3,1441393053
3520,21,1067,4,1418063440
3521,21,1942,3,1468113329
3522,21,1068,3,1419795371
3523,21,250,3,1418063237
3524,21,1943,3,1468113336
3525,21,1944,4,1423422327
3526,21,1945,3,1468114339
3527,21,1946,3,1427558499
3528,21,1947,4,1427558669
3529,21,1948,4,1423422377
3530,21,1949,3,1419794692
3531,21,947,3,1468113332
3532,21,1950,4,1418062991
3533,21,1336,3,1419794434
3534,21,949,3,1441826957
3535,21,1951,3,1418063017
3536,21,1952,2,1418063462
3537,21,951,4,1419795339
3538,21,1953,3,1500701958
3539,21,1954,2,1468114333
3540,21,953,3,1376823135
3541,21,1341,3,1418846981
3542,21,252,3,1441826975
3543,21,1955,1,1418063469
3544,21,1071,4,1427558933
3545,21,1346,3,1441393005
3546,21,1956,4,1376823593
3547,21,1957,3,1376823571
3548,21,1958,2,1403461682
3549,21,1959,4,1418932178
3550,21,1960,3,1403460734
3551,21,1349,3,1403460742
3552,21,955,4,1403460687
3553,21,956,3,1403460758
3554,21,1961,3,1403461849
3555,21,1962,4,1403460773
3556,21,1963,0,1376823555
3557,21,1964,3,1403460755
3558,21,1965,1,1376823528
3559,21,1966,3,1403460744
3560,21,1967,4,1403460713
3561,21,957,3,1403460501
3562,21,1073,4,1403460671
3563,21,1968,2,1403460712
3564,21,1969,4,1403460774
3565,21,1970,2,1403460491
3566,21,1971,3,1403461701
3567,21,1353,3,1403461833
3568,21,1354,4,1403460683
3569,21,959,3,1418846905
3570,21,1972,3,1403460183
3571,21,1973,2,1403460178
3572,21,960,4,1403460685
3573,21,253,3,1403459964
3574,21,1974,3,1403460691
3575,21,1975,3,1403459951
3576,21,1976,2,1418846877
3577,21,1977,0,1418063180
3578,21,961,4,1403460679
3579,21,1978,1,1418063184
3580,21,1979,3,1403460188
3581,21,1980,3,1500701759
3582,21,1981,1,1468113609
3583,21,1982,3,1403461870
3584,21,962,3,1403460482
3585,21,254,3,1423422297
3586,21,1983,2,1403460135
3587,21,1984,3,1403460128
3588,21,1985,1,1403460101
3589,21,1075,3,1407619805
3590,21,1986,4,1403460142
3591,21,1987,3,1468113465
3592,21,1988,2,1407617738
3593,21,1357,3,1412967458
3594,21,1989,4,1403460536
3595,21,1990,3,1403460530
3596,21,1076,4,1403460346
3597,21,1991,4,1439751899
3598,21,1992,3,1403460002
3599,21,964,3,1418063411
3600,21,1993,3,1500701849
3601,21,1994,3,1418063384
3602,21,1078,4,1412967449
3603,21,1995,3,1468113309
3604,21,1996,1,1419794281
3605,21,1079,3,1452052151
3606,21,1997,3,1441393892
3607,21,1998,4,1441393075
3608,21,1999,3,1418063541
3609,21,1362,2,1423422308
3610,21,1363,3,1452051997
3611,21,2000,3,1418063202
3612,21,2001,4,1468113298
3613,21,2002,2,1419794255
3614,21,2003,3,1419794206
3615,21,2004,3,1419794218
3616,21,2005,3,1418063173
3617,21,2006,0,1419793939
3618,21,967,4,1468113211
3619,21,2007,3,1419794090
3620,21,2008,2,1419794135
3621,21,258,3,1436989603
3622,21,1081,4,1452051525
3623,21,1366,3,1441392878
3624,21,2009,4,1452052163
3625,21,1367,3,1452052140
3626,21,1082,3,1483340695
3627,21,1083,4,1500701517
3628,21,2010,3,1500701836
3629,21,2011,3,1452051910
3630,21,2012,2,1436989795
3631,21,2013,3,1436989597
3632,21,2014,3,1436989206
3633,21,2015,2,1439752061
3634,21,1086,4,1441392913
3635,21,2016,3,1452051811
3636,21,2017,3,1500701506
3637,21,2018,0,1436989145
3638,21,2019,4,1436989124
3639,21,2020,3,1452051788
3640,21,969,4,1452051829
3641,21,2021,3,1500701931
3642,21,2022,0,1436989816
3643,21,2023,0,1441394002
3644,21,2024,0,1441394001
3645,21,2025,2,1441393919
3646,21,2026,3,1441393974
3647,21,2027,2,1452051867
3648,21,2028,1,1452051514
3649,21,1087,4,1452051884
3650,21,2029,2,1452051802
3651,21,2030,1,1452051859
3652,21,1089,4,1500701826
3653,21,2031,1,1468113965
3654,21,2032,0,1468113939
3655,21,1391,4,1500701551
3656,21,2033,3,1500702132
3657,21,2034,3,1483340772
3658,21,2035,4,1483340756
3659,21,2036,3,1500701525
3660,21,1393,3,1500701559
3661,21,2037,0,1500701120
3662,22,1403,4,1268330607
3663,22,12,4,1268726081
3664,22,466,4,1268726368
3665,22,233,5,1268726193
3666,22,21,5,1268726309
3667,22,1095,5,1268726271
3668,22,1028,3,1268726337
3669,22,58,3,1268726053
3670,22,1102,5,1268726374
3671,22,1105,4,1268330594
3672,22,2038,5,1268330620
3673,22,2039,4,1268726043
3674,22,127,0,1268726061
3675,22,2040,4,1268330584
3676,22,838,4,1268330627
3677,22,1010,3,1268726085
3678,22,1117,2,1268726093
3679,22,193,3,1268726211
3680,22,1669,3,1268726071
3681,22,2041,4,1268726047
3682,22,277,3,1268726113
3683,22,423,0,1268726778
3684,22,218,5,1268726106
3685,22,220,4,1268727393
3686,22,1187,4,1268727157
3687,22,430,4,1268726837
3688,22,278,0,1268726317
3689,22,432,4,1268726758
3690,22,2042,4,1268727100
3691,22,437,2,1268726799
3692,22,440,4,1268726741
3693,22,2043,4,1268727180
3694,22,445,3,1268726490
3695,22,745,3,1268727454
3696,22,1829,4,1268726967
3697,22,1125,1,1268726600
3698,22,752,3,1268727375
3699,22,2044,4,1268727442
3700,22,1832,3,1268726990
3701,22,754,1,1268726251
3702,22,755,3,1268727353
3703,22,1834,0,1268727056
3704,22,1836,0,1268727162
3705,22,1845,3,1268727177
3706,22,1199,3,1268727381
3707,22,761,2,1268727450
3708,22,2045,3,1268726826
3709,22,1202,4,1268726814
3710,22,2046,0,1268727068
3711,22,764,0,1268726358
3712,22,856,3,1268726753
3713,22,876,3,1268727332
3714,22,1046,1,1268726926
3715,22,771,2,1268727433
3716,22,2047,4,1268726851
3717,22,1148,4,1268726636
3718,22,235,4,1268726782
3719,22,1218,0,1268726811
3720,22,775,1,1268726287
3721,22,1130,3,1268726531
3722,22,1048,5,1268726785
3723,22,2048,0,1268726944
3724,22,2049,0,1268727113
3725,22,1228,2,1268727389
3726,22,236,4,1268726866
3727,22,794,2,1268727348
3728,22,795,4,1268726703
3729,22,797,3,1268727357
3730,22,2050,2,1268726686
3731,22,891,0,1268726523
3732,22,2051,1,1268726502
3733,22,1150,2,1268727239
3734,22,1239,1,1268726235
3735,22,810,2,1268726623
3736,22,2052,3,1268726958
3737,22,1244,2,1268727409
3738,22,1247,2,1268726871
3739,22,814,3,1268726773
3740,22,1248,0,1268727279
3741,22,2053,2,1268726935
3742,22,2054,3,1268726734
3743,22,1251,0,1268727414
3744,22,2055,1,1268726712
3745,22,1133,1,1268726542
3746,22,238,2,1268726520
3747,22,1052,4,1268726262
3748,22,824,5,1268727326
3749,22,1053,1,1268726651
3750,22,1262,0,1268726807
3751,22,2056,0,1268726845
3752,22,2057,0,1268727137
3753,22,903,2,1268727289
3754,22,2058,3,1268727474
3755,22,1274,1,1268726606
3756,22,1275,1,1268727308
3757,22,2059,4,1268726559
3758,22,2060,0,1268726349
3759,22,904,0,1268727294
3760,22,2061,4,1268726640
3761,22,2062,1,1268726902
3762,22,239,3,1268727214
3763,22,1055,0,1268727313
3764,22,1056,2,1268726549
3765,22,2063,0,1268726579
3766,22,910,1,1268727036
3767,22,2064,0,1268727079
3768,22,1916,0,1268726299
3769,22,2065,3,1268726672
3770,22,2066,2,1268726278
3771,22,241,4,1268726556
3772,22,1152,0,1268727244
3773,22,2067,4,1268726494
3774,22,916,2,1268726512
3775,22,1297,0,1268727419
3776,22,1060,0,1268726748
3777,22,1061,0,1268726596
3778,22,2068,0,1268727107
3779,22,927,3,1268726172
3780,22,1308,0,1268726132
3781,23,3,4,1107342267
3782,23,2069,4,1107341574
3783,23,293,3,1107341750
3784,23,5,4,1107163741
3785,23,296,3,1107164183
3786,23,2070,3,1107162721
3787,23,2071,4,1107162524
3788,23,589,4,1107341697
3789,23,17,3,1107163773
3790,23,470,3,1107342187
3791,23,2072,4,1107164085
3792,23,1156,3,1107164178
3793,23,639,2,1107342160
3794,23,1095,5,1107164433
3795,23,37,3,1107162895
3796,23,2073,4,1107341586
3797,23,723,3,1107164374
3798,23,1160,4,1107341701
3799,23,1028,3,1107163336
3800,23,1436,3,1107164206
3801,23,333,3,1107164418
3802,23,336,3,1107163409
3803,23,1098,4,1107164441
3804,23,46,4,1107164855
3805,23,724,4,1107162966
3806,23,1135,3,1107342203
3807,23,2074,3,1107164077
3808,23,62,3,1107341620
3809,23,63,4,1107163817
3810,23,68,3,1107341920
3811,23,2075,4,1107163646
3812,23,1102,3,1107163763
3813,23,351,4,1107341582
3814,23,1029,3,1107341788
3815,23,352,3,1107341565
3816,23,72,4,1107341571
3817,23,73,4,1107162888
3818,23,1163,5,1107162640
3819,23,75,3,1107164469
3820,23,76,4,1107341579
3821,23,2076,3,1107341647
3822,23,2077,3,1107164383
3823,23,1137,3,1107163341
3824,23,79,5,1107341684
3825,23,2078,5,1107163618
3826,23,2079,5,1107162927
3827,23,2080,4,1107162947
3828,23,2081,3,1107341801
3829,23,1165,3,1107162670
3830,23,2082,3,1107162687
3831,23,2083,3,1107341734
3832,23,1107,4,1107163719
3833,23,84,5,1107341607
3834,23,357,4,1107341726
3835,23,2084,4,1107163495
3836,23,2085,5,1107162632
3837,23,2086,3,1107342166
3838,23,2087,4,1107163869
3839,23,104,3,1107341560
3840,23,2088,4,1107162645
3841,23,1516,3,1107162537
3842,23,2089,3,1107163578
3843,23,2090,3,1107163015
3844,23,2091,3,1107162759
3845,23,2038,3,1107341802
3846,23,2092,3,1107162960
3847,23,383,3,1107164361
3848,23,1141,3,1107342210
3849,23,397,4,1107162749
3850,23,166,3,1107162552
3851,23,2093,4,1107163393
3852,23,2094,4,1107164093
3853,23,2095,4,1108703148
3854,23,2096,2,1107164153
3855,23,182,3,1107162827
3856,23,2097,3,1107162744
3857,23,1181,3,1107162689
3858,23,1118,3,1107164425
3859,23,2098,3,1107164365
3860,23,1120,3,1107164068
3861,23,2099,3,1107164248
3862,23,2100,4,1107163724
3863,23,1719,3,1107341807
3864,23,1186,3,1107341855
3865,23,1145,3,1107164464
3866,23,2101,3,1107164225
3867,23,278,5,1107162656
3868,23,432,3,1107163815
3869,23,437,3,1107341758
3870,23,445,4,1107163706
3871,23,2102,4,1107164493
3872,23,1126,3,1107163755
3873,23,1834,3,1107164209
3874,23,2103,4,1107163583
3875,23,763,4,1107163683
3876,23,1127,4,1107164450
3877,23,1045,4,1107163678
3878,23,2104,3,1107342139
3879,23,2105,3,1107163993
3880,23,1211,5,1107341765
3881,23,2106,3,1107341613
3882,23,2107,4,1107164874
3883,23,2108,3,1107163498
3884,23,1215,3,1107164480
3885,23,2109,3,1107163501
3886,23,235,3,1107162696
3887,23,2110,3,1107163588
3888,23,2111,3,1107164073
3889,23,2112,3,1107164411
3890,23,2113,3,1107341955
3891,23,1129,4,1107163471
3892,23,2114,4,1107164119
3893,23,1048,3,1107164467
3894,23,2115,5,1107162995
3895,23,2116,3,1107341502
3896,23,2117,3,1107341862
3897,23,2118,4,1107164430
3898,23,2119,4,1107162877
3899,23,2120,4,1107163825
3900,23,783,3,1107162817
3901,23,795,3,1107164371
3902,24,3,4,1458941767
3903,24,293,3,1458942033
3904,24,5,4,1458942023
3905,24,532,3,1458941746
3906,24,466,3,1458941225
3907,24,17,4,1458942020
3908,24,18,3,1458941812
3909,24,233,4,1458941989
3910,24,21,4,1458940987
3911,24,26,3,1458941545
3912,24,31,3,1458941837
3913,24,35,4,1458941983
3914,24,37,4,1458942040
3915,24,41,3,1458941618
3916,24,43,3,1458942032
3917,24,1449,2,1458941870
3918,24,70,4,1458941008
3919,24,71,4,1458941536
3920,24,78,3,1458941742
3921,24,726,4,1458942000
3922,24,85,4,1458940991
3923,24,1457,3,1458943989
3924,24,978,3,1458941866
3925,24,94,4,1458941841
3926,24,1031,4,1458941643
3927,24,102,4,1458941715
3928,24,1009,3,1458941213
3929,24,1032,3,1458941019
3930,24,1504,3,1458941784
3931,24,729,3,1458942002
3932,24,234,4,1458941929
3933,24,730,4,1458940984
3934,24,122,4,1458941924
3935,24,135,4,1458941695
3936,24,1570,3,1458943936
3937,24,146,3,1458941753
3938,24,2121,2,1458941272
3939,24,999,3,1458941291
3940,24,274,4,1458941144
3941,24,167,4,1458941533
3942,24,171,3,1458941896
3943,24,2094,4,1458943925
3944,24,188,3,1458941823
3945,24,204,4,1458941985
3946,24,2122,2,1458941220
3947,24,220,4,1458941548
3948,24,437,4,1458941850
3949,24,1191,4,1458941756
3950,24,1813,3,1458941231
3951,24,1877,4,1458943981
3952,24,1880,3,1458941858
3953,24,2123,4,1458941759
3954,24,1126,3,1458940978
3955,24,755,3,1458940973
3956,24,2124,4,1458941650
3957,24,1199,4,1458941561
3958,24,759,3,1458941621
3959,24,2046,4,1458941243
3960,24,2125,4,1458944146
3961,24,1204,3,1458941589
3962,24,872,2,1458944234
3963,24,1128,4,1458941335
3964,24,774,4,1458941625
3965,24,883,3,1458941192
3966,24,1228,3,1458941029
3967,24,1132,4,1458941571
3968,24,893,3,1458941948
3969,24,2126,3,1458941958
3970,24,895,3,1458941855
3971,24,2052,3,1458941506
3972,24,2127,4,1458941084
3973,24,1249,4,1458941952
3974,24,1251,4,1458941565
3975,24,1898,3,1458944130
3976,24,2055,4,1458941000
3977,24,2128,3,1458941035
3978,24,824,3,1458941633
3979,24,900,4,1458941627
3980,24,1905,3,1458941098
3981,24,903,4,1458941553
3982,24,2129,3,1458941859
3983,24,239,4,1458941530
3984,24,1911,4,1458941057
3985,24,1282,3,1458941901
3986,24,2130,3,1458941725
3987,24,2131,3,1458941827
3988,24,912,3,1458941780
3989,24,1290,4,1458941955
3990,24,914,3,1458941086
3991,24,241,3,1458941578
3992,24,1152,4,1458941567
3993,24,917,3,1458941342
3994,24,1061,4,1458941613
3995,24,922,4,1458943976
3996,24,245,4,1458941535
3997,24,2132,4,1458944025
3998,24,250,4,1458941551
3999,24,1334,3,1458941594
4000,24,1948,4,1458941732
4001,24,951,3,1458941632
4002,24,1070,3,1458941709
4003,24,2133,3,1458941328
4004,24,1076,3,1458941550
4005,24,967,4,1458941646
4006,24,1081,3,1458941967
4007,24,2134,4,1458976352
4008,24,1085,4,1458941964
4009,24,2015,2,1458941460
4010,24,1086,4,1458941969
4011,24,1373,3,1458942069
4012,25,14,4,1535470451
4013,25,16,5,1535470429
4014,25,29,5,1535470432
4015,25,71,5,1535470495
4016,25,122,5,1535470505
4017,25,167,5,1535470427
4018,25,220,5,1535470497
4019,25,754,5,1535470421
4020,25,765,5,1535470419
4021,25,775,5,1535470418
4022,25,239,5,1535470524
4023,25,1055,4,1535470521
4024,25,1056,5,1535470523
4025,25,241,5,1535470515
4026,25,916,5,1535470493
4027,25,243,4,1535470529
4028,25,245,5,1535470428
4029,25,250,5,1535470498
4030,25,1362,5,1535470507
4031,25,2135,5,1535470461
4032,25,2136,4,1535470504
4033,25,2137,4,1535470469
4034,25,1396,5,1535470532
4035,25,1397,5,1535470476
4036,25,2138,4,1535470472
4037,25,2139,5,1535470534
4038,26,487,3,836950403
4039,26,461,3,836950483
4040,26,4,4,836950431
4041,26,464,3,836950245
4042,26,465,3,836950286
4043,26,532,4,836950286
4044,26,540,3,836950403
4045,26,550,2,836950403
4046,26,558,3,836950483
4047,26,585,3,836950431
4048,26,17,4,836950245
4049,26,470,3,836950431
4050,26,471,3,836950286
4051,26,20,3,836950286
4052,26,21,3,836950483
4053,26,473,3,836950245
4054,26,634,2,836950379
4055,26,639,4,836950483
4056,26,26,4,836950379
4057,26,34,4,836950245
4058,26,35,4,836950379
4059,27,1,3,962685262
4060,27,482,4,962685711
4061,27,461,5,962685351
4062,27,1401,4,962685318
4063,27,503,3,962685387
4064,27,505,5,962684909
4065,27,299,2,962685762
4066,27,528,2,962685387
4067,27,2140,3,962685525
4068,27,16,4,962686637
4069,27,18,4,962685941
4070,27,21,5,965149932
4071,27,472,4,962685351
4072,27,23,4,965150022
4073,27,2141,3,962685262
4074,27,640,3,962685569
4075,27,27,4,962685912
4076,27,33,4,962685883
4077,27,324,4,962685262
4078,27,38,4,962685941
4079,27,39,3,962685569
4080,27,40,2,962685762
4081,27,42,3,962685941
4082,27,1097,5,962686299
4083,27,43,3,962686571
4084,27,693,4,962685470
4085,27,696,2,962685525
4086,27,2142,4,962685711
4087,27,332,4,965149631
4088,27,1440,5,965149512
4089,27,1098,4,965151031
4090,27,337,4,962686447
4091,27,724,2,962686660
4092,27,2143,4,965149694
4093,27,714,4,962685883
4094,27,1769,2,962686260
4095,27,1772,4,962685966
4096,27,1448,4,962685525
4097,27,1774,4,965149756
4098,27,1775,5,965149533
4099,27,2144,4,965149552
4100,27,66,5,962686711
4101,27,725,4,965150230
4102,27,67,4,962686730
4103,27,1100,5,962686041
4104,27,69,4,962686386
4105,27,70,5,965150190
4106,27,71,5,965150190
4107,27,1029,1,962686447
4108,27,1103,4,965149552
4109,27,1104,5,962686825
4110,27,74,4,962684909
4111,27,79,1,962684822
4112,27,865,2,965149490
4113,27,355,4,962686417
4114,27,2145,5,962686386
4115,27,86,5,965151115
4116,27,1111,4,965149456
4117,27,2146,5,965149756
4118,27,361,3,965149456
4119,27,1166,3,962685883
4120,27,2147,2,962686343
4121,27,94,3,962686682
4122,27,1483,3,962685802
4123,27,1493,2,962685318
4124,27,102,3,962686758
4125,27,727,4,962686711
4126,27,1496,2,962685470
4127,27,2148,3,962685525
4128,27,988,5,965149814
4129,27,996,4,965150368
4130,27,376,4,962685318
4131,27,114,2,962685711
4132,27,380,5,965149512
4133,27,2092,3,962686509
4134,27,120,4,965150068
4135,27,2149,2,962686805
4136,27,1553,2,962686260
4137,27,124,4,962685470
4138,27,126,4,965149992
4139,27,1778,3,962685470
4140,27,272,4,965149710
4141,27,1036,3,965149586
4142,27,131,4,965150412
4143,27,998,4,965149969
4144,27,135,4,965150230
4145,27,2150,3,962685569
4146,27,387,5,965150954
4147,27,2151,5,965150942
4148,27,141,4,965149969
4149,27,142,2,965149969
4150,27,1593,2,962685318
4151,27,2152,2,965151086
4152,27,1601,3,962685318
4153,27,155,4,965150256
4154,27,1610,4,965151172
4155,27,161,5,965150090
4156,27,165,4,965149571
4157,27,2153,3,965151252
4158,27,2154,3,965151214
4159,27,1784,5,965149694
4160,27,172,5,965151428
4161,27,173,4,962686758
4162,27,1640,4,962685387
4163,27,1642,3,962685711
4164,27,2155,2,962685525
4165,27,2156,2,962685470
4166,27,189,4,965149533
4167,27,1181,4,965149552
4168,27,194,1,965150213
4169,27,199,2,965151190
4170,27,2157,4,965150115
4171,27,203,4,962686486
4172,27,1687,4,965150213
4173,27,736,4,962685262
4174,27,1786,3,962685262
4175,27,205,2,965149621
4176,27,208,3,962684796
4177,27,2158,4,965149469
4178,27,215,4,962686549
4179,27,2159,5,965149512
4180,27,1722,4,962686637
4181,27,217,4,965149969
4182,27,218,5,965150022
4183,27,424,4,965150115
4184,27,2160,3,965149901
4185,27,1042,4,962685074
4186,27,2161,4,962686529
4187,27,1145,4,965149571
4188,27,1871,1,965150504
4189,27,1187,3,962685032
4190,27,2162,3,965149357
4191,27,230,1,965149421
4192,27,2163,4,965149368
4193,27,232,2,962686409
4194,28,3,3,1234570483
4195,28,491,2,1234570375
4196,28,292,3,1242290535
4197,28,2164,1,1242290862
4198,28,260,2,1234334920
4199,28,293,3,1234335329
4200,28,4,3,1235975946
4201,28,5,3,1234337966
4202,28,505,3,1242290542
4203,28,516,2,1234516201
4204,28,8,3,1234515793
4205,28,526,1,1242290926
4206,28,2165,2,1242289858
4207,28,531,3,1242032929
4208,28,1027,3,1277002294
4209,28,2166,3,1242107980
4210,28,557,3,1234334917
4211,28,466,3,1242033136
4212,28,16,4,1234338579
4213,28,469,3,1234570350
4214,28,589,4,1234338073
4215,28,17,4,1234338046
4216,28,470,2,1242288446
4217,28,18,4,1277002153
4218,28,233,3,1234338000
4219,28,604,3,1242031731
4220,28,311,4,1242290330
4221,28,20,3,1234516073
4222,28,611,3,1242033139
4223,28,21,4,1243837724
4224,28,622,1,1234516131
4225,28,2167,2,1240817486
4226,28,1157,1,1234516283
4227,28,2168,2,1235806094
4228,28,26,3,1234515692
4229,28,475,2,1234515703
4230,28,318,4,1234334912
4231,28,27,2,1234515708
4232,28,2169,3,1242290652
4233,28,2170,4,1242032956
4234,28,657,3,1242032407
4235,28,661,3,1242032861
4236,28,29,3,1234570054
4237,28,975,3,1234571468
4238,28,1095,4,1234335500
4239,28,32,3,1242032366
4240,28,1158,3,1234515790
4241,28,479,4,1234515689
4242,28,33,4,1242290279
4243,28,34,2,1234516064
4244,28,35,2,1234570144
4245,28,325,3,1234514490
4246,28,37,3,1243837137
4247,28,2171,3,1242288183
4248,28,261,2,1242290414
4249,28,1096,3,1240211636
4250,28,2172,3,1234570614
4251,28,1426,1,1234334947
4252,28,41,1,1234516070
4253,28,42,2,1234516417
4254,28,1160,3,1235806117
4255,28,43,3,1234516111
4256,28,2173,2,1242033023
4257,28,1028,4,1234338178
4258,28,330,3,1243837286
4259,28,331,2,1234334934
4260,28,724,3,1234516770
4261,28,716,2,1234516298
4262,28,1135,2,1234515645
4263,28,58,2,1242290453
4264,28,1449,3,1234334914
4265,28,62,3,1243837515
4266,28,63,3,1234338253
4267,28,65,2,1242290949
4268,28,833,3,1234570537
4269,28,725,3,1234516135
4270,28,2174,3,1234334932
4271,28,1451,2,1234516167
4272,28,68,3,1234338716
4273,28,2175,3,1243837744
4274,28,69,4,1234338139
4275,28,70,2,1243837364
4276,28,71,2,1234569517
4277,28,351,2,1243837575
4278,28,1029,4,1234338743
4279,28,1103,4,1234338285
4280,28,72,2,1234516765
4281,28,73,3,1234516758
4282,28,1136,3,1235805640
4283,28,74,4,1234515113
4284,28,75,4,1234338180
4285,28,76,3,1234338454
4286,28,1452,3,1234515861
4287,28,1137,4,1234338282
4288,28,79,4,1234338173
4289,28,1106,2,1243837368
4290,28,2079,3,1234338465
4291,28,1139,3,1234569526
4292,28,82,4,1234515680
4293,28,1165,3,1234338202
4294,28,2083,4,1234515648
4295,28,2176,3,1277001848
4296,28,83,4,1243837314
4297,28,357,4,1234338735
4298,28,2177,2,1234334960
4299,28,87,2,1234337747
4300,28,1111,3,1234338468
4301,28,2178,3,1235805655
4302,28,1166,3,1234337804
4303,28,977,4,1234338775
4304,28,271,4,1234334902
4305,28,1167,2,1234571939
4306,28,2179,2,1242290702
4307,28,364,3,1234570448
4308,28,2180,3,1277002141
4309,28,99,2,1242290662
4310,28,1031,4,1234336847
4311,28,102,3,1234516117
4312,28,727,3,1242290563
4313,28,103,2,1234516422
4314,28,1007,3,1277002267
4315,28,984,2,1242290718
4316,28,728,4,1234515687
4317,28,104,3,1235975955
4318,28,106,2,1242032374
4319,28,366,2,1242290294
4320,28,1501,2,1242033151
4321,28,1032,3,1234572121
4322,28,2181,2,1242289781
4323,28,729,1,1242289815
4324,28,234,3,1235806527
4325,28,1169,2,1242031770
4326,28,109,4,1242031360
4327,28,1516,3,1277001863
4328,28,1517,3,1242032528
4329,28,2182,3,1242032383
4330,28,2091,2,1242032351
4331,28,1536,4,1234572108
4332,28,2039,4,1234338731
4333,28,1543,2,1234334964
4334,28,118,2,1234515694
4335,28,120,2,1242290920
4336,28,2183,5,1234334942
4337,28,837,3,1234516183
4338,28,122,3,1234515641
4339,28,127,2,1242290303
4340,28,1558,1,1242290877
4341,28,134,4,1234334929
4342,28,143,3,1234337742
4343,28,1141,3,1234338803
4344,28,2184,2,1242288296
4345,28,1580,2,1242033049
4346,28,145,3,1242031764
4347,28,2185,2,1242290244
4348,28,1037,4,1234515996
4349,28,148,2,1234569909
4350,28,150,2,1242290159
4351,28,2186,4,1242031785
4352,28,1864,2,1234516006
4353,28,1176,2,1234516502
4354,28,157,3,1242290428
4355,28,1115,4,1234516086
4356,28,163,2,1234338784
4357,28,1627,1,1242290775
4358,28,166,3,1234338189
4359,28,167,4,1234338350
4360,28,168,3,1234335075
4361,28,2187,3,1242287649
4362,28,172,4,1234516355
4363,28,400,2,1242290871
4364,28,2094,3,1234569659
4365,28,734,1,1234516443
4366,28,1179,3,1242290771
4367,28,181,1,1234515987
4368,28,402,3,1234570602
4369,28,403,2,1242290637
4370,28,2188,2,1242289152
4371,28,185,4,1234338144
4372,28,2189,3,1242288232
4373,28,2097,2,1242288441
4374,28,188,3,1242290561
4375,28,189,3,1234515124
4376,28,1181,3,1234515633
4377,28,2190,2,1242106555
4378,28,193,3,1234338005
4379,28,1669,4,1234334945
4380,28,194,3,1277002126
4381,28,198,2,1243837492
4382,28,2041,2,1234334969
4383,28,2191,3,1242032934
4384,28,199,3,1277002147
4385,28,201,3,1242290417
4386,28,2192,4,1242032411
4387,28,2193,2,1242031396
4388,28,2194,2,1242290922
4389,28,204,2,1234570479
4390,28,1038,2,1277002264
4391,28,2195,2,1234337236
4392,28,841,2,1242290846
4393,28,1121,2,1242290443
4394,28,416,1,1242290498
4395,28,206,3,1242290485
4396,28,2196,2,1242031255
4397,28,2197,3,1235805650
4398,28,2198,2,1234570524
4399,28,2199,4,1242033046
4400,28,2200,3,1242032417
4401,28,2201,2,1242289707
4402,28,2202,3,1242289079
4403,28,2203,3,1234569650
4404,28,2204,4,1242290937
4405,28,1185,3,1234336470
4406,28,1011,4,1234338619
4407,28,419,2,1236314754
4408,28,842,4,1242288907
4409,28,2205,4,1234571883
4410,28,211,2,1242288921
4411,28,422,3,1242290472
4412,28,1122,3,1234338164
4413,28,1039,3,1242032361
4414,28,424,4,1234338748
4415,28,1040,3,1242290213
4416,28,1041,4,1242033133
4417,28,2206,2,1243837349
4418,28,1042,3,1234516154
4419,28,2122,3,1242289161
4420,28,220,4,1234515839
4421,28,1145,3,1234338535
4422,28,1123,2,1234338153
4423,28,224,3,1234337751
4424,28,1795,2,1234334925
4425,28,2207,4,1236313787
4426,28,229,3,1234516011
4427,28,430,3,1234334923
4428,28,740,3,1242031893
4429,28,278,2,1234338572
4430,28,2208,3,1236315133
4431,28,431,4,1236319976
4432,28,2209,3,1242290171
4433,28,742,3,1242290656
4434,28,432,2,1234515852
4435,28,1022,3,1234338576
4436,28,2042,3,1242290247
4437,28,1804,3,1242288498
4438,28,1043,3,1242290467
4439,28,437,3,1242031777
4440,28,440,3,1236313568
4441,28,2210,3,1242031374
4442,28,2211,2,1235976182
4443,28,744,4,1242032494
4444,28,445,3,1234337963
4445,28,2212,2,1242290762
4446,28,2213,2,1237619121
4447,28,1192,3,1234338745
4448,28,2214,2,1277002280
4449,28,1814,1,1234516387
4450,28,747,3,1242290689
4451,28,1818,3,1242289915
4452,28,1819,3,1277002284
4453,28,2215,3,1235975740
4454,28,2216,2,1240817515
4455,28,2217,3,1236314250
4456,28,1825,2,1242290187
4457,28,2218,2,1242289083
4458,28,2123,2,1234514717
4459,28,751,3,1277001932
4460,28,1125,4,1234335490
4461,28,457,2,1236314736
4462,28,754,3,1234338192
4463,28,755,3,1236313511
4464,28,2219,2,1242290723
4465,28,2220,4,1234340468
4466,28,2221,2,1242289767
4467,28,2222,4,1234340571
4468,28,2223,3,1242289147
4469,28,2224,3,1243837736
4470,28,2225,3,1242288954
4471,28,757,3,1234515706
4472,28,758,4,1234516357
4473,28,1199,3,1234569648
4474,28,759,3,1234516004
4475,28,2226,3,1237619224
4476,28,761,3,1242288783
4477,28,762,3,1277002131
4478,28,2227,2,1242289900
4479,28,2045,2,1234340430
4480,28,1849,2,1242290315
4481,28,2228,3,1234515119
4482,28,2229,2,1242108379
4483,28,2230,3,1234338175
4484,28,1127,4,1234338696
4485,28,1204,3,1234572104
4486,28,2231,3,1242290271
4487,28,765,3,1234338346
4488,28,2232,3,1236319971
4489,28,857,2,1242290554
4490,28,766,3,1236314244
4491,28,1206,3,1234337599
4492,28,1854,1,1234516438
4493,28,2233,1,1242290481
4494,28,768,2,1234515699
4495,28,769,3,1234516336
4496,28,1210,2,1242290221
4497,28,2234,3,1234571930
4498,28,1046,3,1234572111
4499,28,770,2,1234516304
4500,28,2235,4,1234516415
4501,28,771,2,1242031882
4502,28,1212,1,1242290928
4503,28,2236,2,1237619395
4504,28,2237,3,1242288458
4505,28,2238,4,1242032404
4506,28,2047,2,1236314713
4507,28,2239,2,1240817387
4508,28,1215,2,1243837639
4509,28,2240,3,1242032439
4510,28,2241,4,1240211660
4511,28,1148,3,1236228466
4512,28,235,4,1234515778
4513,28,2242,3,1242288799
4514,28,773,3,1234516339
4515,28,2243,3,1234515870
4516,28,2244,3,1236313576
4517,28,2245,3,1242290204
4518,28,2246,3,1242033113
4519,28,2247,1,1243837374
4520,28,2248,3,1242289886
4521,28,2249,3,1242289903
4522,28,2250,2,1235805921
4523,28,2251,2,1236314730
4524,28,2114,3,1242032858
4525,28,774,3,1242032883
4526,28,775,3,1234338343
4527,28,2252,3,1240211839
4528,28,1130,2,1277001831
4529,28,1048,4,1234341377
4530,28,777,2,1242288761
4531,28,886,4,1234516149
4532,28,2253,4,1234337756
4533,28,2254,2,1235976155
4534,28,2255,4,1235975729
4535,28,2256,4,1234337227
4536,28,2257,5,1234337731
4537,28,2258,2,1243837355
4538,28,2259,4,1235806217
4539,28,2260,4,1234570622
4540,28,778,3,1234338471
4541,28,1226,2,1234516204
4542,28,2261,4,1242290283
4543,28,2262,3,1237619403
4544,28,2263,2,1236311537
4545,28,2264,4,1234337791
4546,28,783,3,1234572135
4547,28,1227,3,1242290779
4548,28,1049,4,1234516108
4549,28,784,3,1236314239
4550,28,236,3,1234340436
4551,28,2265,3,1234516426
4552,28,2266,2,1243837559
4553,28,2267,2,1234337380
4554,28,2268,2,1242289874
4555,28,792,2,1236313688
4556,28,1230,4,1234338550
4557,28,2269,3,1234570527
4558,28,795,3,1243837502
4559,28,797,3,1236313795
4560,28,2270,2,1234516433
4561,28,2271,3,1242288165
4562,28,2272,2,1234515866
4563,28,1232,4,1235975723
4564,28,2273,4,1235975772
4565,28,2274,3,1242289677
4566,28,2275,3,1242031891
4567,28,2276,3,1234514493
4568,28,2277,2,1234850414
4569,28,2278,2,1242032514
4570,28,2279,2,1234850089
4571,28,1131,4,1234335514
4572,28,2280,1,1242290224
4573,28,2281,2,1234850044
4574,28,1235,3,1234338340
4575,28,2050,4,1234341382
4576,28,891,4,1234337586
4577,28,801,3,1242288990
4578,28,2282,3,1234570410
4579,28,2283,3,1235805645
4580,28,2284,3,1242288487
4581,28,2285,2,1242290865
4582,28,807,3,1277001858
4583,28,1239,3,1277002101
4584,28,2286,2,1236313784
4585,28,809,4,1234515711
4586,28,2287,3,1235806520
4587,28,2288,4,1234341077
4588,28,895,2,1234516121
4589,28,810,4,1234338148
4590,28,812,3,1234516420
4591,28,1241,3,1234516309
4592,28,813,3,1234516113
4593,28,1242,4,1234335507
4594,28,2052,3,1242288890
4595,28,2289,2,1242288187
4596,28,2290,2,1236314245
4597,28,2291,3,1242033038
4598,28,1244,4,1234337635
4599,28,1245,3,1277002259
4600,28,2292,2,1234570516
4601,28,2293,3,1235806532
4602,28,814,2,1234341011
4603,28,1249,4,1234337997
4604,28,2294,2,1236313815
4605,28,2295,3,1234338567
4606,28,2296,3,1242290492
4607,28,2297,3,1242289778
4608,28,2298,3,1240816043
4609,28,2299,2,1242288972
4610,28,896,2,1236313806
4611,28,897,2,1236313271
4612,28,1895,2,1234516078
4613,28,2300,2,1242290573
4614,28,2301,4,1234341471
4615,28,2054,3,1234515787
4616,28,2302,2,1234340470
4617,28,2303,4,1234341071
4618,28,2304,3,1242033072
4619,28,2305,3,1277002331
4620,28,2306,2,1242290327
4621,28,1251,3,1234515844
4622,28,2307,4,1234338584
4623,28,1252,2,1235806205
4624,28,2308,3,1234571477
4625,28,1254,3,1234337349
4626,28,2309,2,1234337337
4627,28,2310,2,1236313534
4628,28,1256,2,1243837448
4629,28,2311,2,1236319973
4630,28,899,3,1242288778
4631,28,2312,2,1234570360
4632,28,2313,3,1236314716
4633,28,2314,3,1234337674
4634,28,2315,2,1242290768
4635,28,2316,4,1242290334
4636,28,238,2,1234340364
4637,28,2317,3,1234338028
4638,28,1051,3,1234335493
4639,28,1052,1,1234338427
4640,28,822,2,1242032873
4641,28,2318,2,1242109131
4642,28,2319,4,1235975785
4643,28,824,3,1234338817
4644,28,825,2,1234572138
4645,28,2320,4,1234337638
4646,28,1260,2,1242290424
4647,28,2321,3,1242289880
4648,28,2322,3,1236228709
4649,28,2323,3,1234337590
4650,28,2324,2,1242290759
4651,28,2325,2,1242109122
4652,28,2326,1,1234338068
4653,28,2327,3,1234340433
4654,28,1262,2,1236313693
4655,28,900,4,1234515873
4656,28,2328,2,1242289917
4657,28,2329,2,1240211511
4658,28,2330,2,1236313504
4659,28,2056,2,1234338628
4660,28,2331,2,1234572127
4661,28,1263,2,1242288430
4662,28,2332,3,1234338058
4663,28,2333,5,1234341270
4664,28,1907,1,1242290446
4665,28,2334,2,1234337605
4666,28,2335,1,1234335379
4667,28,1268,2,1242032400
4668,28,903,4,1234338764
4669,28,2058,3,1242032422
4670,28,2336,2,1234340486
4671,28,2337,2,1234340488
4672,28,2338,3,1234338456
4673,28,2339,2,1242289755
4674,28,2340,3,1234570629
4675,28,2341,3,1234340443
4676,28,1271,4,1234338278
4677,28,1272,3,1234338544
4678,28,2342,2,1242288903
4679,28,1273,2,1234570192
4680,28,1274,3,1235975952
4681,28,2343,3,1236315140
4682,28,2344,3,1234340956
4683,28,1275,2,1234341008
4684,28,2059,4,1234338039
4685,28,2345,3,1234338625
4686,28,2346,1,1242032944
4687,28,1054,4,1277001923
4688,28,904,2,1243837445
4689,28,2347,3,1242289053
4690,28,2348,2,1240211643
4691,28,2061,3,1234340899
4692,28,2349,2,1235805913
4693,28,2129,2,1242290495
4694,28,1277,2,1242289912
4695,28,1278,4,1242289883
4696,28,1279,4,1234338182
4697,28,2350,0,1234335308
4698,28,239,3,1234337988
4699,28,2351,3,1242290671
4700,28,2352,4,1235806122
4701,28,2353,2,1234853569
4702,28,1055,4,1234338546
4703,28,1912,4,1234338711
4704,28,2354,2,1235975904
4705,28,1284,3,1234572131
4706,28,2355,3,1242033012
4707,28,1056,4,1234338025
4708,28,2356,4,1234335266
4709,28,2357,2,1242290262
4710,28,2358,2,1234853684
4711,28,1286,4,1240817508
4712,28,2359,2,1234853778
4713,28,2360,3,1234570390
4714,28,2361,3,1234854184
4715,28,2362,4,1234336526
4716,28,2363,2,1234850432
4717,28,2130,2,1234854178
4718,28,2131,2,1242290318
4719,28,2364,4,1234853871
4720,28,2365,3,1234850150
4721,28,2366,2,1234338142
4722,28,2367,2,1234854175
4723,28,2064,2,1234853862
4724,28,2368,3,1234335260
4725,28,2369,3,1234853868
4726,28,2370,2,1234853784
4727,28,2371,3,1234853673
4728,28,2372,2,1234338810
4729,28,2373,2,1234853561
4730,28,2374,2,1234853555
4731,28,2375,2,1234853233
4732,28,2376,3,1234853237
4733,28,2377,3,1234853223
4734,28,2378,3,1234335269
4735,28,2379,3,1242107787
4736,28,1916,4,1234337982
4737,28,912,3,1234853160
4738,28,2380,2,1235975882
4739,28,2381,3,1234340334
4740,28,2382,3,1234850172
4741,28,2065,2,1235975894
4742,28,1058,4,1234570126
4743,28,2383,4,1234850141
4744,28,1151,3,1240816020
4745,28,1290,4,1234341141
4746,28,2384,2,1242288321
4747,28,2385,3,1234850075
4748,28,2386,3,1234850034
4749,28,2387,2,1234340341
4750,28,2388,3,1277002092
4751,28,2389,3,1242883379
4752,28,2390,3,1242883383
4753,28,1059,3,1277001822
4754,28,1296,3,1242883367
4755,28,1152,3,1242883340
4756,28,1918,4,1277002158
4757,28,2391,3,1277002828
4758,28,1061,4,1277001890
4759,28,2392,1,1277002289
4760,28,2393,2,1277001836
4761,28,2394,3,1277001895
4762,28,291,2,1277002257
4763,28,927,5,1277001853
4764,29,5,3,1308007653
4765,29,464,4,1362016794
4766,29,532,4,1362016840
4767,29,534,3,1307905797
4768,29,17,3,1362016789
4769,29,18,4,1362016849
4770,29,233,4,1307907071
4771,29,21,4,1362016780
4772,29,723,4,1310788122
4773,29,43,4,1362016798
4774,29,1028,4,1307907013
4775,29,333,4,1307945605
4776,29,265,4,1362016608
4777,29,724,5,1307906672
4778,29,2395,5,1307906372
4779,29,976,3,1307905898
4780,29,68,4,1308084085
4781,29,71,4,1307906966
4782,29,1103,5,1307907031
4783,29,2396,4,1308084015
4784,29,73,4,1308084034
4785,29,1136,4,1308025043
4786,29,75,4,1308025032
4787,29,79,4,1308084128
4788,29,80,4,1307905945
4789,29,2397,4,1307908267
4790,29,355,5,1308024986
4791,29,2145,4,1307906969
4792,29,86,4,1307906647
4793,29,269,5,1308084090
4794,29,2178,4,1308084157
4795,29,979,2,1307905878
4796,29,95,5,1405816272
4797,29,104,5,1315262432
4798,29,2398,1,1307906072
4799,29,2399,3,1307905957
4800,29,2400,4,1362016593
4801,29,2401,4,1307905911
4802,29,122,5,1362016835
4803,29,2402,4,1307905970
4804,29,1177,3,1307905816
4805,29,182,3,1307905804
4806,29,186,4,1307905862
4807,29,189,4,1307905845
4808,29,1181,4,1307907122
4809,29,2403,4,1362016600
4810,29,214,3,1307906080
4811,29,220,5,1362016881
4812,29,426,3,1307906057
4813,29,1145,4,1307907026
4814,29,744,4,1405816293
4815,29,1192,4,1307906981
4816,29,2404,2,1307906020
4817,29,2220,4,1405816200
4818,29,761,4,1405816207
4819,29,1206,5,1308084202
4820,29,1046,4,1405816264
4821,29,1214,4,1307945581
4822,29,2405,4,1307906727
4823,29,2406,3,1311834931
4824,29,2407,4,1309069525
4825,29,2408,4,1308138832
4826,29,1131,5,1362016752
4827,29,238,4,1308084039
4828,29,1051,4,1307906679
4829,29,1262,4,1307948222
4830,29,2059,4,1308084198
4831,29,1054,4,1309069586
4832,29,2409,4,1310804277
4833,29,1059,5,1307906345
4834,29,1061,4,1307906685
4835,29,246,4,1362016591
4836,29,935,4,1307907049
4837,29,1155,5,1310787896
4838,29,1328,3,1307906652
4839,29,2410,4,1309585079
4840,29,2411,4,1362016565
4841,29,252,4,1362016549
4842,29,1073,4,1405816277
4843,29,1357,4,1405816130
4844,29,1076,4,1405816122
4845,30,8,5,1500370456
4846,30,16,5,1500370339
4847,30,233,5,1500370344
4848,30,479,3,1500370430
4849,30,1135,4,1500370436
4850,30,69,5,1500370341
4851,30,71,5,1500370343
4852,30,1029,3,1500370434
4853,30,74,5,1500370347
4854,30,82,3,1500370449
4855,30,90,5,1500370351
4856,30,167,5,1500370345
4857,30,754,5,1500370423
4858,30,765,5,1500370399
4859,30,775,5,1500370349
4860,30,810,5,1500370439
4861,30,239,5,1500370398
4862,30,1055,5,1500370444
4863,30,1056,5,1500370453
4864,30,1152,5,1500370441
4865,30,916,5,1500370450
4866,30,245,5,1500370425
4867,30,250,5,1500370452
4868,30,1945,5,1500370378
4869,30,949,5,1500370369
4870,30,2412,5,1500370373
4871,30,1954,4,1500370371
4872,30,1981,4,1500370367
4873,30,254,5,1500370443
4874,30,1076,5,1500370446
4875,30,1078,5,1500370426
4876,30,1998,5,1500370457
4877,30,1363,4,1500370376
4878,30,1082,5,1500370440
4879,31,1,5,850466616
4880,31,484,3,850466642
4881,31,485,4,850466642
4882,31,487,4,850467366
4883,31,492,3,850466616
4884,31,496,2,850466616
4885,31,505,4,850466616
4886,31,525,4,850466616
4887,31,532,4,850467366
4888,31,605,4,850467366
4889,31,471,3,850467365
4890,31,622,5,850467368
4891,31,323,5,850467365
4892,31,2413,4,852207559
4893,31,2414,3,852208599
4894,31,38,5,850466616
4895,31,41,5,850466642
4896,31,42,4,850466616
4897,31,43,4,850466616
4898,31,693,4,850466660
4899,31,1026,5,850466810
4900,31,1431,2,850466679
4901,31,706,4,850467118
4902,31,336,5,850467425
4903,31,1135,5,850467468
4904,31,341,5,850466810
4905,31,61,4,850467063
4906,31,2415,2,850467444
4907,31,68,3,850467408
4908,31,69,4,850467408
4909,31,70,5,850467408
4910,31,71,4,850467408
4911,31,1029,3,850467408
4912,31,76,4,850467425
4913,31,2416,3,850467468
4914,31,82,4,850467408
4915,31,726,3,850467468
4916,31,85,2,850467444
4917,31,86,4,850467468
4918,31,88,5,850467425
4919,31,89,5,850467485
4920,31,270,4,850467485
4921,31,2417,4,850467078
4922,31,1166,4,850466719
4923,31,2418,5,850466810
4924,31,2419,5,850466810
4925,31,362,5,850466810
4926,31,2420,3,852207084
4927,31,995,1,852207053
4928,31,232,5,850467468
4929,32,1,3,856736119
4930,32,2,3,856736172
4931,32,3,3,856736172
4932,32,485,4,856736173
4933,32,292,4,856737002
4934,32,495,3,856737205
4935,32,496,4,856736119
4936,32,497,4,856736347
4937,32,293,4,856736119
4938,32,462,4,856736172
4939,32,463,3,856737205
4940,32,5,5,856737002
4941,32,295,3,856736227
4942,32,296,5,856736227
4943,32,505,3,856736119
4944,32,2421,4,856736316
4945,32,2422,4,856736477
4946,32,516,3,856736119
4947,32,517,4,856736290
4948,32,524,3,856736262
4949,32,525,4,856736119
4950,32,465,3,856737123
4951,32,2423,5,856737270
4952,32,2424,4,856737166
4953,32,557,4,856737388
4954,32,561,3,856737081
4955,32,2425,4,856737338
4956,32,569,3,856737082
4957,32,16,5,856736227
4958,32,308,5,856737045
4959,32,2071,5,856737123
4960,32,584,4,856737338
4961,32,17,5,856737001
4962,32,596,4,856737002
4963,32,233,5,856737003
4964,32,599,3,856737165
4965,32,604,3,856737205
4966,32,605,4,856737123
4967,32,311,5,856737044
4968,32,611,3,856737270
4969,32,314,3,856737165
4970,32,617,4,856737270
4971,32,973,3,856736227
4972,32,474,3,856737082
4973,32,637,4,856737270
4974,32,2426,3,856737165
4975,32,654,5,856737045
4976,32,29,4,856737205
4977,32,975,4,856737044
4978,32,321,5,856737123
4979,32,322,4,856737123
4980,32,32,3,856737338
4981,32,34,5,856737044
4982,32,35,5,856737081
4983,32,37,5,856736172
4984,32,830,4,856736505
4985,32,675,3,856736262
4986,32,38,3,856736119
4987,32,1159,3,856736227
4988,32,39,3,856736262
4989,32,681,3,856736374
4990,32,326,4,856736227
4991,32,688,3,856736290
4992,32,41,4,856736172
4993,32,42,3,856736119
4994,32,1429,4,856736316
4995,32,43,3,856736119
4996,32,1026,3,856736227
4997,32,2427,3,856736173
4998,32,1431,1,856736227
4999,32,695,3,856736405
5000,32,697,4,856736290
5001,32,264,2,856736405
5002,32,706,4,856736316
5003,32,708,3,856736405
5004,32,336,5,856737165
5005,32,716,3,856736563
5006,32,1135,5,856737338
5007,32,720,4,856736405
5008,32,61,5,856736173
5009,32,343,4,856737044
5010,32,62,3,856737165
5011,32,344,4,856737338
5012,32,345,4,856737270
5013,32,347,4,856737123
5014,32,2428,5,856737082
5015,32,349,3,856736427
5016,32,69,4,856737165
5017,32,70,5,856737123
5018,32,71,5,856737270
5019,32,80,3,856737338
5020,32,1166,4,856736262
5021,32,1468,3,856736374
5022,32,362,5,856736427
5023,32,2420,4,856736374
5024,32,1476,2,856736519
5025,32,1477,4,856736477
5026,32,2086,3,856736652
5027,32,2429,4,856736579
5028,32,980,3,856736639
5029,32,2430,4,856736822
5030,32,2179,4,856736725
5031,33,1,3,939647444
5032,33,485,1,939654896
5033,33,488,2,939654896
5034,33,492,4,939654828
5035,33,292,4,939715904
5036,33,496,3,939646902
5037,33,2431,5,939654815
5038,33,293,3,939647370
5039,33,461,3,939646940
5040,33,462,5,939715317
5041,33,463,5,939654896
5042,33,500,2,939716739
5043,33,5,5,939646733
5044,33,296,4,939646784
5045,33,2432,4,939716218
5046,33,8,5,939648134
5047,33,464,3,939647816
5048,33,9,4,939715904
5049,33,531,3,939716218
5050,33,2423,3,939647873
5051,33,13,4,939648134
5052,33,559,3,939715955
5053,33,306,4,939648134
5054,33,2433,3,939716778
5055,33,467,4,939715904
5056,33,308,5,939646733
5057,33,2071,4,939716778
5058,33,589,4,939716559
5059,33,17,5,939717613
5060,33,470,3,939648134
5061,33,590,3,939716327
5062,33,2434,5,939715286
5063,33,2435,4,939716559
5064,33,233,4,939716778
5065,33,2436,2,939716829
5066,33,604,5,939715369
5067,33,605,5,939719385
5068,33,311,4,939716327
5069,33,21,5,939654815
5070,33,2437,4,939716559
5071,33,2167,5,939647444
5072,33,2438,5,939716559
5073,33,1025,4,939715485
5074,33,2439,4,939716519
5075,33,26,5,939646784
5076,33,318,4,939715904
5077,33,647,3,939716738
5078,33,650,2,939646733
5079,33,654,4,939646939
5080,33,2170,4,939646733
5081,33,657,3,939647015
5082,33,320,5,939716661
5083,33,29,5,939716661
5084,33,975,4,939647873
5085,33,2440,5,939715485
5086,33,2441,1,939715414
5087,33,323,5,939646939
5088,33,479,4,939647370
5089,33,35,5,939647370
5090,33,37,4,939647444
5091,33,2442,5,939715859
5092,33,2443,4,939715369
5093,33,1160,4,939647370
5094,33,328,4,939715233
5095,33,2444,1,939716819
5096,33,702,5,939716327
5097,33,1436,4,939715591
5098,33,265,5,940422746
5099,33,45,5,940422746
5100,33,2445,5,939646939
5101,33,2446,3,939716819
5102,33,2447,4,939715955
5103,33,1162,4,939716519
5104,33,60,5,939646733
5105,33,833,4,939716778
5106,33,2448,3,939715369
5107,33,349,3,939647016
5108,33,350,4,939647873
5109,33,74,5,939647873
5110,33,75,3,939646865
5111,33,1165,5,939716472
5112,33,2083,5,939646820
5113,33,2177,3,939715825
5114,33,2449,5,939716738
5115,33,994,4,939648134
5116,33,977,4,939646820
5117,33,2450,3,939715749
5118,33,2420,4,939654896
5119,33,2451,2,939716472
5120,33,2452,5,939648134
5121,33,2453,3,939715749
5122,33,2454,3,939716855
5123,33,98,4,939719185
5124,33,2455,4,939646982
5125,33,1488,4,939716676
5126,33,2456,5,939715414
5127,33,102,3,939718916
5128,33,728,3,939646982
5129,33,1500,2,939719185
5130,33,104,5,939646982
5131,33,2457,2,939716819
5132,33,2458,4,939715591
5133,33,1009,5,939654815
5134,33,366,5,939647444
5135,33,2459,3,939654896
5136,33,1032,5,939715317
5137,33,1503,2,939654815
5138,33,2460,3,939715620
5139,33,2461,5,939715448
5140,33,2181,5,939715414
5141,33,729,4,939715324
5142,33,234,5,939646939
5143,33,367,5,939715485
5144,33,988,4,939646820
5145,33,110,4,939719185
5146,33,730,2,939647873
5147,33,2462,3,939715380
5148,33,2463,4,939715955
5149,33,113,2,939715591
5150,33,2464,3,939717614
5151,33,373,4,939715369
5152,33,1530,4,939716559
5153,33,991,3,939716519
5154,33,379,5,939647016
5155,33,122,5,939646902
5156,33,127,3,939646865
5157,33,272,4,940422746
5158,33,1780,3,940422746
5159,33,1564,2,939646865
5160,33,2465,3,939716739
5161,33,145,4,939715369
5162,33,2185,3,939715620
5163,33,147,2,939715749
5164,33,1593,3,939646982
5165,33,1594,3,939718916
5166,33,2466,4,939716738
5167,33,392,3,939646784
5168,33,2467,4,939647370
5169,33,393,2,939646982
5170,33,1601,5,939718916
5171,33,2468,5,939654747
5172,33,2469,2,939646982
5173,33,1609,4,939647444
5174,33,2470,3,939654747
5175,33,1000,2,939719385
5176,33,1115,3,939654747
5177,33,2471,2,939646784
5178,33,1627,4,939718916
5179,33,166,4,939654747
5180,33,167,5,939646784
5181,33,168,5,939646902
5182,33,2472,4,939718916
5183,33,1865,3,939646557
5184,33,402,4,939646424
5185,33,2473,4,939716738
5186,33,2474,5,939646680
5187,34,487,5,1162048773
5188,34,6,3,1162048002
5189,34,8,0,1162049056
5190,34,526,1,1162048012
5191,34,11,3,1162050915
5192,34,233,4,1162050357
5193,34,21,4,1162049069
5194,34,314,0,1162048916
5195,34,622,4,1162048796
5196,34,479,3,1163954746
5197,34,43,3,1162050135
5198,34,1135,2,1166463521
5199,34,362,1,1162050209
5200,34,1031,4,1162048875
5201,34,102,2,1162048827
5202,34,729,2,1162048961
5203,34,1512,3,1162048275
5204,34,988,0,1162048752
5205,34,1524,3,1162048144
5206,34,1777,4,1162047985
5207,34,146,5,1162048095
5208,34,392,2,1162233253
5209,34,274,1,1168811769
5210,34,2470,4,1168811334
5211,34,167,3,1162048690
5212,34,171,4,1162050143
5213,34,172,3,1162050129
5214,34,732,3,1162048836
5215,34,402,3,1162050482
5216,34,1182,2,1162048979
5217,34,193,4,1162049153
5218,34,1118,4,1163954620
5219,34,201,2,1166464035
5220,34,218,3,1168811503
5221,34,221,1,1162050185
5222,34,1014,4,1166464079
5223,34,1015,4,1162048501
5224,34,229,5,1162048832
5225,34,1797,3,1162050036
5226,34,741,4,1162047944
5227,34,432,5,1162049140
5228,34,2475,2,1162050228
5229,34,445,4,1162049184
5230,34,447,4,1162048053
5231,34,745,3,1162048723
5232,34,746,0,1162048162
5233,34,1816,4,1162048495
5234,34,1817,3,1162050120
5235,34,1819,5,1162050179
5236,34,868,4,1162048991
5237,34,748,4,1168811375
5238,34,1044,4,1162049097
5239,34,751,1,1162050046
5240,34,1126,4,1162049117
5241,34,2476,3,1163954882
5242,34,757,5,1162048858
5243,34,758,4,1162048024
5244,34,2477,2,1162050159
5245,34,760,2,1162048159
5246,34,765,1,1162049047
5247,34,2478,3,1168811107
5248,34,768,5,1162048745
5249,34,1210,4,1162050501
5250,34,2105,4,1166463791
5251,34,771,5,1162047962
5252,34,2479,3,1166464142
5253,34,2480,5,1166463958
5254,34,2047,5,1162049178
5255,34,2106,4,1166463676
5256,34,2109,4,1163954715
5257,34,235,5,1162048034
5258,34,773,0,1162048208
5259,34,2251,4,1162049159
5260,34,1048,4,1162048087
5261,34,885,4,1163954582
5262,34,2049,2,1163954952
5263,34,783,5,1162048948
5264,34,793,2,1162050052
5265,34,2481,4,1163954565
5266,34,2482,4,1163954693
5267,34,2483,3,1166463862
5268,34,2484,5,1166463947
5269,34,2485,3,1163954786
5270,34,893,2,1166464153
5271,34,2486,4,1166463868
5272,34,817,5,1162050637
5273,35,488,4,830939577
5274,35,292,5,830939505
5275,35,463,3,830939546
5276,35,5,5,830939598
5277,35,503,5,830939912
5278,35,505,5,830939748
5279,35,464,5,830939391
5280,35,540,5,830939521
5281,35,305,4,830939893
5282,35,14,3,830939488
5283,35,15,4,830939733
5284,35,561,4,830939695
5285,35,562,3,830939834
5286,35,569,4,830940246
5287,35,467,5,830939733
5288,35,468,2,830939546
5289,35,470,4,830939505
5290,35,18,3,830939438
5291,35,605,5,830939488
5292,35,310,4,830939941
5293,35,33,5,830940157
5294,35,34,4,830939391
5295,35,324,3,830939438
5296,36,496,2,1100803583
5297,36,597,0,1100803362
5298,36,233,4,1100804003
5299,36,2487,3,1100803734
5300,36,668,3,1100803739
5301,36,31,2,1100803437
5302,36,333,3,1100803350
5303,36,334,3,1100803999
5304,36,45,1,1100803557
5305,36,716,2,1100803714
5306,36,1772,2,1100803711
5307,36,345,3,1100803718
5308,36,64,2,1100803399
5309,36,346,1,1100803388
5310,36,79,2,1100803585
5311,36,1139,4,1100803365
5312,36,1107,2,1100803384
5313,36,2145,4,1100803705
5314,36,88,2,1100803373
5315,36,977,2,1100803352
5316,36,1469,3,1100803549
5317,36,1471,2,1100803435
5318,36,94,1,1100803431
5319,36,1485,0,1100803422
5320,36,98,2,1100803341
5321,36,365,2,1100803701
5322,36,104,4,1100803546
5323,36,234,3,1100803579
5324,36,374,3,1100803720
5325,36,120,2,1100803337
5326,36,1560,2,1100803686
5327,36,1141,2,1100803540
5328,36,2488,3,1100803893
5329,36,1594,1,1100803424
5330,36,395,4,1100803669
5331,36,1861,4,1100803664
5332,36,155,3,1100803401
5333,36,1002,2,1100803667
5334,36,2489,2,1100803683
5335,36,2490,3,1100803678
5336,36,2491,3,1100803882
5337,36,2492,1,1100803853
5338,36,1702,2,1100803868
5339,36,2493,4,1100803989
5340,36,2494,2,1100803617
5341,36,2403,4,1100803627
5342,36,2495,2,1100803862
5343,36,1017,3,1100803648
5344,36,2496,2,1100803848
5345,36,429,4,1100803381
5346,36,1805,2,1100803619
5347,36,1876,2,1100803624
5348,36,2497,2,1100803825
5349,36,755,1,1100803560
5350,36,2498,2,1100803813
5351,36,1839,3,1100803810
5352,36,2499,4,1100803807
5353,36,761,1,1100803567
5354,36,857,2,1100803576
5355,36,2500,3,1100803749
5356,37,464,5,845239388
5357,37,465,3,845239426
5358,37,532,5,845239426
5359,37,14,5,845239442
5360,37,588,4,845239483
5361,37,17,5,845239388
5362,37,18,5,845239442
5363,37,233,4,845239483
5364,37,600,3,845239483
5365,37,471,5,845239426
5366,37,20,4,845239442
5367,37,21,4,845239483
5368,37,473,2,845239388
5369,37,26,4,845239442
5370,37,33,4,845239388
5371,37,34,3,845239387
5372,37,35,5,845239426
5373,37,39,3,845926982
5374,37,1424,5,845239506
5375,37,720,5,845927014
5376,37,61,4,845239522
5377,38,488,5,841341447
5378,38,492,3,841341494
5379,38,292,3,841341362
5380,38,463,3,841341384
5381,38,1401,3,841341570
5382,38,5,5,841341362
5383,38,505,3,841341570
5384,38,520,3,841341618
5385,38,8,5,841341295
5386,38,464,4,841341161
5387,38,9,5,841341494
5388,38,465,3,841341195
5389,38,531,4,841341249
5390,38,11,1,841341715
5391,38,533,4,841341549
5392,38,1024,1,841341598
5393,38,2424,3,841341750
5394,38,550,1,841341271
5395,38,305,3,841341785
5396,38,13,5,841341650
5397,38,557,4,841341598
5398,38,15,4,841341515
5399,38,562,3,841341680
5400,38,2425,5,841341715
5401,38,569,2,841341494
5402,38,466,1,841341271
5403,38,468,1,841341405
5404,38,578,2,841341680
5405,38,584,3,841341447
5406,38,588,3,841341248
5407,38,17,3,841341163
5408,38,470,4,841341323
5409,38,598,3,841341362
5410,38,233,5,841341249
5411,38,600,3,841341249
5412,38,604,3,841341468
5413,38,605,3,841341271
5414,38,310,3,841341731
5415,38,609,4,841341428
5416,38,613,3,841341650
5417,38,21,3,841341271
5418,38,314,5,841341428
5419,38,472,2,841341323
5420,38,23,2,841341341
5421,38,315,4,841341598
5422,38,973,4,841341763
5423,38,622,3,841341341
5424,38,473,3,841341163
5425,38,474,3,841341323
5426,38,633,3,841341428
5427,38,634,2,841341249
5428,38,635,2,841341405
5429,38,637,3,841341428
5430,38,639,4,841341295
5431,38,26,5,841341220
5432,38,643,3,841341698
5433,38,644,3,841341715
5434,38,27,3,841341296
5435,38,648,3,841341650
5436,38,654,5,841341680
5437,38,28,3,841341362
5438,38,657,3,841341532
5439,38,320,2,841341467
5440,38,29,5,841341405
5441,38,322,3,841341405
5442,38,1420,4,841341549
5443,38,31,3,841341732
5444,38,1158,2,841341570
5445,38,2501,3,841341570
5446,38,828,3,841341384
5447,38,323,3,841341195
5448,38,33,4,841341161
5449,38,34,4,841341160
5450,38,35,3,841341220
5451,38,324,4,841341220
5452,38,481,2,841341384
5453,38,38,4,841341618
5454,38,42,2,841341598
5455,39,293,3,974787510
5456,39,4,3,974789632
5457,39,5,5,974788030
5458,39,16,5,974787510
5459,39,17,5,974789540
5460,39,472,4,974788976
5461,39,26,4,974789432
5462,39,323,4,974788841
5463,39,479,4,974788030
5464,39,34,4,974789632
5465,39,35,5,974788030
5466,39,480,3,974788841
5467,39,36,3,974788629
5468,39,37,5,974788126
5469,39,1422,4,974789035
5470,39,1097,4,974788030
5471,39,1028,4,974789111
5472,39,334,3,974787139
5473,39,724,2,974787586
5474,39,1774,3,974789035
5475,39,53,4,974788976
5476,39,2446,4,974787064
5477,39,54,3,974789035
5478,39,57,3,974789035
5479,39,1135,4,974788126
5480,39,61,3,974789854
5481,39,63,5,974788071
5482,39,66,4,974787586
5483,39,67,4,974789432
5484,39,68,4,974788244
5485,39,69,5,974789111
5486,39,70,5,974788384
5487,39,71,4,974789111
5488,39,1029,5,974787586
5489,39,74,5,974787586
5490,39,75,4,974789540
5491,39,76,5,974787510
5492,39,1452,5,974789432
5493,39,77,5,974788126
5494,39,1137,5,974789111
5495,39,2082,5,974788071
5496,39,84,5,974787836
5497,39,86,4,974787510
5498,39,1111,4,974788339
5499,39,89,1,974788629
5500,39,2146,4,974789232
5501,39,90,5,974789327
5502,39,2147,5,974787836
5503,39,1475,4,974788442
5504,39,94,3,974787637
5505,39,95,4,974789432
5506,39,98,4,974789727
5507,39,1031,2,974787510
5508,39,727,5,974787637
5509,39,728,4,974788126
5510,39,104,2,974788030
5511,39,1169,5,974789727
5512,39,1528,2,974787293
5513,39,376,2,974788976
5514,39,1536,5,974787586
5515,39,116,2,974789327
5516,39,117,4,974789854
5517,39,382,5,974788384
5518,39,1543,4,974787893
5519,39,121,3,974788629
5520,39,128,3,974788976
5521,39,272,3,974788841
5522,39,1035,2,974789035
5523,39,1036,3,974788841
5524,39,1567,5,974787893
5525,39,137,1,974788976
5526,39,142,3,974789854
5527,39,2502,5,974788538
5528,39,151,5,974787893
5529,39,2469,5,974789727
5530,39,159,3,974787893
5531,39,165,4,974787510
5532,39,167,5,974787586
5533,39,168,5,974789690
5534,39,399,5,974788442
5535,39,179,5,974789111
5536,39,180,5,974788709
5537,39,402,5,974788030
5538,39,185,5,974788291
5539,39,2097,4,974789632
5540,39,190,3,974789327
5541,39,195,4,974788841
5542,39,198,5,974788291
5543,39,1118,5,974789174
5544,39,2503,5,974787139
5545,39,200,3,974787064
5546,39,2196,3,974789375
5547,39,1692,5,974788976
5548,39,842,5,974789632
5549,39,2494,5,974788339
5550,39,1717,2,974789327
5551,39,423,5,974788538
5552,39,1756,4,974789035
5553,39,229,4,974787637
5554,39,430,5,974788481
5555,40,1,5,832058959
5556,40,492,5,832059273
5557,40,493,2,832059137
5558,40,292,4,832059053
5559,40,497,4,832059937
5560,40,260,4,832059371
5561,40,461,5,832059080
5562,40,972,3,832059393
5563,40,501,4,832059892
5564,40,1401,2,832059371
5565,40,503,4,832059509
5566,40,505,5,832059339
5567,40,2504,5,832060151
5568,40,519,1,832059697
5569,40,1403,4,832059716
5570,40,8,4,832059053
5571,40,1094,5,832059116
5572,40,2505,4,832060318
5573,40,299,3,832060287
5574,40,527,3,832060059
5575,40,464,5,832058854
5576,40,9,4,832059189
5577,40,465,3,832058897
5578,40,528,4,832059315
5579,40,529,3,832059770
5580,40,11,5,832059474
5581,40,532,4,832058897
5582,40,533,2,832059315
5583,40,1027,4,832059339
5584,40,1405,4,832059273
5585,40,541,3,832059273
5586,40,2506,3,832060204
5587,40,2424,5,832059474
5588,40,548,4,832060230
5589,40,550,2,832059012
5590,40,12,1,832059493
5591,40,555,4,832059458
5592,40,13,5,832059371
5593,40,557,4,832059339
5594,40,2507,3,832060190
5595,40,559,5,832059458
5596,40,14,1,832058959
5597,40,15,4,832059293
5598,40,561,4,832059137
5599,40,569,4,832059273
5600,40,571,2,832059371
5601,40,308,5,832059293
5602,40,468,4,832059080
5603,40,575,3,832059622
5604,40,2071,5,832059417
5605,40,578,1,832059458
5606,40,583,5,832059534
5607,40,588,3,832059012
5608,40,17,5,832058854
5609,40,470,5,832059012
5610,40,2508,5,832059622
5611,40,2434,5,832059644
5612,40,2435,5,832059658
5613,40,594,3,832059952
5614,40,596,5,832059734
5615,40,18,3,832058930
5616,40,598,4,832059080
5617,40,233,5,832058930
5618,40,599,4,832059585
5619,40,600,3,832058930
5620,40,601,3,832059921
5621,40,604,5,832059189
5622,40,605,3,832058959
5623,40,471,4,832058897
5624,40,609,5,832059787
5625,40,313,4,832059585
5626,40,611,3,832059840
5627,40,22,4,832060128
5628,40,472,5,832059644
5629,40,23,4,832059676
5630,40,620,4,832060059
5631,40,973,3,832060011
5632,40,473,3,832058854
5633,40,626,3,832060108
5634,40,474,3,832059053
5635,40,2141,3,832059863
5636,40,1156,5,832059493
5637,40,633,3,832059116
5638,40,634,3,832058959
5639,40,635,3,832059189
5640,40,637,4,832059716
5641,40,639,4,832059644
5642,40,26,3,832059534
5643,40,651,5,832060059
5644,40,320,3,832059716
5645,40,2509,5,832060128
5646,40,476,3,832059892
5647,40,1420,3,832059770
5648,40,32,5,832059273
5649,40,2501,3,832059863
5650,40,323,4,832058897
5651,40,33,4,832058854
5652,40,34,4,832058854
5653,40,324,3,832058930
5654,40,673,4,832060059
5655,40,1422,4,832059622
5656,40,674,3,832059734
5657,40,2510,5,832060442
5658,41,4,3,1458939486
5659,41,5,3,1459367479
5660,41,1094,2,1459367437
5661,41,304,2,1458939048
5662,41,585,3,1459367592
5663,41,589,4,1458933717
5664,41,17,5,1458933695
5665,41,21,2,1459367500
5666,41,314,4,1459368628
5667,41,473,0,1459367498
5668,41,1095,2,1459367431
5669,41,35,4,1458933734
5670,41,324,4,1459367521
5671,41,481,3,1458938948
5672,41,37,4,1458939466
5673,41,723,2,1459367433
5674,41,1160,4,1458933752
5675,41,337,3,1458939112
5676,41,724,2,1459367435
5677,41,864,1,1458939142
5678,41,63,2,1459367458
5679,41,66,3,1459367688
5680,41,1029,2,1459367478
5681,41,72,5,1458939506
5682,41,73,2,1459367446
5683,41,75,2,1459367440
5684,41,76,0,1459367443
5685,41,77,4,1459367455
5686,41,79,2,1459367467
5687,41,354,4,1459367677
5688,41,84,5,1458939478
5689,41,356,5,1459367673
5690,41,85,3,1459367661
5691,41,866,3,1458938964
5692,41,1485,3,1459368587
5693,41,1494,2,1458939387
5694,41,727,2,1459367550
5695,41,366,2,1458939146
5696,41,729,3,1458938835
5697,41,234,3,1459367527
5698,41,988,5,1458939738
5699,41,109,4,1458938846
5700,41,110,2,1458939104
5701,41,730,4,1458938919
5702,41,2091,3,1458938941
5703,41,1171,4,1459367625
5704,41,122,2,1459367469
5705,41,135,2,1459367648
5706,41,2040,5,1459368424
5707,41,145,2,1459367652
5708,41,392,4,1458933701
5709,41,148,4,1458933698
5710,41,167,2,1459367665
5711,41,732,3,1458938961
5712,41,179,4,1458939534
5713,41,401,5,1459368540
5714,41,1865,2,1458939383
5715,41,185,4,1458933687
5716,41,193,4,1458933677
5717,41,1183,3,1458938954
5718,41,415,4,1459367626
5719,41,2511,4,1458940228
5720,41,1701,2,1459367748
5721,41,422,3,1458938915
5722,41,220,4,1458939542
5723,41,740,0,1459367733
5724,41,1797,5,1459367646
5725,41,278,4,1458933711
5726,41,2512,4,1459368601
5727,41,432,3,1459367473
5728,41,1022,3,1459367471
5729,41,434,3,1459368459
5730,41,1043,5,1459367696
5731,41,437,4,1459368579
5732,41,440,3,1459367560
5733,41,445,4,1458942816
5734,41,2102,4,1458943777
5735,41,447,4,1458940118
5736,41,1191,2,1459367450
5737,41,745,3,1458939651
5738,41,1044,3,1458943578
5739,41,1195,5,1459367618
5740,41,1829,5,1459368429
5741,41,1125,5,1459367735
5742,41,2513,3,1458940253
5743,41,753,3,1458939699
5744,41,1126,4,1458933682
5745,41,1832,2,1458938813
5746,41,1835,3,1458939178
5747,41,870,4,1458938982
5748,41,1199,2,1459368584
5749,41,2477,3,1459367704
5750,41,763,3,1458939566
5751,41,764,1,1458939735
5752,41,765,2,1459367614
5753,41,766,4,1458939704
5754,41,1206,4,1458939707
5755,41,1147,4,1459367510
5756,41,1207,5,1459369130
5757,41,1209,4,1459368556
5758,41,876,4,1459367565
5759,41,771,3,1458939642
5760,41,2514,3,1459367590
5761,41,2047,3,1458939575
5762,41,2515,5,1459369045
5763,41,1148,3,1459367573
5764,41,235,5,1458939495
5765,41,2244,3,1459367542
5766,41,879,4,1459368679
5767,41,2516,5,1459368536
5768,41,883,5,1459367700
5769,41,1130,4,1458933684
5770,41,1048,5,1458939502
5771,41,2517,2,1458940235
5772,41,777,2,1459367546
5773,41,1227,3,1459367529
5774,41,2266,2,1459368422
5775,41,792,4,1459367644
5776,41,795,3,1459367596
5777,41,2518,4,1458943785
5778,41,2050,4,1458942832
5779,41,801,4,1459367588
5780,41,1891,3,1458940181
5781,41,893,3,1459367709
5782,41,2286,4,1459367568
5783,41,1892,4,1459367582
5784,41,813,3,1458943268
5785,41,2127,4,1458940071
5786,41,1246,3,1458940164
5787,41,898,4,1458940241
5788,41,1256,4,1458933754
5789,41,2311,4,1459368582
5790,41,899,3,1459367548
5791,41,1133,3,1458933746
5792,41,238,3,1459367539
5793,41,1052,3,1458939668
5794,41,826,3,1458939072
5795,41,2320,4,1459367658
5796,41,1053,4,1458939664
5797,41,900,2,1459368610
5798,41,1905,3,1458940187
5799,41,2057,0,1459367504
5800,41,2519,0,1458939744
5801,41,1270,4,1459367571
5802,41,903,3,1458939661
5803,41,1272,4,1458938862
5804,41,2520,4,1458939161
5805,41,1275,2,1459367707
5806,41,2059,5,1459368455
5807,41,904,2,1458939544
5808,41,2521,3,1458943261
5809,41,1279,4,1459367544
5810,41,1911,4,1459367515
5811,41,2522,3,1458939414
5812,41,1914,2,1458995086
5813,41,910,3,1458939033
5814,41,2131,3,1459367553
5815,41,2523,4,1458938969
5816,41,2064,3,1458938898
5817,41,1151,1,1459367563
5818,41,914,3,1458938927
5819,41,2524,3,1458939371
5820,41,2066,4,1459368463
5821,41,1293,4,1458943586
5822,41,241,4,1459367518
5823,41,916,4,1458938821
5824,41,1297,3,1459367594
5825,41,1060,3,1458938869
5826,41,920,3,1458939130
5827,41,2525,4,1459367490
5828,41,1302,4,1458939016
5829,41,245,0,1459367686
5830,41,247,2,1459367495
5831,41,1933,3,1458939555
5832,41,935,3,1459367496
5833,41,2526,1,1459367512
5834,41,2527,4,1459367523
5835,41,2132,3,1458940113
5836,41,2528,5,1459367663
5837,41,1330,3,1459368433
5838,41,942,4,1458942860
5839,41,2529,4,1458939149
5840,41,250,1,1458939520
5841,41,945,4,1458933680
5842,41,2530,2,1458943554
5843,41,2531,4,1458943201
5844,41,2532,4,1458939770
5845,41,252,4,1458933737
5846,41,2533,1,1458940266
5847,41,2534,3,1459368708
5848,41,2133,3,1458940195
5849,41,2535,3,1458939124
5850,41,1352,5,1459368419
5851,41,1975,4,1458943677
5852,41,1976,3,1458938841
5853,41,962,3,1458939514
5854,41,2536,1,1458940199
5855,41,2537,4,1458938979
5856,41,1358,3,1459367616
5857,41,2538,3,1458943362
5858,41,255,4,1458939648
5859,41,1077,3,1458939634
5860,41,1079,0,1458943601
5861,41,2539,4,1458939768
5862,41,257,0,1459367667
5863,41,2540,5,1459367741
5864,41,1365,4,1458995083
5865,41,258,2,1458939623
5866,41,1082,0,1459367333
5867,41,2541,0,1458940245
5868,41,2542,4,1459367507
5869,41,2019,3,1458943698
5870,41,2543,0,1459367339
5871,41,2021,2,1459367656
5872,41,1373,4,1458943547
5873,41,971,3,1458943809
5874,41,1380,1,1459367331
5875,42,2,4,996221045
5876,42,485,3,996220162
5877,42,487,5,996215205
5878,42,488,5,996219314
5879,42,491,5,996218017
5880,42,493,2,996256258
5881,42,292,4,996219086
5882,42,494,5,996219167
5883,42,4,4,996218105
5884,42,5,5,996217838
5885,42,510,4,996220615
5886,42,516,3,996214545
5887,42,519,4,996219699
5888,42,8,4,996217933
5889,42,2544,3,996221451
5890,42,523,3,996256102
5891,42,525,1,996220726
5892,42,2545,4,996220026
5893,42,464,5,996217989
5894,42,465,2,996255744
5895,42,531,3,996218708
5896,42,11,3,996219086
5897,42,532,2,996216316
5898,42,533,3,996220383
5899,42,1405,2,996221544
5900,42,540,4,996220893
5901,42,541,4,996220852
5902,42,1024,3,996256573
5903,42,544,3,996219752
5904,42,13,5,996218735
5905,42,558,4,996219167
5906,42,2546,4,996221233
5907,42,14,4,996220872
5908,42,560,4,996256613
5909,42,561,3,996220615
5910,42,569,4,996220225
5911,42,466,5,996215413
5912,42,572,3,996215225
5913,42,16,5,996261559
5914,42,580,4,996221323
5915,42,585,5,996220487
5916,42,588,3,996219167
5917,42,17,5,996214107
5918,42,591,2,996221407
5919,42,18,2,996219275
5920,42,233,4,996217804
5921,42,19,5,996214446
5922,42,471,2,996220343
5923,42,20,4,996218871
5924,42,609,4,996218988
5925,42,611,2,996220093
5926,42,21,5,996218222
5927,42,616,3,996221517
5928,42,617,3,996220309
5929,42,472,4,996218379
5930,42,315,3,996219212
5931,42,1410,2,996219774
5932,42,1411,2,996221323
5933,42,473,3,996219248
5934,42,624,4,996221208
5935,42,626,4,996221233
5936,42,2547,4,996255745
5937,42,474,2,996220754
5938,42,2548,2,996221492
5939,42,1413,2,996219191
5940,42,629,2,996215738
5941,42,2549,3,996256649
5942,42,1414,3,996215096
5943,42,2550,3,996221407
5944,42,633,3,996214645
5945,42,2551,4,996221323
5946,42,634,4,996221164
5947,42,2552,4,996220726
5948,42,1157,4,996221407
5949,42,26,4,996216038
5950,42,2553,3,996220584
5951,42,643,2,996221118
5952,42,644,4,996220026
5953,42,648,3,996256042
5954,42,1417,3,996220281
5955,42,650,3,996220133
5956,42,2170,4,996220661
5957,42,320,4,996218171
5958,42,660,2,996215153
5959,42,661,3,996218906
5960,42,29,4,996217804
5961,42,665,4,996256573
5962,42,668,4,996220852
5963,42,2554,5,996216357
5964,42,31,4,996220433
5965,42,32,5,996218080
5966,42,1158,5,996218222
5967,42,828,2,996219248
5968,42,33,4,996218404
5969,42,34,3,996258232
5970,42,35,5,996217838
5971,42,481,5,996218906
5972,42,2414,2,996221474
5973,42,675,2,996218239
5974,42,2555,3,996221269
5975,42,261,2,996216210
5976,42,38,5,996219248
5977,42,326,4,996218960
5978,42,41,2,996218488
5979,42,43,2,996220093
5980,42,2556,3,996256258
5981,42,1026,2,996221451
5982,42,1430,3,996219440
5983,42,1431,4,996221072
5984,42,2444,5,996218329
5985,42,1028,5,996213544
5986,42,708,2,996256386
5987,42,336,5,996261986
5988,42,724,5,996216038
5989,42,716,2,996221269
5990,42,1161,2,996220248
5991,42,1448,2,996221407
5992,42,2446,4,996215153
5993,42,1135,4,996216013
5994,42,58,2,996216279
5995,42,60,5,996218466
5996,42,720,4,996218442
5997,42,343,3,996258093
5998,42,864,3,996259001
5999,42,63,5,996217838
6000,42,64,5,996212773
6001,42,266,5,996219752
6002,42,346,1,996218443
6003,42,66,4,996212773
6004,42,976,4,996220701
6005,42,725,5,996213578
6006,42,267,5,996258339
6007,42,67,4,996258299
6008,42,2557,4,996220487
6009,42,69,3,996215831
6010,42,70,5,996258052
6011,42,74,5,996258118
6012,42,75,5,996214157
6013,42,1137,5,996213544
6014,42,79,5,996216146
6015,42,2416,5,996258009
6016,42,1165,5,996217857
6017,42,726,5,996214893
6018,42,85,5,996218017
6019,42,357,3,996218222
6020,42,86,4,996258052
6021,42,1456,4,996258536
6022,42,270,4,996258272
6023,42,866,4,996258165
6024,42,1462,3,996220248
6025,42,2558,3,996218222
6026,42,978,2,996216255
6027,42,1470,4,996260152
6028,42,1167,4,996258272
6029,42,1472,5,996258510
6030,42,1473,5,996221012
6031,42,362,2,996221269
6032,42,2420,4,996218988
6033,42,2559,2,996215096
6034,42,2560,2,996256206
6035,42,1481,4,996218934
6036,42,1482,3,996256069
6037,42,364,4,996218645
6038,42,2561,2,996220933
6039,42,1483,2,996256020
6040,42,2453,4,996219131
6041,42,1484,4,996214583
6042,42,1485,4,996214731
6043,42,2562,4,996221045
6044,42,1487,2,996256339
6045,42,98,5,996218348
6046,42,2563,3,996262592
6047,42,99,5,996214804
6048,42,100,3,996221045
6049,42,101,4,996218871
6050,42,102,4,996214503
6051,42,365,4,996219414
6052,42,984,4,996220054
6053,42,728,4,996218063
6054,42,1500,4,996220823
6055,42,104,2,996218105
6056,42,1008,3,996219752
6057,42,106,4,996218017
6058,42,366,3,996218735
6059,42,107,2,996256102
6060,42,1501,4,996219340
6061,42,1032,5,996218645
6062,42,1504,4,996258272
6063,42,2564,2,996221092
6064,42,2460,4,996219086
6065,42,2461,5,996218171
6066,42,834,3,996258317
6067,42,729,3,996218934
6068,42,986,3,996220661
6069,42,1509,1,996215883
6070,42,234,5,996214937
6071,42,1514,5,996219061
6072,42,2565,2,996221012
6073,42,1169,4,996218960
6074,42,730,5,996218988
6075,42,113,4,996218816
6076,42,1521,2,996219275
6077,42,2566,3,996220026
6078,42,1524,2,996214323
6079,42,2567,4,996220726
6080,42,996,4,996220054
6081,42,372,2,996219167
6082,42,374,3,996220343
6083,42,1532,4,996214081
6084,42,991,2,996214288
6085,42,379,4,996218709
6086,42,1171,4,996258052
6087,42,382,4,996258201
6088,42,2568,2,996260407
6089,42,2569,2,996260489
6090,42,118,5,996214288
6091,42,1034,4,996214288
6092,42,992,3,996214288
6093,42,836,4,996258769
6094,42,837,5,996213544
6095,42,122,5,996217964
6096,42,1035,5,996258536
6097,42,131,3,996214830
6098,42,998,4,996258715
6099,42,134,2,996259211
6100,42,1565,4,996259059
6101,42,135,4,996258201
6102,42,1572,3,996258646
6103,42,2570,4,996258824
6104,42,2571,3,996215096
6105,42,1576,2,996256228
6106,42,1141,4,996258165
6107,42,2572,3,996218404
6108,42,1588,4,996258924
6109,42,145,4,996216177
6110,42,1037,5,996219131
6111,42,1593,3,996218757
6112,42,2573,4,996221323
6113,42,1594,4,996218443
6114,42,2574,3,996256541
6115,42,2152,4,996259554
6116,42,148,5,996217964
6117,42,1599,4,996221072
6118,42,2575,4,996258165
6119,42,150,2,996219131
6120,42,1602,2,996262268
6121,42,1603,5,996258536
6122,42,1604,5,996260113
6123,42,1606,3,996259605
6124,42,1861,5,996259254
6125,42,2576,2,996260446
6126,42,155,3,996258510
6127,42,1610,4,996258715
6128,42,1612,3,996259605
6129,42,1177,3,996258676
6130,42,999,2,996216406
6131,42,1614,5,996258563
6132,42,274,4,996220823
6133,42,157,4,996219440
6134,42,2577,3,996220225
6135,42,161,5,996259254
6136,42,1115,4,996219699
6137,42,162,1,996220790
6138,42,2578,4,996221544
6139,42,2579,2,996221208
6140,42,163,5,996219191
6141,42,2580,4,996255934
6142,42,1627,4,996219389
6143,42,1010,5,996262242
6144,42,2581,4,996256809
6145,42,167,5,996214210
6146,42,2582,3,996256541
6147,42,168,4,996262349
6148,42,1002,3,996219008
6149,42,2583,4,996221045
6150,42,1632,4,996220405
6151,42,172,3,996220790
6152,42,174,2,996216337
6153,42,732,4,996216229
6154,42,400,4,996214804
6155,42,733,3,996220913
6156,42,1003,4,996262184
6157,42,180,4,996218871
6158,42,2584,4,996213977
6159,42,1179,5,996220196
6160,42,1116,4,996262104
6161,42,401,5,996216316
6162,42,2585,3,996262416
6163,42,181,3,996257992
6164,42,1646,3,996262243
6165,42,1865,3,996262592
6166,42,2489,4,996260113
6167,42,1648,3,996258769
6168,42,403,5,996214184
6169,42,404,2,996220754
6170,42,2586,4,996262184
6171,42,405,5,996258232
6172,42,2587,4,996258339
6173,42,2588,4,996259372
6174,42,1653,4,996215785
6175,42,2589,4,996262478
6176,42,2590,3,996262104
6177,42,2591,4,996262322
6178,42,2592,5,996213931
6179,42,2473,3,996220661
6180,42,2593,4,996218615
6181,42,2594,4,996256228
6182,42,2189,3,996217989
6183,42,1667,4,996258468
6184,42,1180,4,996258118
6185,42,193,3,996217838
6186,42,1669,4,996258272
6187,42,195,4,996262677
6188,42,1866,5,996258769
6189,42,1867,5,996258902
6190,42,198,4,996261752
6191,42,1671,3,996262184
6192,42,199,4,996212624
6193,42,201,3,996216117
6194,42,1684,5,996214009
6195,42,2595,4,996258272
6196,42,2192,5,996218785
6197,42,1686,3,996215831
6198,42,1687,3,996258581
6199,42,2596,4,996256020
6200,42,2597,4,996259211
6201,42,1689,3,996221653
6202,42,841,4,996220281
6203,42,206,4,996220196
6204,42,2598,2,996216613
6205,42,2599,4,996219899
6206,42,2600,2,996220162
6207,42,277,4,996258623
6208,42,208,2,996219026
6209,42,1696,2,996256339
6210,42,2200,4,996219414
6211,42,209,4,996216210
6212,42,1697,3,996216279
6213,42,418,3,996218645
6214,42,2201,4,996218466
6215,42,1184,4,996221544
6216,42,2601,4,996219440
6217,42,2602,2,996218816
6218,42,1143,4,996220054
6219,42,1699,4,996220093
6220,42,1700,3,996220343
6221,42,2603,4,996212969
6222,42,1701,4,996213124
6223,42,1703,2,996216735
6224,42,2604,2,996215958
6225,42,1706,4,996258165
6226,42,1708,4,996260295
6227,42,1710,3,996260241
6228,42,422,4,996212921
6229,42,1790,1,996221269
6230,42,214,4,996259211
6231,42,215,5,996214917
6232,42,216,5,996219061
6233,42,423,4,996212948
6234,42,2605,5,996219275
6235,42,1731,4,996216735
6236,42,219,2,996216146
6237,42,1733,3,996212948
6238,42,1041,4,996213058
6239,42,2606,4,996258468
6240,42,220,3,996212879
6241,42,221,4,996217145
6242,42,2607,3,996213160
6243,42,1746,1,996260841
6244,42,2608,1,996260963
6245,42,2609,1,996260241
6246,42,1015,4,996213142
6247,42,1757,4,996217575
6248,42,1016,4,996212879
6249,42,1795,5,996213058
6250,42,2610,2,996221356
6251,42,2162,3,996259355
6252,42,229,2,996212879
6253,42,2611,2,996217683
6254,42,2612,5,996256206
6255,42,2496,3,996213058
6256,42,739,2,996221323
6257,42,867,2,996215785
6258,42,2613,4,996217599
6259,42,1797,3,996213481
6260,42,2512,2,996217146
6261,42,741,3,996217016
6262,42,2209,2,996216970
6263,42,2614,2,996217514
6264,42,433,5,996258299
6265,42,1874,4,996259059
6266,42,1190,5,996258563
6267,42,2615,4,996258942
6268,42,743,4,996216316
6269,42,1043,4,996213481
6270,42,437,4,996216092
6271,42,440,5,996213431
6272,42,1875,2,996255745
6273,42,2616,5,996258581
6274,42,2617,4,996258958
6275,42,2618,2,996219248
6276,42,2619,4,996215096
6277,42,1876,4,996215096
6278,42,2620,5,996258715
6279,42,2621,3,996260241
6280,42,2622,3,996216406
6281,42,2623,3,996216820
6282,42,2624,3,996256279
6283,42,1191,5,996258510
6284,42,2625,4,996258536
6285,42,2626,4,996260044
6286,42,2627,3,996216438
6287,42,2628,5,996214645
6288,42,2629,4,996258299
6289,42,2630,1,996216379
6290,42,2631,4,996216316
6291,42,2632,5,996214779
6292,42,2633,4,996216210
6293,42,2634,3,996216063
6294,42,1816,3,996213305
6295,42,2635,4,996259528
6296,42,2636,1,996216092
6297,42,2637,2,996260366
6298,42,2638,2,996260446
6299,42,2639,5,996260113
6300,42,2640,4,996260366
6301,42,1877,5,996258510
6302,42,2641,5,996259334
6303,42,2642,4,996260168
6304,42,2643,4,996260018
6305,42,1878,4,996259093
6306,42,2644,5,996258623
6307,42,2645,2,996260446
6308,42,2646,4,996259024
6309,42,1879,4,996259355
6310,42,2647,4,996258272
6311,42,2648,2,996260295
6312,42,2649,3,996260295
6313,42,2650,4,996258824
6314,42,2651,2,996256937
6315,43,1,5,848993983
6316,43,2,5,848994405
6317,43,484,5,848994281
6318,43,485,5,848994392
6319,43,486,5,848994814
6320,43,487,4,848993747
6321,43,488,4,848993928
6322,43,2164,5,848994451
6323,43,2069,5,848994937
6324,43,461,5,848993816
6325,43,4,4,848993793
6326,43,1401,5,848994152
6327,43,2652,5,848994678
6328,43,503,5,848994424
6329,43,509,5,848994617
6330,43,516,4,848993983
6331,43,518,5,848994916
6332,43,1403,5,848994703
6333,43,8,3,848993747
6334,43,464,5,848993627
6335,43,465,5,848993662
6336,43,528,5,848994079
6337,43,531,4,848993747
6338,43,532,5,848993660
6339,43,533,5,848994102
6340,43,1405,3,848993928
6341,43,535,5,848994534
6342,43,540,4,848993747
6343,43,1024,4,848994178
6344,43,550,4,848993747
6345,43,554,5,848994890
6346,43,558,4,848993879
6347,43,14,3,848993694
6348,43,561,3,848993983
6349,43,2140,5,848994876
6350,43,466,4,848993769
6351,43,571,5,848994102
6352,43,2653,4,848994678
6353,43,467,5,848994079
6354,43,574,5,848994574
6355,43,577,5,848994795
6356,43,580,5,848994265
6357,43,581,5,848994222
6358,43,585,3,848993793
6359,43,588,5,848993718
6360,43,17,3,848993627
6361,43,470,3,848993816
6362,43,18,4,848993693
6363,43,598,4,848993903
6364,43,233,4,848993718
6365,43,1407,5,848994749
6366,43,600,5,848993718
6367,43,605,4,848993769
6368,43,607,4,848994765
6369,43,471,4,848993662
6370,43,20,3,848993694
6371,43,609,4,848993903
6372,43,313,4,848994534
6373,43,613,5,848994178
6374,43,21,5,848993693
6375,43,22,5,848994311
6376,43,472,5,848993793
6377,43,23,5,848993793
6378,43,621,5,848994436
6379,43,622,3,848993769
6380,43,473,3,848993628
6381,43,625,5,848994479
6382,43,474,4,848993816
6383,43,2548,3,848994349
6384,43,631,5,848994374
6385,43,1414,5,848993879
6386,43,633,4,848993928
6387,43,634,5,848993718
6388,43,635,5,848993928
6389,43,1157,5,848993958
6390,43,639,4,848993769
6391,43,26,5,848993662
6392,43,27,4,848993719
6393,43,2654,5,848995032
6394,43,28,5,848993793
6395,43,655,5,848994518
6396,43,2655,5,848994479
6397,43,660,5,848994178
6398,43,662,4,848994392
6399,43,322,3,848993851
6400,43,666,4,848994546
6401,43,31,5,848994239
6402,43,32,4,848993983
6403,43,670,5,848994691
6404,43,671,5,848993816
6405,43,323,5,848993660
6406,43,479,5,848993769
6407,43,33,4,848993627
6408,43,34,5,848993627
6409,43,480,5,848994152
6410,43,324,5,848993693
6411,43,36,5,848994332
6412,43,481,5,848993817
6413,43,673,5,848994863
6414,43,1422,5,848994332
6415,43,674,5,848994349
6416,43,676,5,848994814
6417,43,38,5,848994102
6418,43,39,5,848994617
6419,43,687,5,848994814
6420,43,693,5,848994560
6421,43,1431,5,848994662
6422,43,1433,5,848995009
6423,43,2656,5,848995086
6424,43,721,5,848995186
6425,43,61,5,848994641
6426,43,344,5,848994795
6427,43,2657,5,848995145
6428,43,1166,5,848995341
6429,44,1,3,869251860
6430,44,2,3,869251910
6431,44,3,3,869251910
6432,44,1400,1,869252043
6433,44,2658,4,869252115
6434,44,462,4,869251910
6435,44,506,3,869252497
6436,44,507,3,869252563
6437,44,2432,4,869252333
6438,44,516,4,869251861
6439,44,519,4,869251955
6440,44,521,5,869251955
6441,44,523,2,869251982
6442,44,525,3,869251861
6443,44,16,5,869251910
6444,44,653,4,869251910
6445,44,2413,1,869252901
6446,44,38,3,869251861
6447,44,39,3,869252012
6448,44,2659,4,869252142
6449,44,680,3,869252115
6450,44,40,1,869252043
6451,44,41,5,869251910
6452,44,42,2,869251860
6453,44,2660,5,869252012
6454,44,43,3,869251860
6455,44,1430,3,869252062
6456,44,2427,2,869251910
6457,44,1432,2,869252546
6458,44,2444,4,869251982
6459,44,2661,2,869252237
6460,44,2662,3,869252163
6461,44,704,3,869252417
6462,44,264,3,869252088
6463,44,706,4,869252012
6464,44,2663,4,869252706
6465,44,711,3,869252142
6466,44,2174,4,869252186
6467,44,74,5,869252333
6468,44,362,2,869252087
6469,44,2420,4,869252438
6470,44,995,4,869252043
6471,44,2429,5,869252417
6472,44,2453,5,869252362
6473,44,99,4,869252528
6474,44,1168,1,869252752
6475,44,100,4,869252458
6476,44,1009,5,895853739
6477,45,1,4,951170182
6478,45,484,3,959625102
6479,45,3,4,1121724608
6480,45,485,3,951170390
6481,45,488,3,951170225
6482,45,493,4,1091306129
6483,45,292,4,1091306011
6484,45,293,4,1121724503
6485,45,463,3,951170338
6486,45,5,5,951756750
6487,45,505,4,1091306047
6488,45,506,3,1020803228
6489,45,2664,3,951170141
6490,45,6,4,951170563
6491,45,512,4,951170543
6492,45,519,5,950724870
6493,45,1403,4,950726248
6494,45,8,5,950741520
6495,45,521,4,950740583
6496,45,464,5,1007484259
6497,45,532,5,1091305945
6498,45,1027,3,950740896
6499,45,1405,1,950741335
6500,45,538,4,950726070
6501,45,540,3,950741023
6502,45,541,3,1121724898
6503,45,12,5,950724820
6504,45,13,5,1007995016
6505,45,14,5,1091305997
6506,45,566,2,951170651
6507,45,569,4,951170509
6508,45,16,5,950726388
6509,45,467,3,959624314
6510,45,588,4,1091305981
6511,45,17,5,1007483989
6512,45,18,4,950740601
6513,45,598,3,951170669
6514,45,600,4,950740723
6515,45,19,4,951170509
6516,45,1409,3,950741024
6517,45,471,4,951170563
6518,45,21,5,951170194
6519,45,314,4,951170271
6520,45,22,5,950722276
6521,45,472,5,950726215
6522,45,23,4,950724840
6523,45,315,4,1091306135
6524,45,619,3,1121724808
6525,45,473,4,950726688
6526,45,2548,3,951170710
6527,45,635,3,950741095
6528,45,637,3,951170210
6529,45,25,3,950724757
6530,45,26,4,950726408
6531,45,643,3,1034343953
6532,45,475,5,1091306076
6533,45,27,4,950740478
6534,45,28,4,951170445
6535,45,660,4,951170727
6536,45,1095,3,950718561
6537,45,30,5,951170445
6538,45,667,2,950741111
6539,45,1420,3,950726215
6540,45,31,4,951170579
6541,45,669,2,950722240
6542,45,828,3,951170727
6543,45,671,2,951170358
6544,45,323,5,950726248
6545,45,479,5,950726569
6546,45,33,4,1091305624
6547,45,35,4,951756812
6548,45,480,4,950726215
6549,45,324,5,950726248
6550,45,481,3,951170238
6551,45,2555,2,951170628
6552,45,38,4,950740583
6553,45,1424,4,950724840
6554,45,41,4,950740478
6555,45,691,4,951170771
6556,45,1160,4,1007484068
6557,45,43,3,950741000
6558,45,693,3,1020803144
6559,45,1026,4,950724896
6560,45,1430,4,951170358
6561,45,1431,2,1091306098
6562,45,1435,4,1121724761
6563,45,264,3,950741270
6564,45,706,4,951170289
6565,45,1028,5,950722240
6566,45,1438,4,951756950
6567,45,45,3,950740452
6568,45,724,4,950740805
6569,45,2665,3,950724757
6570,45,2666,2,951170710
6571,45,1161,3,951170628
6572,45,1448,2,951170628
6573,45,863,4,1121724907
6574,45,54,4,950726185
6575,45,2667,4,959625102
6576,45,1775,5,1034343805
6577,45,1135,3,950741520
6578,45,832,4,950741043
6579,45,58,3,951170289
6580,45,1162,5,1009399318
6581,45,60,5,951170165
6582,45,61,4,1091306020
6583,45,62,4,951757142
6584,45,66,5,1007484441
6585,45,725,4,1091306211
6586,45,67,4,950740896
6587,45,68,5,1091306083
6588,45,69,5,950726388
6589,45,70,5,1091306041
6590,45,71,4,950726408
6591,45,74,5,950726673
6592,45,75,5,951756891
6593,45,1137,4,950723493
6594,45,354,4,1007484081
6595,45,82,3,950740818
6596,45,2397,5,950726408
6597,45,726,5,1121724720
6598,45,84,5,1007484543
6599,45,356,3,1020802033
6600,45,85,3,950724757
6601,45,86,3,1091305972
6602,45,89,5,950726185
6603,45,1456,3,950724777
6604,45,90,5,950726569
6605,45,270,5,1091305660
6606,45,866,3,950723581
6607,45,1166,4,950740918
6608,45,1468,3,951170563
6609,45,978,4,1121724800
6610,45,271,3,950740619
6611,45,1469,5,950741043
6612,45,1167,3,950740839
6613,45,1140,4,959625081
6614,45,1471,3,950740478
6615,45,93,2,951170693
6616,45,2668,2,951170422
6617,45,362,3,950741061
6618,45,2420,5,950726330
6619,45,94,4,950740855
6620,45,1476,4,1121724749
6621,45,2559,4,951170543
6622,45,2669,4,1021412164
6623,45,1481,4,951170669
6624,45,2453,3,951170225
6625,45,1485,4,951170390
6626,45,98,3,951170182
6627,45,99,5,951170210
6628,45,1031,4,950740871
6629,45,1493,4,950740704
6630,45,1494,4,951170473
6631,45,101,5,950740839
6632,45,102,3,950740871
6633,45,727,5,950740871
6634,45,1497,4,950741095
6635,45,984,4,1121724850
6636,45,728,4,950741569
6637,45,2670,3,950740452
6638,45,1009,4,950726106
6639,45,366,4,951170271
6640,45,2671,2,951170461
6641,45,1032,4,950740986
6642,45,108,4,950740565
6643,45,729,4,1121724734
6644,45,1508,4,950726248
6645,45,234,5,951756899
6646,45,988,4,1091306055
6647,45,1169,4,1034343842
6648,45,109,5,951170525
6649,45,2672,4,950724820
6650,45,2673,3,1020803185
6651,45,110,4,951170257
6652,45,730,4,951170165
6653,45,1528,3,950741111
6654,45,2674,2,959625167
6655,45,2675,5,1020803145
6656,45,372,3,951170257
6657,45,1033,4,950740896
6658,45,1536,5,950740818
6659,45,379,5,951170238
6660,45,2676,3,1021412195
6661,45,1171,4,1007484335
6662,45,382,4,1007484412
6663,45,119,3,951756891
6664,45,1777,5,950740549
6665,45,836,3,950740896
6666,45,120,3,1091306262
6667,45,2183,3,950741223
6668,45,122,5,950726408
6669,45,2677,3,951170693
6670,45,124,3,950740549
6671,45,1556,2,951170727
6672,45,2678,4,1020802309
6673,45,128,5,950726248
6674,45,272,4,950722311
6675,45,1035,5,950726248
6676,45,1560,3,951170628
6677,45,1779,5,950726185
6678,45,1780,4,1020802917
6679,45,131,3,950741075
6680,45,132,4,950726215
6681,45,134,3,950741223
6682,45,2679,5,1034343884
6683,45,1564,2,951170390
6684,45,135,4,1121724747
6685,45,2680,4,951170445
6686,45,1571,4,950740918
6687,45,142,3,1020802309
6688,45,2681,4,951170509
6689,45,2184,5,1121724098
6690,45,145,5,1121724829
6691,45,1594,3,951170404
6692,45,2152,4,950740918
6693,45,392,5,1007483928
6694,45,148,5,1007484492
6695,45,1601,5,950728148
6696,45,1609,4,950724697
6697,45,1610,2,950740896
6698,45,2682,5,951170595
6699,45,160,1,950740565
6700,45,1000,4,951170445
6701,45,162,4,1020803365
6702,45,2471,4,1007484113
6703,45,163,5,1007995101
6704,45,2683,4,951170710
6705,45,164,4,950740565
6706,45,1010,4,1007995016
6707,45,167,5,950718872
6708,45,168,5,951756858
6709,45,2583,4,1007995150
6710,45,1632,2,950718786
6711,45,1633,3,1007995058
6712,45,170,4,1020803185
6713,45,172,4,950740549
6714,45,178,5,950741248
6715,45,1639,1,950741061
6716,45,400,4,950718775
6717,45,1640,4,950718755
6718,45,1003,5,951170525
6719,45,180,5,1007995150
6720,45,1179,4,950728042
6721,45,1116,4,1007994972
6722,45,1643,4,1007994972
6723,45,401,3,1121724840
6724,45,181,4,1121724620
6725,45,2684,3,1007995016
6726,45,2685,4,950723478
6727,45,1648,3,950726248
6728,45,402,5,959624096
6729,45,403,4,1007995150
6730,45,2586,5,1007994972
6731,45,405,4,950723611
6732,45,183,4,1020802309
6733,45,1653,3,950724727
6734,45,2188,4,951756608
6735,45,185,5,959624096
6736,45,2593,5,1007484532
6737,45,1667,4,1020802394
6738,45,188,4,950740549
6739,45,1180,5,951170884
6740,45,189,3,950726388
6741,45,190,4,950726657
6742,45,193,5,1007483918
6743,45,194,2,950740918
6744,45,195,4,950740549
6745,45,198,4,959624096
6746,45,2686,3,1020803365
6747,45,199,4,959625116
6748,45,201,4,959624107
6749,45,1684,4,950718627
6750,45,1685,3,950724777
6751,45,736,5,950727914
6752,45,204,5,950723180
6753,45,416,3,1020802351
6754,45,206,4,950718627
6755,45,2598,4,950727968
6756,45,2687,4,1021412195
6757,45,207,2,950740254
6758,45,208,3,950740361
6759,45,1696,2,950740361
6760,45,2688,3,950740266
6761,45,209,4,950740394
6762,45,1697,4,950740394
6763,45,418,3,950740281
6764,45,1698,3,950740239
6765,45,2689,1,950740376
6766,45,1700,3,950741248
6767,45,2492,1,950718581
6768,45,210,4,1007995150
6769,45,2690,3,950740361
6770,45,2511,3,1007994972
6771,45,2603,4,953759895
6772,45,1701,4,951169736
6773,45,2205,3,951756668
6774,45,2691,2,959625116
6775,45,1708,2,959625102
6776,45,1710,3,1020803145
6777,45,1712,4,951756789
6778,45,422,4,953759873
6779,45,1718,4,1007484315
6780,45,212,1,1034344018
6781,45,423,4,959623988
6782,45,1726,3,959624041
6783,45,218,3,959625135
6784,45,1040,4,959624004
6785,45,1733,4,959624016
6786,45,1734,4,959624004
6787,45,1792,4,959624349
6788,45,2606,5,1020802351
6789,45,1042,4,1057007329
6790,45,1793,4,959624075
6791,45,220,5,1020803425
6792,45,221,4,1007995150
6793,45,1015,5,1007994717
6794,45,1757,4,1007995101
6795,45,1016,5,1007995101
6796,45,229,5,1007995171
6797,45,1017,5,1007995171
6798,45,429,3,1020801977
6799,45,430,3,1020802073
6800,45,1798,5,1007484492
6801,45,432,5,1007484009
6802,45,1022,5,1021412499
6803,45,1803,5,1007484242
6804,45,1043,5,1007995016
6805,45,439,4,1021412336
6806,45,440,4,1021412336
6807,45,2692,1,1034344018
6808,45,1813,5,1034343884
6809,45,745,5,1007483642
6810,45,451,5,1009399292
6811,45,1817,5,1007994695
6812,45,2693,1,1034344018
6813,45,2647,3,1020802394
6814,45,1822,3,1007995058
6815,45,1823,5,1020802962
6816,45,1824,5,1020802962
6817,45,752,5,1007483502
6818,45,458,4,1007483576
6819,45,1831,5,1007483842
6820,45,2694,3,1007483810
6821,45,2695,4,1057007334
6822,45,753,5,1007994440
6823,45,2696,4,1021412001
6824,45,1832,3,1034343730
6825,45,2404,2,1007483743
6826,45,754,5,1034343730
6827,45,1837,3,1020802309
6828,45,2697,4,1020802436
6829,45,756,3,1121724091
6830,45,2698,2,1091306318
6831,45,2699,5,1020802436
6832,45,2700,3,1020802747
6833,45,2701,3,1020802747
6834,45,1843,3,1020802545
6835,45,757,5,1021412297
6836,45,758,5,1023301451
6837,45,1199,5,1091305617
6838,45,759,4,1057007317
6839,45,848,4,1034343599
6840,45,2702,5,1034343884
6841,45,762,5,1034343599
6842,45,2703,5,1034343599
6843,45,2704,2,1034343884
6844,45,2705,3,1034344038
6845,45,2706,1,1034344038
6846,45,2707,3,1034343805
6847,45,871,3,1035299453
6848,45,1849,5,1034343599
6849,45,766,5,1057007320
6850,45,1207,5,1057007003
6851,45,768,5,1057006900
6852,45,769,5,1057006892
6853,45,1209,4,1057006922
6854,45,876,5,1057006897
6855,45,771,5,1121724104
6856,45,2516,5,1091305731
6857,45,2708,4,1091305810
6858,45,779,5,1091305565
6859,45,782,5,1091305555
6860,45,783,3,1091305570
6861,45,784,5,1121724114
6862,45,1239,4,1121724181
6863,45,894,4,1121724201
6864,45,809,5,1121724157
6865,45,2709,3,1121724217
6866,45,895,5,1121724175
6867,45,1053,5,1193288853
6868,45,2325,4,1193289356
6869,45,1906,4,1193288947
6870,45,1264,4,1193288942
6871,45,1907,5,1193288932
6872,45,2710,4,1193288839
6873,45,1269,4,1193288835
6874,45,1270,5,1193288817
6875,45,903,4,1193288697
6876,46,1,5,834787906
6877,46,487,3,834787826
6878,46,293,4,834788094
6879,46,463,3,834788093
6880,46,5,5,834788094
6881,46,8,5,834788016
6882,46,1094,4,834788094
6883,46,465,4,834787678
6884,46,530,4,834788146
6885,46,531,3,834787826
6886,46,532,4,834787677
6887,46,1405,5,834788227
6888,46,540,4,834787906
6889,46,550,3,834787906
6890,46,558,3,834788016
6891,46,14,3,834787757
6892,46,561,4,834788227
6893,46,466,4,834787906
6894,46,468,5,834788094
6895,46,584,3,834788227
6896,46,585,3,834787967
6897,46,588,5,834787826
6898,46,470,3,834788016
6899,46,597,3,834788227
6900,46,18,4,834787757
6901,46,233,4,834787757
6902,46,605,5,834787826
6903,46,471,3,834787678
6904,46,20,3,834787677
6905,46,472,5,834788146
6906,46,23,4,834788227
6907,46,473,5,834787967
6908,46,633,3,834788146
6909,46,634,4,834787826
6910,46,635,3,834788146
6911,46,639,5,834788146
6912,46,26,5,834787967
6913,46,323,5,834787677
6914,46,33,5,834787617
6915,46,34,3,834787617
6916,46,35,5,834787906
6917,46,324,5,834787757
6918,47,260,3,1496205717
6919,47,4,3,1496209354
6920,47,505,3,1496205312
6921,47,525,2,1496208714
6922,47,2165,3,1496205843
6923,47,464,3,1496206707
6924,47,233,4,1496208166
6925,47,21,4,1496206696
6926,47,2711,4,1496206564
6927,47,28,1,1496210197
6928,47,657,4,1496205263
6929,47,322,3,1496209510
6930,47,671,4,1496205334
6931,47,33,3,1496208604
6932,47,35,2,1496205249
6933,47,481,3,1496209349
6934,47,1426,2,1496205806
6935,47,1448,2,1496206083
6936,47,864,4,1496205519
6937,47,66,4,1496209401
6938,47,352,2,1496205502
6939,47,356,3,1496205253
6940,47,85,2,1496205353
6941,47,2420,2,1496206783
6942,47,102,1,1496209799
6943,47,988,3,1496209715
6944,47,1171,4,1496205246
6945,47,382,2,1496208487
6946,47,122,4,1496205180
6947,47,2712,2,1496206299
6948,47,1572,3,1496205630
6949,47,147,2,1496212183
6950,47,1610,2,1496206799
6951,47,1177,3,1496208479
6952,47,732,2,1496206774
6953,47,402,3,1496205184
6954,47,183,2,1496209861
6955,47,2189,3,1496205857
6956,47,2713,2,1496205903
6957,47,193,2,1496205268
6958,47,204,5,1496205029
6959,47,418,2,1496207359
6960,47,422,3,1496209899
6961,47,2714,4,1496206137
6962,47,278,1,1496205424
6963,47,2715,3,1496209586
6964,47,743,2,1496205342
6965,47,1043,3,1496209904
6966,47,2716,3,1496210466
6967,47,2640,1,1496210247
6968,47,1825,3,1496210522
6969,47,1125,0,1496211868
6970,47,2717,3,1496212057
6971,47,1835,3,1496205679
6972,47,2718,4,1496209895
6973,47,1841,3,1496205864
6974,47,1202,4,1496205049
6975,47,1203,2,1496212004
6976,47,872,2,1496205418
6977,47,766,2,1496206727
6978,47,767,2,1496212058
6979,47,874,3,1496205365
6980,47,1209,2,1496205057
6981,47,2719,3,1496210188
6982,47,1148,3,1496205576
6983,47,2720,3,1496209397
6984,47,2048,3,1496206868
6985,47,888,3,1496205491
6986,47,794,3,1496206831
6987,47,2721,4,1496206531
6988,47,2050,4,1496205318
6989,47,891,3,1496206658
6990,47,1237,3,1496212048
6991,47,801,3,1496205564
6992,47,893,3,1496210576
6993,47,2286,4,1496206497
6994,47,897,3,1496205592
6995,47,2722,3,1496206910
6996,47,899,2,1496206808
6997,47,2723,5,1496205761
6998,47,2316,0,1496212007
6999,47,825,3,1496209090
7000,47,2320,3,1496206730
7001,47,827,2,1496206304
7002,47,2724,5,1496205747
7003,47,2725,3,1496206905
7004,47,1272,4,1496205486
7005,47,2347,4,1496206457
7006,47,2522,3,1496205699
7007,47,1916,4,1496205289
7008,47,2726,3,1496205658
7009,47,2727,3,1496208561
7010,47,1297,0,1496209805
7011,47,2728,4,1496208670
7012,47,2729,3,1496205833
7013,47,1922,4,1496205469
7014,47,927,2,1496209178
7015,47,2730,3,1496209581
7016,47,1153,3,1496209653
7017,47,1933,1,1496210235
7018,47,1154,4,1496205315
7019,47,2731,3,1496209411
7020,47,1064,4,1496208763
7021,47,1940,1,1496210193
7022,47,943,3,1496206700
7023,47,251,2,1496209056
7024,47,2732,4,1496206407
7025,47,1953,1,1496206818
7026,47,2733,4,1496207286
7027,47,2532,3,1496208475
7028,47,2734,4,1496206766
7029,47,953,3,1496209606
7030,47,2735,3,1496208216
7031,47,2534,3,1496208373
7032,47,1073,2,1496205293
7033,47,1074,3,1496210907
7034,47,2736,4,1496205277
7035,47,253,3,1496209142
7036,47,2737,3,1496205645
7037,47,2537,3,1496205603
7038,47,1358,1,1496206635
7039,47,255,5,1496205226
7040,47,1077,2,1496205321
7041,47,2738,5,1496205128
7042,47,2739,4,1496206585
7043,47,2740,2,1496205877
7044,47,2741,3,1496211359
7045,47,1373,0,1496210341
7046,47,2742,2,1496205483
7047,47,2743,1,1496209850
7048,47,2744,4,1496207354
7049,47,2745,3,1496210199
7050,47,2746,3,1496209516
7051,47,1379,3,1496209907
7052,47,2747,3,1496206867
7053,47,1091,3,1496209791
7054,47,1388,3,1496208845
7055,47,2748,3,1496205601
7056,47,2749,3,1496205070
7057,47,2750,3,1496206929
7058,48,1401,4,1127128718
7059,48,533,3,1127128712
7060,48,1027,3,1127128691
7061,48,1159,4,1127128598
7062,48,43,3,1127128851
7063,48,1102,3,1127129756
7064,48,2751,4,1127128731
7065,48,1166,4,1127128828
7066,48,1485,4,1127128655
7067,48,1031,4,1127128838
7068,48,102,5,1127128859
7069,48,727,4,1127128836
7070,48,106,4,1127128739
7071,48,1032,4,1127128650
7072,48,1510,4,1127128869
7073,48,1035,4,1127128745
7074,48,135,5,1127128639
7075,48,1141,4,1127128698
7076,48,150,3,1127128708
7077,48,167,5,1127128841
7078,48,171,4,1127128670
7079,48,405,2,1127128628
7080,48,183,4,1127128586
7081,48,738,2,1127128748
7082,48,229,3,1127128889
7083,48,752,5,1127128753
7084,48,757,4,1127128913
7085,48,759,4,1127128898
7086,48,2752,4,1127128941
7087,48,1204,4,1127128907
7088,48,768,3,1127128894
7089,48,2753,4,1127128944
7090,48,783,4,1127128916
7091,49,8,4,1493093005
7092,49,233,4,1493089778
7093,49,21,4,1493089782
7094,49,29,4,1493089770
7095,49,66,4,1493093009
7096,49,1029,4,1493093189
7097,49,76,4,1493093185
7098,49,122,4,1493089784
7099,49,167,4,1493093047
7100,49,1043,4,1493092982
7101,49,756,4,1493093122
7102,49,876,4,1493093127
7103,49,899,4,1493093082
7104,49,1061,4,1493093030
7105,49,932,4,1493093114
7106,49,245,4,1493093216
7107,49,955,4,1493093120
7108,49,254,4,1493093231
7109,49,1369,4,1493093016
7110,49,1373,4,1493093206
7111,49,1393,4,1493092998
7112,50,1,3,1514238116
7113,50,293,3,1523740563
7114,50,1094,4,1534178790
7115,50,532,3,1514238058
7116,50,17,4,1500573696
7117,50,233,3,1514237959
7118,50,21,3,1514238146
7119,50,1095,4,1514238015
7120,50,35,3,1514237974
7121,50,36,2,1514238575
7122,50,37,4,1514238092
7123,50,2073,3,1515105957
7124,50,723,4,1514238177
7125,50,693,2,1514238681
7126,50,701,2,1514239044
7127,50,1028,4,1514240681
7128,50,331,4,1514238688
7129,50,1438,4,1519140456
7130,50,2754,3,1514239063
7131,50,265,3,1527542415
7132,50,46,4,1526329877
7133,50,724,4,1514238077
7134,50,2143,3,1527108544
7135,50,863,3,1527542562
7136,50,1135,3,1514238054
7137,50,343,2,1514238276
7138,50,62,3,1514238217
7139,50,725,2,1527372035
7140,50,68,4,1514238006
7141,50,1100,3,1514238509
7142,50,71,3,1527106209
7143,50,351,4,1527799718
7144,50,1103,4,1536870006
7145,50,2396,4,1526329645
7146,50,72,4,1514238074
7147,50,73,4,1527106159
7148,50,1105,3,1514238949
7149,50,354,3,1514238218
7150,50,1106,3,1527108505
7151,50,2078,4,1518012173
7152,50,2755,4,1534178801
7153,50,1107,4,1523039137
7154,50,2176,3,1514239041
7155,50,84,4,1527370745
7156,50,268,3,1517218485
7157,50,2756,3,1514239272
7158,50,2084,4,1515105932
7159,50,88,3,1514238500
7160,50,1112,3,1514239137
7161,50,2757,3,1514239232
7162,50,90,3,1527371937
7163,50,1468,2,1514238872
7164,50,978,3,1514238395
7165,50,93,3,1514238591
7166,50,1474,2,1514238334
7167,50,2147,3,1527542352
7168,50,362,3,1500577074
7169,50,1493,2,1514239023
7170,50,102,2,1514237995
7171,50,729,2,1527370879
7172,50,988,3,1514237992
7173,50,109,3,1527371218
7174,50,1536,3,1514238846
7175,50,382,2,1527371986
7176,50,1777,2,1514238569
7177,50,121,2,1514238955
7178,50,383,4,1533302036
7179,50,2040,4,1523039151
7180,50,2758,1,1514891778
7181,50,1177,2,1514842717
7182,50,2759,3,1514239563
7183,50,167,2,1514237967
7184,50,178,3,1514238578
7185,50,401,3,1527371286
7186,50,2760,4,1518168679
7187,50,2761,3,1518168145
7188,50,190,3,1514238648
7189,50,193,3,1527542290
7190,50,1118,3,1527106195
7191,50,1119,3,1514239288
7192,50,200,3,1514239076
7193,50,736,3,1514238183
7194,50,205,3,1514239060
7195,50,2762,3,1518168495
7196,50,2763,4,1527106417
7197,50,1186,3,1514239123
7198,50,2764,4,1525359104
7199,50,1872,3,1514238939
7200,50,278,3,1514238231
7201,50,445,3,1514241617
7202,50,2765,3,1534178840
7203,50,745,2,1514238088
7204,50,2766,3,1533302147
7205,50,2767,3,1522428799
7206,50,752,3,1514238422
7207,50,458,2,1514238240
7208,50,2768,4,1518168710
7209,50,2769,4,1518168514
7210,50,2770,3,1527106283
7211,50,2771,3,1514239736
7212,50,756,2,1514238391
7213,50,760,2,1514238599
7214,50,763,4,1527106171
7215,50,1202,2,1514238595
7216,50,2772,2,1514239019
7217,50,764,2,1514238291
7218,50,2773,3,1514240004
7219,50,2774,2,1518168537
7220,50,876,3,1514238065
7221,50,771,3,1514238028
7222,50,2500,3,1514239274
7223,50,2775,3,1514239570
7224,50,2776,3,1518168593
7225,50,2047,3,1527542336
7226,50,2107,3,1514239253
7227,50,1215,3,1514238886
7228,50,235,3,1514238071
7229,50,2777,3,1518002159
7230,50,2778,3,1517426075
7231,50,2779,3,1518168552
7232,50,2780,3,1527542377
7233,50,2781,4,1525359178
7234,50,2782,4,1527106160
7235,50,1048,3,1514496676
7236,50,2783,4,1514239814
7237,50,2784,4,1514239964
7238,50,2785,3,1527106239
7239,50,2786,3,1514239905
7240,50,2787,3,1514239992
7241,50,2788,3,1523750949
7242,50,1226,1,1514238888
7243,50,780,3,1514238238
7244,50,2789,3,1514240037
7245,50,2790,3,1527542396
7246,50,2791,4,1527370364
7247,50,795,3,1527542552
7248,50,2792,2,1514239669
7249,50,2793,4,1529600330
7250,50,2794,4,1525359203
7251,50,2795,3,1527799940
7252,50,2408,3,1517954985
7253,50,2796,4,1518168703
7254,50,2797,3,1514240316
7255,50,1132,3,1527542527
7256,50,1237,1,1514238694
7257,50,805,2,1527542436
7258,50,2798,3,1518168476
7259,50,2799,2,1514240275
7260,50,2800,3,1514240242
7261,50,2801,3,1525359162
7262,50,2802,2,1514240162
7263,50,810,2,1527371330
7264,50,2803,3,1514240127
7265,50,1248,3,1527108475
7266,50,1895,2,1514238691
7267,50,1250,1,1514239147
7268,50,1253,3,1514238927
7269,50,2804,2,1514240340
7270,50,818,2,1527108190
7271,50,2805,2,1527370934
7272,50,2806,1,1527371735
7273,50,1256,3,1514238330
7274,50,2807,3,1534178858
7275,50,899,2,1527108232
7276,50,2316,3,1514238683
7277,50,1052,2,1518168203
7278,50,824,2,1514238317
7279,50,1053,3,1514238375
7280,50,2808,3,1527370859
7281,50,1270,2,1514238953
7282,50,1272,2,1514238892
7283,50,1054,1,1514238666
7284,50,239,3,1527542309
7285,50,1282,2,1514239001
7286,50,1283,2,1527108426
7287,50,909,2,1514239353
7288,50,2809,3,1514239750
7289,50,2810,2,1514239684
7290,50,1916,2,1514238347
7291,50,2811,2,1514891165
7292,50,2812,3,1514240086
7293,50,2813,2,1514240049
7294,50,1297,1,1514238580
7295,50,1921,1,1514239300
7296,50,1301,2,1527107913
7297,50,1063,2,1527108180
7298,50,291,1,1518168080
7299,50,927,2,1514891142
7300,50,243,2,1527371316
7301,50,1134,2,1514238650
7302,50,245,2,1514238021
7303,50,2814,2,1514239549
7304,50,1318,2,1527108178
7305,50,2815,3,1514496830
7306,50,2816,2,1514239099
7307,50,2817,3,1514240262
7308,50,2818,2,1514239988
7309,50,941,2,1527108208
7310,50,2819,3,1514240244
7311,50,249,2,1514239289
7312,50,2820,1,1514239853
7313,50,2821,2,1514239373
7314,50,2822,1,1514239769
7315,50,2823,3,1514240443
7316,50,2824,1,1518168338
7317,50,2825,4,1514240149
7318,50,2826,3,1514240402
7319,50,2827,1,1514239674
7320,50,1947,2,1514239489
7321,50,1069,1,1514239056
7322,50,950,1,1514239648
7323,50,951,2,1514238937
7324,50,2828,2,1514239851
7325,50,1070,2,1514238967
7326,50,2829,2,1527108237
7327,50,2830,3,1500673964
7328,50,2734,2,1514239469
7329,50,953,2,1514239038
7330,50,252,3,1514238526
7331,50,2831,1,1514239763
7332,50,2832,2,1514240485
7333,50,2133,2,1514239230
7334,50,2833,1,1518168356
7335,50,1960,2,1514239192
7336,50,955,1,1514239217
7337,50,2834,3,1527106187
7338,50,1073,1,1514238848
7339,50,2835,2,1514239233
7340,50,2836,3,1534178956
7341,50,253,3,1514238685
7342,50,2837,2,1514240444
7343,50,2838,1,1514240185
7344,50,1981,2,1514239108
7345,50,962,3,1514238789
7346,50,254,2,1527372052
7347,50,1075,2,1514239030
7348,50,2839,3,1529600356
7349,50,2537,2,1514239318
7350,50,1358,3,1514239065
7351,50,255,2,1527542171
7352,50,2840,3,1516264368
7353,50,2841,3,1522446443
7354,50,2842,3,1514240319
7355,50,1362,2,1514238612
7356,50,1364,2,1514239207
7357,50,2001,1,1514842744
7358,50,258,3,1514238776
7359,50,2843,0,1514240068
7360,50,1082,1,1514891080
7361,50,1368,1,1514239279
7362,50,2844,3,1514240116
7363,50,2542,2,1514239153
7364,50,1371,3,1518168132
7365,50,2845,2,1514240283
7366,50,2846,2,1514239803
7367,50,2847,3,1514240363
7368,50,2848,2,1514239413
7369,50,2849,3,1514240152
7370,50,2019,1,1514239519
7371,50,2850,2,1514239847
7372,50,969,2,1517954715
7373,50,2851,1,1518168422
7374,50,2852,2,1518168246
7375,50,2543,1,1514239425
7376,50,2853,2,1514239521
7377,50,2854,2,1514239906
7378,50,1373,2,1514239112
7379,50,2855,3,1527108261
7380,50,2856,2,1514239918
7381,50,2857,1,1527108043
7382,50,2858,2,1527108368
7383,50,2859,1,1514240284
7384,50,2860,2,1518168348
7385,50,2861,2,1514239826
7386,50,2862,2,1514239713
7387,50,2863,1,1514240057
7388,50,1379,3,1514239107
7389,50,2864,2,1514239641
7390,50,2865,2,1514240106
7391,50,1089,2,1514239052
7392,50,2866,1,1514240000
7393,50,1384,3,1514239478
7394,50,2867,1,1514240023
7395,50,2868,3,1529600343
7396,50,2869,3,1514891256
7397,50,2870,1,1514239954
7398,50,2871,1,1514239909
7399,50,2872,3,1527108487
7400,50,2873,3,1514498530
7401,50,2874,1,1514498060
7402,50,2875,3,1515615279
7403,50,2876,3,1514240171
7404,50,2877,3,1514240413
7405,50,2878,3,1514240348
7406,50,2879,2,1518168647
7407,50,2880,3,1524697215
7408,50,2881,2,1527542476
7409,50,2882,3,1514240504
7410,50,2883,0,1514240073
7411,50,2884,1,1514240027
7412,50,2885,2,1527542462
7413,50,2886,3,1514240480
7414,50,2887,3,1514240513
7415,50,2888,3,1514240506
7416,50,2889,3,1514240519
7417,50,1395,1,1514498012
7418,50,2137,3,1514239772
7419,50,2890,3,1514240525
7420,50,2891,3,1533302277
7421,50,2892,3,1533302021
7422,51,482,4,1230932741
7423,51,2,4,1230932736
7424,51,485,4,1230932700
7425,51,462,3,1230929322
7426,51,506,3,1230930652
7427,51,6,5,1230932691
7428,51,508,5,1230930644
7429,51,515,3,1230931640
7430,51,1094,5,1230929314
7431,51,525,3,1230931631
7432,51,534,4,1230932681
7433,51,536,4,1230930634
7434,51,541,3,1230932673
7435,51,559,2,1230928814
7436,51,561,5,1230929830
7437,51,307,5,1230928802
7438,51,16,5,1230931614
7439,51,18,4,1230931604
7440,51,598,3,1230932640
7441,51,599,1,1230929812
7442,51,19,2,1230929800
7443,51,605,4,1230929304
7444,51,471,3,1230929299
7445,51,622,3,1230931596
7446,51,473,4,1230931592
7447,51,626,3,1230930616
7448,51,2893,3,1230932629
7449,51,2551,3,1230931581
7450,51,1157,1,1230932616
7451,51,643,3,1230929794
7452,51,644,4,1230929787
7453,51,2894,2,1230931569
7454,51,2895,3,1230930599
7455,51,654,5,1230929781
7456,51,656,4,1230931558
7457,51,660,4,1230929776
7458,51,2896,3,1230931540
7459,51,29,3,1230929292
7460,51,1420,5,1230932599
7461,51,1158,4,1230932592
7462,51,479,5,1230929287
7463,51,35,5,1230931534
7464,51,481,3,1230931528
7465,51,1422,4,1230932587
7466,51,674,4,1230932567
7467,51,1159,4,1230932558
7468,51,39,3,1230932551
7469,51,326,4,1230929765
7470,51,688,4,1230932541
7471,51,2897,4,1230931517
7472,51,44,5,1230931511
7473,51,1434,4,1230931509
7474,51,264,4,1230928795
7475,51,1028,3,1230931501
7476,51,336,3,1230929282
7477,51,45,2,1230932502
7478,51,724,5,1230929275
7479,51,2665,1,1230930567
7480,51,2395,5,1230929755
7481,51,1445,5,1230930560
7482,51,50,3,1230930546
7483,51,2898,1,1230931465
7484,51,2899,0,1230931457
7485,51,52,4,1230931449
7486,51,2667,4,1230930537
7487,51,343,5,1230929741
7488,51,864,4,1230929736
7489,51,64,3,1230932491
7490,51,266,5,1230928832
7491,51,1101,4,1230929701
7492,51,69,5,1230929268
7493,51,1029,5,1230929263
7494,51,1103,4,1230932475
7495,51,76,5,1230929258
7496,51,1452,5,1230929695
7497,51,80,5,1230930522
7498,51,2900,5,1230929688
7499,51,2081,5,1230930514
7500,51,2901,4,1230932469
7501,51,2083,5,1230932464
7502,51,1454,4,1231040856
7503,51,1110,4,1230929680
7504,51,269,5,1230928767
7505,51,1111,5,1230929673
7506,51,2146,3,1230929668
7507,51,91,5,1230930504
7508,51,2902,4,1230930497
7509,51,270,5,1230929661
7510,51,361,5,1230929656
7511,51,2903,4,1230930492
7512,51,271,5,1230929650
7513,51,1470,5,1230928837
7514,51,362,4,1230929645
7515,51,1476,0,1230929638
7516,51,1481,3,1230930478
7517,51,1484,4,1230928786
7518,51,1487,0,1230930470
7519,51,98,5,1230932420
7520,51,102,5,1230929254
7521,51,1497,1,1230930464
7522,51,984,3,1230929633
7523,51,1009,5,1230929619
7524,51,366,4,1230932408
7525,51,1501,5,1230932402
7526,51,1504,5,1230928790
7527,51,1505,4,1230930455
7528,51,834,5,1230929615
7529,51,1508,3,1230930449
7530,51,1510,3,1230932397
7531,51,1516,4,1230932388
7532,51,2672,3,1230931407
7533,51,110,3,1230932383
7534,51,730,5,1230932378
7535,51,2399,0,1230930437
7536,51,113,0,1230929609
7537,51,370,4,1230930432
7538,51,1525,5,1230930426
7539,51,2904,5,1230930420
7540,51,991,3,1230932352
7541,51,2039,5,1230929606
7542,51,117,5,1230929599
7543,51,1542,3,1230931352
7544,51,1543,4,1230932345
7545,51,2905,5,1230932340
7546,51,2906,5,1230931346
7547,51,836,3,1230929592
7548,51,1547,4,1230930402
7549,51,837,3,1230932337
7550,51,123,4,1230931338
7551,51,126,3,1230929585
7552,51,1558,3,1230931330
7553,51,1563,2,1230931323
7554,51,998,4,1230932329
7555,51,1568,3,1230931298
7556,51,2680,4,1230929579
7557,51,1569,3,1230930392
7558,51,137,3,1230930384
7559,51,1571,5,1230928861
7560,51,1573,4,1230931293
7561,51,387,3,1230932314
7562,51,2151,3,1230931287
7563,51,2907,4,1230931281
7564,51,1575,4,1230929572
7565,51,1576,4,1230931276
7566,51,2908,5,1230931271
7567,51,1141,5,1230929566
7568,51,1584,5,1230932301
7569,51,1585,5,1230931264
7570,51,2909,2,1230932296
7571,51,1591,1,1230930373
7572,51,391,4,1230930367
7573,51,147,4,1230932279
7574,51,2402,5,1230930362
7575,51,1594,5,1230929558
7576,51,1597,5,1230932267
7577,51,2910,4,1230931259
7578,51,2911,3,1230931244
7579,51,2912,2,1230931235
7580,51,1603,3,1230930355
7581,51,1605,4,1230931226
7582,51,1606,5,1230930352
7583,51,1861,3,1230930346
7584,51,2913,2,1230930339
7585,51,2914,1,1230930332
7586,51,2469,4,1230932259
7587,51,1607,0,1230928774
7588,51,1863,1,1230930322
7589,51,1610,3,1230932254
7590,51,2915,3,1230931220
7591,51,1177,3,1230932245
7592,51,2916,4,1230930306
7593,51,1618,4,1230929555
7594,51,160,4,1230932235
7595,51,1115,3,1230929547
7596,51,2917,3,1230931190
7597,51,2918,3,1230930298
7598,51,2919,4,1230932214
7599,51,168,5,1230932203
7600,51,2920,3,1230932199
7601,51,2583,3,1230930292
7602,51,1632,4,1230928779
7603,51,2921,5,1230931181
7604,51,2922,4,1230931177
7605,51,171,0,1230932189
7606,51,2923,3,1230932179
7607,51,174,1,1230932173
7608,51,175,3,1230931171
7609,51,2924,3,1230932166
7610,51,2925,4,1230930279
7611,51,1638,2,1230931164
7612,51,400,0,1230929249
7613,51,734,0,1230929541
7614,51,1865,3,1230929521
7615,51,1648,3,1230928764
7616,51,2926,2,1230931151
7617,51,402,5,1230929240
7618,51,1650,5,1230930267
7619,51,405,4,1230932160
7620,51,183,5,1230929516
7621,51,1652,3,1230931142
7622,51,1655,2,1230930262
7623,51,184,3,1230929509
7624,51,1657,4,1230931123
7625,51,2592,4,1230932150
7626,51,186,4,1230930257
7627,51,840,5,1230931113
7628,51,188,1,1230929500
7629,51,2713,2,1230930252
7630,51,1181,4,1230930246
7631,51,2927,4,1230931108
7632,51,1670,3,1230930241
7633,51,1682,5,1230930224
7634,51,1684,3,1230932124
7635,51,2194,5,1230928844
7636,51,1120,5,1230932119
7637,51,2928,5,1230932108
7638,51,2929,5,1230930214
7639,51,2599,4,1230930213
7640,51,1693,4,1230930205
7641,51,209,0,1230932099
7642,51,418,3,1230929494
7643,51,1184,2,1230930198
7644,51,2690,2,1230930190
7645,51,1706,5,1230928856
7646,51,2403,4,1230929491
7647,51,2930,5,1230931053
7648,51,1712,3,1230930181
7649,51,1718,5,1230932084
7650,51,2931,4,1230931047
7651,51,1722,5,1230929483
7652,51,423,5,1230929476
7653,51,218,5,1230929471
7654,51,1729,4,1230932079
7655,51,2932,3,1230931040
7656,51,1014,2,1230929466
7657,51,1870,3,1230930158
7658,51,223,5,1230929460
7659,51,1145,4,1230930150
7660,51,1123,5,1230930144
7661,51,1759,4,1230930141
7662,51,1188,3,1230929455
7663,51,2933,0,1231041340
7664,51,230,3,1230930133
7665,51,2934,5,1230931031
7666,51,1019,5,1230928851
7667,51,1872,3,1230930127
7668,51,2935,5,1230931019
7669,51,2936,5,1230931003
7670,51,278,5,1230932031
7671,51,2937,4,1230930118
7672,51,2512,3,1230930111
7673,51,2715,5,1230930106
7674,51,742,5,1230929449
7675,51,433,5,1230930100
7676,51,434,5,1230929444
7677,51,743,3,1230929434
7678,51,440,5,1230929425
7679,51,2616,3,1230930093
7680,51,1807,2,1230930087
7681,51,1023,0,1230930069
7682,51,2938,3,1230930980
7683,51,2212,4,1230930062
7684,51,2939,0,1231041335
7685,51,2940,4,1230930967
7686,51,1191,5,1230929420
7687,51,2941,4,1230930972
7688,51,1812,0,1230930053
7689,51,2942,2,1230930955
7690,51,2626,3,1230932003
7691,51,451,0,1230929415
7692,51,1192,4,1230930044
7693,51,2943,2,1230930946
7694,51,1814,3,1230930034
7695,51,2944,5,1230931996
7696,51,868,3,1230929406
7697,51,2945,4,1230930939
7698,51,2946,3,1230931991
7699,51,2947,3,1230930925
7700,51,279,3,1230931983
7701,51,2948,3,1230931975
7702,51,2949,5,1230930916
7703,51,2123,4,1230930029
7704,51,1830,5,1230930023
7705,51,2950,3,1230930898
7706,51,1125,4,1230929401
7707,51,752,4,1230929389
7708,51,2951,4,1230931950
7709,51,2952,4,1230930016
7710,51,2953,3,1230930881
7711,51,232,4,1230931941
7712,51,1839,3,1230930003
7713,51,1840,2,1230929994
7714,51,2954,3,1230931932
7715,51,870,5,1230931924
7716,51,758,1,1230929377
7717,51,760,3,1230929364
7718,51,848,4,1230931916
7719,51,2955,4,1230930858
7720,51,2704,4,1230931907
7721,51,871,3,1230929978
7722,51,2956,0,1231041217
7723,51,2957,3,1230931876
7724,51,764,5,1230931868
7725,51,857,5,1230929970
7726,51,2958,4,1230929957
7727,51,2959,0,1231041221
7728,51,1046,5,1230929358
7729,51,2960,4,1230929951
7730,51,2514,5,1230929946
7731,51,2047,4,1230929352
7732,51,2961,3,1230931832
7733,51,2962,2,1230930814
7734,51,1215,5,1230929347
7735,51,2963,5,1230930808
7736,51,2964,0,1230930802
7737,51,773,0,1230929340
7738,51,2965,5,1230931824
7739,51,2966,3,1230929941
7740,51,2967,3,1230930787
7741,51,2968,2,1230931819
7742,51,1218,4,1230931793
7743,51,2720,5,1230929936
7744,51,2969,2,1230930775
7745,51,1047,4,1230929929
7746,51,1048,5,1230931785
7747,51,1884,5,1230930769
7748,51,2970,3,1230931776
7749,51,2971,5,1230931767
7750,51,2048,5,1230929921
7751,51,888,5,1230930740
7752,51,2972,3,1230930734
7753,51,1228,4,1230931760
7754,51,2266,5,1230929328
7755,51,2973,3,1230931737
7756,51,2286,2,1230929901
7757,51,1240,3,1230930714
7758,51,2974,5,1230930704
7759,51,2127,3,1230929893
7760,51,2053,5,1230929886
7761,51,2975,4,1230931702
7762,51,2976,5,1230931696
7763,51,2977,3,1230931675
7764,51,1901,5,1230931671
7765,51,1051,5,1230929871
7766,51,2978,5,1230931664
7767,51,900,5,1230932776
7768,51,2979,3,1230930672
7769,51,1905,4,1230929864
7770,51,2335,3,1230931656
7771,51,2519,5,1230929858
7772,51,903,1,1230929853
7773,51,904,5,1230932765
7774,51,2980,3,1231041324
7775,51,239,4,1230932758
7776,51,2981,0,1231041354
7777,51,1282,5,1230930660
7778,51,1914,3,1230932750
7779,51,1285,5,1230931645
7780,51,2982,5,1231040478
7781,52,464,4,1468051525
7782,52,16,4,1468051102
7783,52,589,4,1468051256
7784,52,233,5,1468051091
7785,52,21,5,1468051518
7786,52,472,5,1468051398
7787,52,323,5,1468051449
7788,52,41,5,1468051359
7789,52,69,4,1468051103
7790,52,71,3,1468051097
7791,52,74,5,1468051109
7792,52,234,5,1468051529
7793,52,730,4,1468051563
7794,52,379,5,1468051573
7795,52,392,4,1468051798
7796,52,167,5,1468051094
7797,52,193,4,1468051516
7798,52,1016,4,1468051129
7799,52,432,4,1468051567
7800,52,1831,5,1468051636
7801,52,2220,4,1468051755
7802,52,2124,5,1468051349
7803,52,1199,5,1468051305
7804,52,1202,4,1468051488
7805,52,235,4,1468051320
7806,52,775,5,1468051114
7807,52,1130,3,1468051580
7808,52,1048,4,1468051321
7809,52,777,5,1468051258
7810,52,2048,4,1468051483
7811,52,784,5,1468051306
7812,52,2266,5,1468051444
7813,52,795,4,1468051403
7814,52,891,5,1468051746
7815,52,893,3,1468051951
7816,52,2126,4,1468051945
7817,52,2983,3,1468052132
7818,52,1242,4,1468051595
7819,52,2052,3,1468052019
7820,52,2127,4,1468051454
7821,52,1244,5,1468051896
7822,52,1247,5,1468051990
7823,52,2053,4,1468051935
7824,52,2296,5,1468052169
7825,52,2299,5,1468052021
7826,52,1251,5,1468051317
7827,52,1254,4,1468051544
7828,52,1897,3,1468051931
7829,52,2055,5,1468051892
7830,52,899,4,1468051961
7831,52,1258,5,1468052042
7832,52,2128,5,1468051565
7833,52,1901,5,1468052046
7834,52,1050,5,1468052005
7835,52,238,4,1468051514
7836,52,2317,4,1468051968
7837,52,1051,3,1468051522
7838,52,824,5,1468051362
7839,52,2320,5,1468051532
7840,52,1260,4,1468052156
7841,52,2984,4,1468052163
7842,52,1053,4,1468051400
7843,52,2985,3,1468052071
7844,52,2326,5,1468051447
7845,52,900,5,1468051345
7846,52,2986,4,1468052054
7847,52,2056,4,1468051988
7848,52,2331,5,1468052016
7849,52,1905,4,1468051570
7850,52,903,5,1468051283
7851,52,2058,4,1468051751
7852,52,2336,5,1468052152
7853,52,2987,5,1468052032
7854,52,2338,5,1468051963
7855,52,2988,5,1468052123
7856,52,1271,5,1468052001
7857,52,1273,5,1468052011
7858,52,2343,3,1468052080
7859,52,1275,4,1468051937
7860,52,2989,3,1468052142
7861,52,2129,5,1468051980
7862,52,1277,3,1468052111
7863,52,1279,5,1468051901
7864,52,239,5,1468051847
7865,52,1911,5,1468051557
7866,52,1912,4,1468051356
7867,52,1283,4,1468051905
7868,52,1914,3,1468052115
7869,52,1056,4,1468051396
7870,52,1286,4,1468051599
7871,52,2131,5,1468051981
7872,52,2372,4,1468052136
7873,52,1916,5,1468051575
7874,52,912,4,1468051972
7875,52,2409,4,1468052051
7876,52,2990,3,1468051786
7877,52,1152,5,1468051605
7878,52,916,4,1468051394
7879,52,1297,5,1468051452
7880,52,2991,4,1468051955
7881,52,1061,5,1468051616
7882,52,242,4,1468051464
7883,52,927,4,1468051610
7884,52,928,5,1468051458
7885,52,243,4,1468051642
7886,52,1926,5,1468051415
7887,52,932,4,1468051426
7888,52,245,5,1468051284
7889,52,936,4,1468051408
7890,52,2992,5,1468051226
7891,52,1067,5,1468051351
7892,52,2993,5,1468051494
7893,52,2994,3,1468051249
7894,52,947,5,1468051421
7895,52,951,3,1468051310
7896,52,2733,5,1468051259
7897,52,1343,3,1468051314
7898,52,2995,5,1468051253
7899,52,1993,5,1468051456
7900,52,1994,4,1468051417
7901,52,1078,5,1468051607
7902,52,967,4,1468051301
7903,52,258,5,1468051298
7904,52,1081,5,1468051179
7905,52,1367,5,1468051323
7906,52,1082,5,1468051176
7907,52,1085,5,1468051169
7908,52,2014,4,1468051467
7909,52,1086,5,1468051390
7910,52,1089,5,1468051170
7911,53,2424,5,1237748081
7912,53,2433,5,1237748109
7913,53,624,5,1237748115
7914,53,2548,5,1237748065
7915,53,2169,5,1237748105
7916,53,2996,5,1237748062
7917,53,708,5,1237748077
7918,53,2997,5,1237748102
7919,53,831,5,1237748084
7920,53,59,5,1237748112
7921,53,976,5,1237748099
7922,53,2998,5,1237748096
7923,53,83,5,1237748093
7924,53,91,5,1237748074
7925,53,1479,5,1237748056
7926,53,2999,5,1237748071
7927,53,170,5,1237748059
7928,53,2094,5,1237748068
7929,53,2192,5,1237748090
7930,53,1804,5,1237748087
7931,54,1,3,830247330
7932,54,492,3,830248246
7933,54,292,3,839921390
7934,54,293,3,830247417
7935,54,4,3,839921084
7936,54,5,3,830248246
7937,54,8,3,830247832
7938,54,464,3,830247106
7939,54,531,3,830247358
7940,54,2423,3,830247865
7941,54,548,3,830247590
7942,54,585,3,830247887
7943,54,17,3,830247106
7944,54,233,4,830247358
7945,54,600,3,830247389
7946,54,605,3,830247389
7947,54,21,4,839921027
7948,54,622,3,839921390
7949,54,474,3,839921084
7950,54,1414,2,839921390
7951,54,639,3,839921084
7952,54,26,3,839920981
7953,54,645,3,839923068
7954,54,27,3,839921084
7955,54,28,3,839921452
7956,54,828,2,839921452
7957,54,323,3,830247330
7958,54,479,3,839921161
7959,54,33,3,830247106
7960,54,34,3,830247106
7961,54,35,4,839920981
7962,54,324,3,830247389
7963,54,2555,3,839919973
7964,55,541,0,1312747648
7965,55,40,0,1312747701
7966,55,87,4,1312747661
7967,55,3000,4,1312747695
7968,55,994,0,1312747730
7969,55,380,0,1312747732
7970,55,119,2,1312747709
7971,55,998,0,1312747638
7972,55,1037,3,1312747714
7973,55,1607,0,1312747735
7974,55,1610,3,1312747682
7975,55,157,0,1312747741
7976,55,1115,3,1312747824
7977,55,166,5,1312748419
7978,55,168,2,1312747818
7979,55,403,2,1312747620
7980,55,2593,4,1312747625
7981,55,1686,1,1312747631
7982,55,1185,5,1312749156
7983,55,1022,5,1312748875
7984,55,1235,5,1312748862
7985,55,2286,4,1312748156
7986,55,1254,4,1312748181
7987,55,238,5,1312748410
7988,55,903,4,1312748147
7989,56,487,4,835799162
7990,56,488,4,835799366
7991,56,493,5,835799219
7992,56,463,4,835799274
7993,56,4,5,835799219
7994,56,2664,4,835799457
7995,56,8,4,835799188
7996,56,465,4,835799081
7997,56,530,3,835799274
7998,56,531,4,835799140
7999,56,532,3,835799081
8000,56,1405,3,835799330
8001,56,540,3,835799162
8002,56,545,3,835799366
8003,56,550,4,835799162
8004,56,558,4,835799219
8005,56,14,5,835799115
8006,56,466,3,835799162
8007,56,585,3,835799188
8008,56,588,4,835799140
8009,56,17,4,835799034
8010,56,597,4,835799330
8011,56,18,3,835799115
8012,56,598,4,835799253
8013,56,233,4,835799115
8014,56,600,3,835799115
8015,56,19,3,835799427
8016,56,471,5,835799081
8017,56,20,4,835799081
8018,56,21,5,835799274
8019,56,472,5,835799253
8020,56,23,3,835799295
8021,56,619,3,835799457
8022,56,473,4,835799034
8023,56,474,3,835799188
8024,56,1414,3,835799253
8025,56,634,3,835799140
8026,56,639,3,835799253
8027,56,26,4,835799162
8028,56,27,5,835799295
8029,56,652,4,835799427
8030,56,479,4,835799330
8031,56,34,3,835799034
8032,56,35,5,835799139
8033,56,41,4,835799427
8034,56,2427,4,835799457
8035,57,1,5,965796031
8036,57,3,3,972173446
8037,57,487,3,965798286
8038,57,488,3,965797264
8039,57,292,3,965796969
8040,57,293,4,965798685
8041,57,463,3,965796392
8042,57,5,5,965796686
8043,57,295,3,969753586
8044,57,506,1,965797815
8045,57,2664,4,965797105
8046,57,6,1,965797305
8047,57,513,2,972174827
8048,57,516,3,969754664
8049,57,519,2,972174279
8050,57,1403,3,965797786
8051,57,8,4,965799491
8052,57,521,4,969754432
8053,57,525,4,965797105
8054,57,464,3,972172393
8055,57,9,3,965799554
8056,57,465,2,969753973
8057,57,528,1,972175275
8058,57,530,1,969754090
8059,57,300,4,972172280
8060,57,301,4,965796904
8061,57,540,2,965798952
8062,57,3001,3,965798823
8063,57,550,1,969754810
8064,57,557,4,965797175
8065,57,2546,1,969754641
8066,57,560,3,965797839
8067,57,15,5,965796869
8068,57,16,5,965798203
8069,57,308,2,972172342
8070,57,2071,3,972172467
8071,57,17,3,972172502
8072,57,591,2,965798410
8073,57,1005,3,972175617
8074,57,18,3,965798870
8075,57,600,4,969753849
8076,57,20,4,965798373
8077,57,613,1,965797786
8078,57,21,4,965795650
8079,57,314,4,969753458
8080,57,472,4,965796140
8081,57,23,3,965797050
8082,57,622,2,969754312
8083,57,1411,1,972175617
8084,57,473,4,965797484
8085,57,625,2,972175120
8086,57,474,2,972174771
8087,57,316,2,965797175
8088,57,2141,3,965798269
8089,57,1156,4,972173793
8090,57,634,2,965798455
8091,57,637,4,965797005
8092,57,1157,2,965798898
8093,57,26,5,965796698
8094,57,2426,3,969753604
8095,57,3002,2,965799622
8096,57,475,3,969754942
8097,57,27,5,965798332
8098,57,648,3,965797759
8099,57,653,4,972174952
8100,57,654,3,965796990
8101,57,28,3,965797433
8102,57,476,4,972173777
8103,57,659,2,965797502
8104,57,3003,2,972175291
8105,57,660,3,972175822
8106,57,29,5,965799430
8107,57,664,3,965797376
8108,57,322,3,965797340
8109,57,1095,5,965796471
8110,57,1420,4,969753400
8111,57,31,2,965797549
8112,57,32,4,965798574
8113,57,671,2,965797579
8114,57,323,4,965796062
8115,57,479,4,965798703
8116,57,33,3,965798313
8117,57,34,4,969753766
8118,57,35,5,965796656
8119,57,480,4,965796004
8120,57,324,5,965796080
8121,57,36,4,965796004
8122,57,481,3,972174733
8123,57,37,4,965796686
8124,57,1422,3,965798313
8125,57,38,4,965795589
8126,57,1159,3,965798432
8127,57,1424,3,965796904
8128,57,40,1,965797786
8129,57,1425,4,965798849
8130,57,3004,2,972175326
8131,57,263,5,965796004
8132,57,3005,3,965797129
8133,57,41,3,965798313
8134,57,42,2,969753871
8135,57,1097,4,965796004
8136,57,2996,2,965798916
8137,57,723,5,965795892
8138,57,1429,2,969754038
8139,57,690,2,965797815
8140,57,1160,4,972173655
8141,57,43,3,965799571
8142,57,2897,4,972174297
8143,57,693,3,972175105
8144,57,2427,2,969754753
8145,57,1433,1,965797839
8146,57,702,3,965797105
8147,57,264,2,965799010
8148,57,2173,1,972174771
8149,57,1028,5,965795615
8150,57,3006,4,969754432
8151,57,1436,4,965796716
8152,57,708,3,965799044
8153,57,329,3,965796392
8154,57,3007,4,965798269
8155,57,331,5,965796563
8156,57,1438,4,965795785
8157,57,333,5,965795803
8158,57,334,5,965795827
8159,57,1440,4,965796793
8160,57,336,5,965796541
8161,57,1098,5,965795851
8162,57,1441,5,965796333
8163,57,337,4,965796578
8164,57,831,4,965795803
8165,57,46,5,965795758
8166,57,724,5,965796656
8167,57,1444,4,965796716
8168,57,47,4,969753691
8169,57,3008,4,965796495
8170,57,3009,4,969753168
8171,57,3010,5,965795869
8172,57,2143,4,965796563
8173,57,715,3,965799536
8174,57,2445,4,972172431
8175,57,717,2,972174733
8176,57,2446,1,972175258
8177,57,863,4,969753499
8178,57,55,3,969753973
8179,57,57,4,965796031
8180,57,1135,4,969754215
8181,57,1449,4,969755119
8182,57,59,3,965795615
8183,57,1162,3,972173685
8184,57,60,3,972173722
8185,57,343,3,965796333
8186,57,62,4,969753218
8187,57,65,2,969755101
8188,57,346,3,965796593
8189,57,976,2,969754781
8190,57,725,4,969754482
8191,57,67,4,965798155
8192,57,1451,3,965798130
8193,57,68,5,965796238
8194,57,1100,5,965796004
8195,57,348,2,972172824
8196,57,349,4,972174580
8197,57,3011,3,972174314
8198,57,1102,4,965795928
8199,57,69,4,965798130
8200,57,70,5,965796373
8201,57,71,5,965798130
8202,57,1029,4,965799430
8203,57,1103,5,965798542
8204,57,2396,5,965795827
8205,57,72,4,965798685
8206,57,73,4,965799430
8207,57,74,4,965798130
8208,57,1163,5,965796633
8209,57,78,4,969753346
8210,57,1137,5,965795745
8211,57,79,4,969754290
8212,57,1105,4,965796255
8213,57,81,4,969753168
8214,57,1139,5,969753201
8215,57,82,4,965796733
8216,57,2397,4,965799473
8217,57,2081,5,965796886
8218,57,2082,5,965796471
8219,57,2083,4,969754942
8220,57,355,5,965799430
8221,57,1107,5,965796471
8222,57,3012,4,965795869
8223,57,83,5,965795827
8224,57,1454,3,969753400
8225,57,85,5,965796352
8226,57,357,4,965798574
8227,57,3013,3,972174580
8228,57,1455,4,965796373
8229,57,86,4,965798685
8230,57,2084,3,965798228
8231,57,87,5,965798172
8232,57,1111,5,965795905
8233,57,3014,3,965796563
8234,57,88,4,965796278
8235,57,89,4,965796031
8236,57,359,5,965798574
8237,57,2085,5,965796495
8238,57,1456,4,965798060
8239,57,2146,5,965798228
8240,57,360,5,965796302
8241,57,90,4,965798248
8242,57,2178,3,965798228
8243,57,361,5,965796238
8244,57,2751,3,965798932
8245,57,1166,4,965798785
8246,57,978,2,972173722
8247,57,271,2,965798898
8248,57,1469,4,965798806
8249,57,1470,2,965798974
8250,57,1167,5,965798130
8251,57,1140,3,965798397
8252,57,1471,4,965798172
8253,57,93,2,969754612
8254,57,1472,3,965798609
8255,57,1473,2,965797716
8256,57,979,2,969754432
8257,57,3015,2,969754810
8258,57,362,4,965798898
8259,57,1476,3,972173533
8260,57,3016,3,972175478
8261,57,2086,3,965797285
8262,57,2429,4,969754408
8263,57,1479,2,972174939
8264,57,2561,1,965797815
8265,57,1484,3,969754810
8266,57,3017,2,972172370
8267,57,1487,1,969754008
8268,57,98,3,965796941
8269,57,2563,4,965797341
8270,57,99,4,969753562
8271,57,981,3,969754552
8272,57,1031,4,965798806
8273,57,1168,2,965798485
8274,57,100,1,969753897
8275,57,1492,2,969754038
8276,57,3018,3,972172529
8277,57,101,2,965798759
8278,57,102,4,965797070
8279,57,727,3,965798731
8280,57,1007,2,965798974
8281,57,365,3,969754612
8282,57,1499,2,965798974
8283,57,984,3,969754509
8284,57,728,4,965796793
8285,57,1500,2,972174978
8286,57,985,3,965799590
8287,57,104,5,965796495
8288,57,105,2,972174710
8289,57,366,4,965796990
8290,57,2459,4,972172873
8291,57,3019,1,972175891
8292,57,1032,5,965798785
8293,57,3020,4,965799521
8294,57,2461,4,972173743
8295,57,834,3,965796733
8296,57,108,4,965798347
8297,57,2181,3,972172280
8298,57,729,4,972172686
8299,57,1508,3,972175291
8300,57,1510,2,965798849
8301,57,234,3,972172431
8302,57,2088,3,965797640
8303,57,988,2,965799094
8304,57,1514,2,969754379
8305,57,2565,2,972175871
8306,57,1515,4,969753562
8307,57,1516,3,965796495
8308,57,2673,2,969754612
8309,57,730,4,972172894
8310,57,1524,2,965798952
8311,57,3021,3,969754683
8312,57,2675,3,972175470
8313,57,990,2,965799010
8314,57,2091,2,972175395
8315,57,376,4,972173465
8316,57,1033,4,965798785
8317,57,3022,2,969754290
8318,57,2400,4,965799521
8319,57,2039,4,965796716
8320,57,116,4,969754244
8321,57,382,4,965798002
8322,57,118,5,965798085
8323,57,1034,3,969753623
8324,57,992,3,969754612
8325,57,119,3,965798313
8326,57,1777,3,965798397
8327,57,3023,4,965798759
8328,57,383,5,969754184
8329,57,2183,2,965798759
8330,57,837,3,969754641
8331,57,122,5,965799491
8332,57,126,3,965798916
8333,57,3024,5,965796605
8334,57,272,4,965796031
8335,57,1035,5,965796107
8336,57,1779,3,972174064
8337,57,1780,4,965796062
8338,57,1561,1,965798432
8339,57,131,3,965798473
8340,57,998,3,969753562
8341,57,3025,4,965796031
8342,57,1564,3,965797154
8343,57,385,4,969753562
8344,57,135,3,965798155
8345,57,2680,3,972174279
8346,57,1571,4,965798703
8347,57,387,4,965798085
8348,57,2571,3,969753372
8349,57,142,3,969753562
8350,57,143,3,969753897
8351,57,1141,4,969754244
8352,57,3026,5,965796793
8353,57,1580,1,965796686
8354,57,145,4,972172502
8355,57,146,3,969754482
8356,57,273,3,969754244
8357,57,3027,3,969753274
8358,57,147,4,972173640
8359,57,2573,4,972175395
8360,57,838,4,969753201
8361,57,2402,3,965795589
8362,57,1594,2,969753586
8363,57,2152,4,965798823
8364,57,1597,4,965796969
8365,57,392,5,965796969
8366,57,393,3,972172450
8367,57,150,2,969754343
8368,57,1600,1,972174599
8369,57,1601,4,965796062
8370,57,1861,3,969754753
8371,57,396,4,965796990
8372,57,1607,2,969754612
8373,57,1609,5,965796869
8374,57,1864,4,969754456
8375,57,2121,2,969754729
8376,57,155,4,965798373
8377,57,1610,3,965798785
8378,57,3028,1,972175536
8379,57,160,3,965798397
8380,57,3029,3,965799591
8381,57,161,2,965798609
8382,57,1115,4,969754509
8383,57,165,4,969754215
8384,57,2153,3,969754552
8385,57,2154,3,969754552
8386,57,167,5,965796810
8387,57,168,3,972172183
8388,57,399,4,969753240
8389,57,1632,2,972175670
8390,57,170,2,969754707
8391,57,171,3,969753871
8392,57,172,3,965798332
8393,57,173,4,969753832
8394,57,174,2,969754664
8395,57,1636,2,965798974
8396,57,3030,3,972172160
8397,57,400,3,965797192
8398,57,1640,4,965796107
8399,57,2472,3,969753522
8400,57,180,4,965796140
8401,57,734,1,965798631
8402,57,1179,4,972174751
8403,57,1642,3,972172840
8404,57,181,5,965798031
8405,57,1117,3,965798373
8406,57,3031,4,965797341
8407,57,182,4,965796004
8408,57,402,5,965796686
8409,57,404,4,965797285
8410,57,1650,4,965796352
8411,57,405,5,965798049
8412,57,183,3,969753274
8413,57,1652,3,969754753
8414,57,1653,4,965796211
8415,57,185,5,965796238
8416,57,188,4,965796763
8417,57,3032,4,965796748
8418,57,1180,5,965798031
8419,57,408,5,965798591
8420,57,3033,4,965798574
8421,57,3034,4,965795785
8422,57,1785,3,965799554
8423,57,190,4,965795650
8424,57,192,3,969754215
8425,57,1181,4,965798574
8426,57,3035,2,972175310
8427,57,1669,4,965798155
8428,57,194,3,965798759
8429,57,195,3,965796062
8430,57,1866,4,969754509
8431,57,1867,2,969754552
8432,57,198,4,965796886
8433,57,2191,4,969754552
8434,57,1119,5,965796211
8435,57,2098,5,965796187
8436,57,1675,4,965798806
8437,57,199,3,965798785
8438,57,411,4,969755084
8439,57,3036,4,965797484
8440,57,1681,3,969754880
8441,57,2491,5,965799571
8442,57,1682,3,965798373
8443,57,1183,4,972174580
8444,57,1684,2,969754379
8445,57,1687,4,965798155
8446,57,2193,4,972172393
8447,57,2194,3,969754482
8448,57,1120,5,965797050
8449,57,736,4,965796004
8450,57,1787,3,972175038
8451,57,415,3,972171955
8452,57,416,4,965796941
8453,57,2600,2,972175601
8454,57,209,3,969753400
8455,57,418,3,965797129
8456,57,2201,4,969754408
8457,57,1698,3,965797522
8458,57,2601,3,972175764
8459,57,2202,3,972174279
8460,57,1700,3,965798397
8461,57,2204,1,972175310
8462,57,1701,3,972172013
8463,57,3037,5,965796471
8464,57,1706,3,965796392
8465,57,211,3,972173759
8466,57,1712,4,969753290
8467,57,3038,3,972174885
8468,57,1122,4,965796004
8469,57,1144,4,965795745
8470,57,214,4,965799608
8471,57,3039,4,965795650
8472,57,1721,4,965796952
8473,57,1722,5,965798662
8474,57,217,4,965798155
8475,57,218,3,965798432
8476,57,3040,5,965798591
8477,57,1728,4,965797264
8478,57,3041,4,969753458
8479,57,219,3,965798716
8480,57,2206,3,965796278
8481,57,2606,4,965798049
8482,57,220,4,969754290
8483,57,3042,1,965799070
8484,57,2932,3,972175105
8485,57,1014,4,969754343
8486,57,3043,4,965799608
8487,57,3044,4,965796405
8488,57,1869,4,969754408
8489,57,1870,2,965798849
8490,57,222,3,969754343
8491,57,3045,4,969754552
8492,57,223,4,965798574
8493,57,1145,4,965798574
8494,57,1743,3,969753562
8495,57,1744,3,972174630
8496,57,1871,2,965798870
8497,57,1750,3,965798849
8498,57,1751,2,969754090
8499,57,227,4,969754569
8500,57,1016,3,965799521
8501,57,3046,4,965799383
8502,57,3047,1,965797677
8503,57,3048,1,965797855
8504,57,3049,4,965799445
8505,57,1018,4,965799246
8506,57,1766,2,965799246
8507,57,2163,5,965799259
8508,57,3050,3,969753008
8509,57,3051,2,969752936
8510,57,232,4,965795947
8511,58,2,3,847719397
8512,58,484,4,847719151
8513,58,485,5,847719397
8514,58,493,1,847718718
8515,58,292,4,847718718
8516,58,494,3,847719108
8517,58,260,4,847719088
8518,58,293,5,847718745
8519,58,462,4,847718991
8520,58,463,5,847718745
8521,58,972,2,847718960
8522,58,4,5,847718657
8523,58,1401,3,847719035
8524,58,5,5,847718718
8525,58,505,3,847718910
8526,58,8,5,847718580
8527,58,525,3,847718894
8528,58,464,4,847718380
8529,58,465,3,847718434
8530,58,531,4,847718580
8531,58,532,4,847718433
8532,58,533,5,847718992
8533,58,1405,2,847718818
8534,58,540,3,847718579
8535,58,541,3,847718910
8536,58,545,2,847718894
8537,58,2424,3,847719177
8538,58,550,4,847718580
8539,58,12,3,847719308
8540,58,555,5,847719231
8541,58,305,5,847719271
8542,58,13,3,847719088
8543,58,557,3,847719065
8544,58,558,3,847718745
8545,58,14,5,847718462
8546,58,560,4,847719333
8547,58,566,3,847719411
8548,58,2433,5,847719464
8549,58,466,2,847718617
8550,58,467,4,847718960
8551,58,308,4,847718991
8552,58,468,3,847718786
8553,58,580,2,847719132
8554,58,581,5,847719065
8555,58,3052,5,847719231
8556,58,584,4,847718851
8557,58,585,3,847718617
8558,58,588,4,847718544
8559,58,589,5,847718937
8560,58,17,5,847718380
8561,58,470,5,847718674
8562,58,597,5,847718851
8563,58,598,3,847718786
8564,58,233,5,847718544
8565,58,599,4,847719285
8566,58,19,5,847719015
8567,58,604,5,847718894
8568,58,605,5,847718617
8569,58,310,5,847719151
8570,58,471,1,847718434
8571,58,311,4,847719308
8572,58,20,3,847718461
8573,58,609,4,847718786
8574,58,611,3,847718991
8575,58,21,4,847718461
8576,58,314,3,847718745
8577,58,22,5,847719203
8578,58,472,4,847718657
8579,58,23,4,847718657
8580,58,315,4,847718937
8581,58,620,4,847719333
8582,58,1410,3,847719438
8583,58,622,5,847718657
8584,58,473,3,847718380
8585,58,631,3,847719308
8586,58,635,3,847718818
8587,58,637,4,847718786
8588,58,639,3,847718617
8589,58,640,2,847719231
8590,58,26,5,847718433
8591,58,475,5,847718851
8592,58,318,5,847719285
8593,58,647,4,847719333
8594,58,27,4,847718544
8595,58,654,5,847719066
8596,58,28,3,847718657
8597,58,657,5,847718868
8598,58,320,2,847718850
8599,58,660,3,847719088
8600,58,29,5,847718718
8601,58,975,5,847719203
8602,58,322,5,847718718
8603,58,665,3,847719271
8604,58,30,5,847719231
8605,58,1420,5,847718937
8606,58,31,3,847719108
8607,58,1158,3,847719035
8608,58,671,4,847718674
8609,58,323,5,847718433
8610,58,479,4,847718617
8611,58,33,3,847718380
8612,58,34,3,847718380
8613,58,480,5,847719035
8614,58,324,5,847718461
8615,58,36,4,847719271
8616,58,481,5,847718674
8617,58,674,4,847719271
8618,58,38,5,847719035
8619,58,326,5,847719464
8620,58,42,3,847718894
8621,58,43,5,847718910
8622,58,61,5,847719802
8623,59,487,3,953609378
8624,59,499,5,953609923
8625,59,520,4,953608307
8626,59,8,2,953609098
8627,59,1094,5,953608356
8628,59,16,4,953610660
8629,59,609,3,953610578
8630,59,23,4,953610692
8631,59,27,3,953609415
8632,59,29,5,953609857
8633,59,1095,5,953609611
8634,59,31,3,953609458
8635,59,479,4,953609167
8636,59,35,5,953610203
8637,59,37,5,953610300
8638,59,261,4,953610077
8639,59,38,5,953609356
8640,59,41,4,953609415
8641,59,723,5,953609857
8642,59,43,4,953609540
8643,59,1028,5,953609775
8644,59,1438,5,953610229
8645,59,333,5,953610229
8646,59,1439,5,953610526
8647,59,336,5,953609857
8648,59,1098,5,953609637
8649,59,831,4,953609611
8650,59,724,5,953610267
8651,59,3053,5,953610381
8652,59,1445,5,953610267
8653,59,2143,5,953609997
8654,59,345,4,953610338
8655,59,64,4,953610028
8656,59,346,5,953610464
8657,59,66,5,953610660
8658,59,3054,5,953610203
8659,59,349,5,953609997
8660,59,350,5,953610432
8661,59,69,4,953609923
8662,59,73,5,953609954
8663,59,74,3,953608307
8664,59,1163,5,953610203
8665,59,77,5,953610203
8666,59,1137,4,953610986
8667,59,79,5,953610028
8668,59,80,5,953609923
8669,59,2079,5,953609857
8670,59,2901,5,953610406
8671,59,865,5,953610406
8672,59,355,5,953609923
8673,59,1107,5,953609611
8674,59,268,5,953609997
8675,59,1455,5,953610300
8676,59,1113,5,953609857
8677,59,2418,4,953610834
8678,59,3055,3,953610764
8679,59,2180,4,953609197
8680,59,100,3,953609496
8681,59,101,5,953609098
8682,59,102,3,953609283
8683,59,728,4,953609121
8684,59,104,4,953609611
8685,59,106,5,953610555
8686,59,3056,5,953610203
8687,59,834,5,953610338
8688,59,3057,5,953610077
8689,59,1514,3,953609458
8690,59,3058,5,953610854
8691,59,991,3,953609496
8692,59,115,5,953609923
8693,59,3059,4,953609954
8694,59,2039,5,953610338
8695,59,3060,5,953610464
8696,59,122,5,953609057
8697,59,3024,5,953609954
8698,59,3061,5,953610077
8699,59,384,5,953610526
8700,59,2040,5,953610338
8701,59,142,2,953610692
8702,59,1593,3,953608307
8703,59,2575,5,953611186
8704,59,157,5,953609057
8705,59,1629,5,953610267
8706,59,167,1,953609098
8707,59,170,2,953609458
8708,59,732,3,953608356
8709,59,2095,5,953610986
8710,59,403,5,953609283
8711,59,189,5,953610077
8712,59,1669,5,953610660
8713,59,195,1,953609660
8714,59,3062,5,953610300
8715,59,417,5,953610338
8716,59,3063,5,953610267
8717,59,2201,5,953609167
8718,59,211,4,953610555
8719,59,215,5,953608587
8720,59,216,3,953608587
8721,59,3064,4,953608665
8722,59,1186,5,953610923
8723,59,1722,4,953608525
8724,59,217,4,953608665
8725,59,218,2,953608610
8726,59,3065,5,953608691
8727,59,3066,4,953608726
8728,59,232,4,953609923
8729,59,3067,5,953608991
8730,60,1401,3,1393541734
8731,60,5,3,1393542060
8732,60,503,3,1393541955
8733,60,233,4,1393542053
8734,60,22,4,1393541920
8735,60,640,3,1393541905
8736,60,29,5,1393542064
8737,60,693,4,1393541788
8738,60,2444,4,1393541754
8739,60,1435,3,1393541695
8740,60,1028,5,1393542055
8741,60,352,3,1393542084
8742,60,2397,4,1393541757
8743,60,1492,3,1393541892
8744,60,3024,3,1393541982
8745,60,387,4,1393541897
8746,60,1865,3,1393541908
8747,60,3068,4,1393541977
8748,60,211,4,1393541937
8749,60,1719,4,1393541967
8750,60,1147,4,1393542073
8751,60,239,5,1393542075
8752,61,491,4,1145531659
8753,61,293,4,1145532647
8754,61,5,4,1145532639
8755,61,1405,3,1145531733
8756,61,15,4,1145531647
8757,61,468,4,1145531608
8758,61,589,4,1145532599
8759,61,233,5,1145532707
8760,61,1158,4,1145532694
8761,61,35,4,1145532720
8762,61,62,3,1145531671
8763,61,63,4,1145532577
8764,61,64,4,1145532596
8765,61,725,1,1145531624
8766,61,1103,4,1145532700
8767,61,73,4,1145531565
8768,61,75,4,1145532539
8769,61,76,4,1145532688
8770,61,84,4,1145531678
8771,61,361,5,1145531711
8772,61,1032,4,1145531727
8773,61,731,3,1145531574
8774,61,120,2,1145531640
8775,61,142,3,1145531650
8776,61,1643,3,1145531655
8777,61,278,4,1145532607
8778,61,1022,4,1145532610
8779,61,445,4,1145532579
8780,61,1125,4,1145532542
8781,61,754,4,1145532353
8782,61,765,4,1145531615
8783,61,1046,4,1145532705
8784,61,2239,4,1145532594
8785,61,235,4,1145532616
8786,61,775,4,1145532573
8787,61,1130,4,1145532717
8788,61,1048,4,1145532551
8789,61,1235,4,1145532546
8790,61,2050,4,1145532681
8791,62,482,4,1528843890
8792,62,3,4,1522190219
8793,62,4,4,1521489234
8794,62,8,4,1521822303
8795,62,16,4,1521488893
8796,62,589,5,1521488906
8797,62,17,4,1521488575
8798,62,233,4,1521488565
8799,62,471,3,1521822336
8800,62,21,5,1521822306
8801,62,474,4,1525636601
8802,62,29,4,1521488569
8803,62,828,4,1521489913
8804,62,35,5,1521488571
8805,62,1160,4,1521488884
8806,62,1028,5,1521488566
8807,62,63,5,1521488724
8808,62,66,4,1521822348
8809,62,1102,4,1521488855
8810,62,69,4,1521488711
8811,62,71,4,1521490520
8812,62,352,5,1521822604
8813,62,74,4,1521488714
8814,62,1137,5,1521488574
8815,62,726,4,1521822408
8816,62,85,4,1536618534
8817,62,86,4,1521822319
8818,62,90,4,1523111068
8819,62,102,3,1521822333
8820,62,728,4,1521489883
8821,62,1501,5,1522189770
8822,62,1032,5,1521489167
8823,62,729,4,1521489738
8824,62,234,5,1523560682
8825,62,988,4,1521822338
8826,62,109,4,1521488871
8827,62,1171,5,1523134030
8828,62,836,5,1521489589
8829,62,120,4,1521822475
8830,62,837,5,1525636725
8831,62,122,4,1521489641
8832,62,135,4,1521822456
8833,62,2680,5,1525636840
8834,62,148,4,1522418540
8835,62,167,5,1521489407
8836,62,171,3,1521822500
8837,62,172,4,1521822355
8838,62,402,4,1523111064
8839,62,1182,3,1525636880
8840,62,193,5,1521488573
8841,62,1118,4,1521822696
8842,62,736,3,1525636897
8843,62,204,5,1521489752
8844,62,2200,4,1521929611
8845,62,220,4,1521489618
8846,62,1757,3,1521822833
8847,62,229,3,1525125407
8848,62,1797,4,1521490259
8849,62,278,4,1521488888
8850,62,2715,4,1521931842
8851,62,741,2,1522792173
8852,62,742,4,1521822029
8853,62,1022,4,1521488896
8854,62,1023,5,1521822932
8855,62,744,4,1525125789
8856,62,1191,5,1521489459
8857,62,1812,3,1521490349
8858,62,745,1,1521488595
8859,62,1816,3,1521490377
8860,62,1125,4,1521488880
8861,62,458,4,1521489784
8862,62,753,4,1521489743
8863,62,1126,4,1521488600
8864,62,754,5,1521488587
8865,62,755,4,1521822370
8866,62,1840,3,1521489715
8867,62,757,4,1521490245
8868,62,758,4,1521490261
8869,62,1845,4,1530310806
8870,62,759,4,1521489745
8871,62,760,3,1521822660
8872,62,762,4,1521489661
8873,62,763,5,1521488944
8874,62,1849,5,1521489688
8875,62,764,4,1521490262
8876,62,1204,4,1521489647
8877,62,765,5,1521488589
8878,62,766,4,1521490252
8879,62,1206,4,1521488875
8880,62,3069,3,1525555043
8881,62,768,3,1525125405
8882,62,769,5,1521489359
8883,62,1209,4,1521490280
8884,62,770,3,1525553932
8885,62,771,4,1521488598
8886,62,3070,3,1525553960
8887,62,3071,3,1525554328
8888,62,772,3,1521822677
8889,62,235,5,1521489355
8890,62,773,5,1521490090
8891,62,774,4,1521489737
8892,62,775,5,1521488588
8893,62,1047,4,1521489196
8894,62,883,4,1521822849
8895,62,1130,4,1521488882
8896,62,1222,3,1525553873
8897,62,1048,5,1521489358
8898,62,886,4,1521490369
8899,62,779,1,1521822509
8900,62,780,4,1521489361
8901,62,2753,2,1525554186
8902,62,887,4,1521489778
8903,62,783,4,1521490265
8904,62,1227,4,1521490412
8905,62,2267,4,1521489108
8906,62,1230,4,1521489225
8907,62,795,4,1521489915
8908,62,798,3,1521490406
8909,62,799,5,1521490022
8910,62,3072,4,1525554402
8911,62,3073,4,1526248533
8912,62,3074,4,1525554894
8913,62,1235,4,1532723284
8914,62,1237,4,1521822764
8915,62,1150,3,1525869033
8916,62,2126,4,1521490005
8917,62,807,4,1521489360
8918,62,808,4,1525554409
8919,62,809,4,1521490052
8920,62,2288,4,1521489746
8921,62,895,3,1521822728
8922,62,810,5,1521489357
8923,62,1241,3,1525553942
8924,62,1244,4,1521490384
8925,62,1246,4,1530310521
8926,62,1247,4,1525125457
8927,62,1249,4,1532723298
8928,62,1894,4,1521489708
8929,62,1895,4,1521490334
8930,62,2300,4,1521490298
8931,62,1251,5,1521488886
8932,62,1897,3,1525637057
8933,62,817,3,1525125404
8934,62,818,3,1525553893
8935,62,1255,4,1521490305
8936,62,2311,3,1525554190
8937,62,1899,4,1525554198
8938,62,2055,4,1536874645
8939,62,899,5,1521489657
8940,62,2128,4,1521489635
8941,62,3075,3,1521931853
8942,62,2316,4,1521490315
8943,62,1133,4,1521489461
8944,62,238,4,1521488756
8945,62,1052,5,1521488751
8946,62,3076,4,1526582362
8947,62,824,4,1521489572
8948,62,2320,4,1536874696
8949,62,3077,1,1523047091
8950,62,3078,5,1522190353
8951,62,3079,3,1522349468
8952,62,1262,4,1522533220
8953,62,900,4,1521489885
8954,62,1263,4,1521822937
8955,62,2979,4,1521490430
8956,62,1906,1,1525554344
8957,62,1264,4,1521490024
8958,62,1907,5,1521489962
8959,62,1267,3,1525554739
8960,62,2519,4,1521489700
8961,62,2058,4,1521822771
8962,62,2338,4,1521489698
8963,62,2059,5,1521489268
8964,62,2345,4,1521932232
8965,62,1054,4,1521489956
8966,62,2347,4,1521489739
8967,62,1276,4,1521929638
8968,62,1909,3,1521490102
8969,62,906,3,1528909343
8970,62,239,5,1521488846
8971,62,2351,4,1525165437
8972,62,1055,3,1521489710
8973,62,3080,4,1525637504
8974,62,1284,3,1525165396
8975,62,1056,4,1521490257
8976,62,3081,3,1521490159
8977,62,1285,3,1525553927
8978,62,3082,3,1527004227
8979,62,1286,4,1521822822
8980,62,240,3,1528934376
8981,62,2130,4,1528934209
8982,62,3083,4,1522533605
8983,62,912,4,1521490043
8984,62,913,1,1528934225
8985,62,1290,4,1521489875
8986,62,914,4,1521489999
8987,62,3084,4,1523045470
8988,62,241,4,1521488881
8989,62,1059,2,1522189879
8990,62,1296,3,1525125403
8991,62,3085,4,1521490070
8992,62,3086,4,1527274282
8993,62,916,5,1521488928
8994,62,1297,4,1521488917
8995,62,1060,4,1521490345
8996,62,918,4,1521489666
8997,62,2393,4,1522190336
8998,62,242,3,1529777113
8999,62,922,3,1522096089
9000,62,927,4,1521488927
9001,62,928,5,1521488921
9002,62,3087,3,1521489205
9003,62,243,4,1521488745
9004,62,1308,5,1523135841
9005,62,1313,3,1521490357
9006,62,3088,3,1523788888
9007,62,931,1,1523788913
9008,62,245,5,1521488715
9009,62,3089,4,1526076526
9010,62,1318,4,1523029355
9011,62,3090,4,1522190556
9012,62,1932,3,1523786536
9013,62,1934,4,1521490317
9014,62,935,5,1521488748
9015,62,3091,2,1523786551
9016,62,3092,4,1525125807
9017,62,1064,4,1521488762
9018,62,1066,4,1521489185
9019,62,1325,4,1521490291
9020,62,1327,4,1523786545
9021,62,3093,4,1523788875
9022,62,1328,4,1521489753
9023,62,3094,3,1525555156
9024,62,1938,2,1523788921
9025,62,1939,4,1521489649
9026,62,1331,4,1521490228
9027,62,942,4,1521489757
9028,62,1940,3,1525554858
9029,62,3095,4,1521489573
9030,62,1067,4,1521488914
9031,62,3096,4,1521489672
9032,62,3097,3,1522265959
9033,62,1068,4,1521490055
9034,62,250,5,1521488726
9035,62,1334,5,1521489748
9036,62,251,4,1521489782
9037,62,1948,3,1521490234
9038,62,1069,3,1521490107
9039,62,951,4,1521489704
9040,62,1070,4,1521489192
9041,62,2412,5,1521488950
9042,62,2531,4,1523788902
9043,62,3098,3,1529611221
9044,62,2532,4,1521489732
9045,62,953,4,1521489658
9046,62,1343,4,1521489734
9047,62,252,5,1521488759
9048,62,3099,4,1524172811
9049,62,1071,4,1522533578
9050,62,3100,4,1523788935
9051,62,1346,3,1521490450
9052,62,1348,4,1521489785
9053,62,3101,3,1525555304
9054,62,3102,4,1522190324
9055,62,1350,4,1523788898
9056,62,1967,3,1521490132
9057,62,957,4,1523721884
9058,62,3103,4,1528843953
9059,62,1352,3,1525125410
9060,62,3104,3,1523788866
9061,62,1353,3,1523786562
9062,62,1354,4,1521490112
9063,62,959,5,1521490444
9064,62,253,4,1521488752
9065,62,1975,4,1521931587
9066,62,3105,4,1528934997
9067,62,3106,4,1521489944
9068,62,1980,3,1525554826
9069,62,2737,4,1521489254
9070,62,962,5,1521489662
9071,62,254,5,1521488747
9072,62,1075,4,1521489943
9073,62,3107,4,1524950167
9074,62,1357,4,1521489750
9075,62,2536,3,1521490297
9076,62,1990,3,1530471409
9077,62,1076,4,1521489609
9078,62,255,4,1521488852
9079,62,1077,4,1521488746
9080,62,2738,4,1521932325
9081,62,1078,4,1521489638
9082,62,3108,4,1522096059
9083,62,1995,3,1525554378
9084,62,3109,4,1521490183
9085,62,3110,4,1521931629
9086,62,3111,5,1521489139
9087,62,1079,5,1521489984
9088,62,3112,4,1522190590
9089,62,2539,4,1521489242
9090,62,3113,4,1521932302
9091,62,257,4,1521489156
9092,62,1362,4,1521488742
9093,62,1363,4,1521490236
9094,62,2540,4,1528152841
9095,62,1364,4,1521489591
9096,62,3114,4,1523111252
9097,62,2006,3,1525555123
9098,62,258,4,1521490340
9099,62,1081,4,1521488723
9100,62,1366,4,1521490136
9101,62,2009,3,1523047955
9102,62,2843,4,1523048682
9103,62,1367,3,1521490276
9104,62,1082,4,1521489917
9105,62,2135,4,1526028975
9106,62,2136,4,1521489045
9107,62,1368,4,1521488924
9108,62,1369,4,1521489966
9109,62,1083,4,1521489972
9110,62,1084,4,1525125413
9111,62,1370,4,1521490080
9112,62,2542,5,1521489877
9113,62,3115,3,1523047259
9114,62,2016,3,1525637477
9115,62,2848,4,1521489754
9116,62,3116,3,1530471334
9117,62,2017,4,1525555066
9118,62,1372,2,1521490167
9119,62,969,4,1521490068
9120,62,2543,4,1525555209
9121,62,2853,3,1523048818
9122,62,1373,4,1521489905
9123,62,971,4,1522265901
9124,62,3117,4,1523048801
9125,62,3118,3,1521490047
9126,62,1380,5,1521490527
9127,62,1384,4,1522190194
9128,62,3119,4,1526076371
9129,62,1386,3,1523047944
9130,62,3120,4,1521490226
9131,62,1390,4,1522190735
9132,62,1391,4,1521489143
9133,62,1092,4,1521489964
9134,62,3121,4,1521490038
9135,62,1093,3,1521490294
9136,62,2036,4,1523048794
9137,62,3122,4,1521490524
9138,62,1393,5,1521489970
9139,62,3123,3,1523048693
9140,62,3124,4,1523048763
9141,62,3125,5,1525637301
9142,62,3126,4,1523048625
9143,62,3127,5,1525637282
9144,62,3128,4,1521490145
9145,62,2884,3,1523048611
9146,62,2137,4,1521488605
9147,62,3129,5,1525795252
9148,62,3130,3,1528934530
9149,62,3131,3,1523048605
9150,62,3132,4,1521929626
9151,62,3133,4,1526244681
9152,62,3134,3,1528024895
9153,62,3135,4,1525946532
9154,62,1399,5,1525795293
9155,62,2139,4,1527274071
9156,62,3136,4,1528934550
9157,63,1,5,1443199669
9158,63,487,3,1443201199
9159,63,293,3,1443199999
9160,63,461,3,1443201169
9161,63,4,4,1443201084
9162,63,5,5,1443199758
9163,63,8,2,1443199850
9164,63,1094,3,1443199818
9165,63,464,3,1443201072
9166,63,465,1,1443201088
9167,63,532,4,1443201090
9168,63,550,2,1443201186
9169,63,14,3,1443201105
9170,63,16,5,1443199688
9171,63,589,3,1443199772
9172,63,17,5,1443201070
9173,63,233,5,1443199751
9174,63,471,5,1443201075
9175,63,21,3,1443199681
9176,63,314,4,1443201224
9177,63,472,4,1443200128
9178,63,23,4,1443201104
9179,63,622,2,1443201077
9180,63,27,2,1443199679
9181,63,28,3,1443201103
9182,63,29,4,1443199764
9183,63,1158,2,1443200104
9184,63,828,2,1443201188
9185,63,323,4,1443200252
9186,63,479,4,1443199783
9187,63,34,4,1443201079
9188,63,324,3,1443201091
9189,63,37,4,1443199825
9190,63,38,4,1443201073
9191,63,1097,5,1443348399
9192,63,1160,4,1443199878
9193,63,43,3,1443201081
9194,63,1028,4,1443199776
9195,63,336,4,1443201230
9196,63,1098,4,1443199803
9197,63,724,3,1443199909
9198,63,2395,4,1443199729
9199,63,2143,3,1443199835
9200,63,1135,4,1443199792
9201,63,61,3,1443201192
9202,63,62,5,1443199898
9203,63,344,4,1443200023
9204,63,63,3,1443201184
9205,63,66,2,1443201101
9206,63,68,5,1443199789
9207,63,1100,5,1443348398
9208,63,1102,4,1443201170
9209,63,69,5,1443199754
9210,63,71,5,1443199755
9211,63,1029,2,1443199762
9212,63,1103,4,1443199813
9213,63,3137,4,1443200054
9214,63,352,4,1443735650
9215,63,73,5,1443199821
9216,63,74,4,1443199768
9217,63,75,4,1443201226
9218,63,76,2,1443199787
9219,63,78,5,1443200106
9220,63,1137,4,1443201175
9221,63,79,2,1443199857
9222,63,1105,5,1443348411
9223,63,1139,2,1443199800
9224,63,2145,4,1443199811
9225,63,85,3,1443201196
9226,63,86,5,1443199663
9227,63,88,3,1443199901
9228,63,89,4,1443200228
9229,63,360,5,1443199867
9230,63,90,4,1443199779
9231,63,2147,3,1443200100
9232,63,2420,3,1443200314
9233,63,1031,3,1443200201
9234,63,102,2,1443201093
9235,63,104,4,1443201182
9236,63,729,3,1443201256
9237,63,234,3,1443199847
9238,63,109,0,1443199918
9239,63,379,2,1443201254
9240,63,2401,2,1443200960
9241,63,3138,4,1443200361
9242,63,382,4,1443200066
9243,63,118,3,1443200236
9244,63,122,3,1443199838
9245,63,128,5,1443200302
9246,63,135,4,1443200254
9247,63,148,4,1443199801
9248,63,166,4,1443200956
9249,63,167,3,1443199667
9250,63,400,3,1443201238
9251,63,179,4,1443200946
9252,63,181,5,1443201173
9253,63,1650,5,1443201032
9254,63,405,4,1443200129
9255,63,185,5,1443199797
9256,63,1180,3,1443201007
9257,63,193,5,1443200442
9258,63,198,3,1443199921
9259,63,1118,3,1443200472
9260,63,3139,4,1443199884
9261,63,2511,2,1443200777
9262,63,1012,2,1443200791
9263,63,1718,2,1443200099
9264,63,1144,4,1443200927
9265,63,423,4,1443200596
9266,63,1041,4,1443200658
9267,63,2606,2,1443200238
9268,63,1042,3,1443368334
9269,63,220,3,1443199923
9270,63,221,1,1443290327
9271,63,738,2,1443200578
9272,63,1015,2,1443200635
9273,63,1187,4,1443200581
9274,63,1757,2,1443200675
9275,63,1795,3,1443200613
9276,63,1188,2,1443200650
9277,63,229,3,1443200551
9278,63,1872,3,1443290424
9279,63,429,2,1443200567
9280,63,1797,2,1443200595
9281,63,278,5,1443199859
9282,63,432,4,1443199984
9283,63,1022,3,1443199845
9284,63,434,2,1443200619
9285,63,1043,3,1443200566
9286,63,437,1,1443200564
9287,63,3140,3,1443200241
9288,63,744,3,1443200695
9289,63,445,3,1443200550
9290,63,447,3,1443290259
9291,63,1191,2,1443199912
9292,63,1813,3,1443368412
9293,63,745,2,1443200549
9294,63,746,0,1443200670
9295,63,1814,4,1443200752
9296,63,1824,3,1443200739
9297,63,1195,2,1443368327
9298,63,751,3,1443200728
9299,63,1125,3,1443199871
9300,63,752,3,1443200554
9301,63,2513,2,1443200813
9302,63,458,1,1443200572
9303,63,753,4,1443200556
9304,63,1832,4,1443200138
9305,63,754,4,1443199786
9306,63,755,4,1443200558
9307,63,2220,4,1443200620
9308,63,756,4,1443290261
9309,63,757,0,1443200379
9310,63,870,2,1443290294
9311,63,758,2,1443200590
9312,63,1199,4,1443200560
9313,63,759,4,1443200261
9314,63,761,4,1443290320
9315,63,848,2,1443200664
9316,63,763,4,1443200445
9317,63,1202,5,1443200602
9318,63,852,3,1443200798
9319,63,1204,3,1443200152
9320,63,2231,1,1443200788
9321,63,765,3,1443200469
9322,63,766,4,1443200569
9323,63,1147,4,1443200443
9324,63,3141,5,1443348557
9325,63,1128,4,1443348548
9326,63,769,2,1443200574
9327,63,1046,4,1443290257
9328,63,771,4,1443200039
9329,63,3070,1,1443200831
9330,63,235,3,1443199987
9331,63,773,3,1443290270
9332,63,878,2,1443200654
9333,63,3142,2,1443200819
9334,63,3143,4,1443201026
9335,63,775,4,1443199780
9336,63,1047,2,1443290300
9337,63,1130,5,1443200470
9338,63,3144,2,1443200109
9339,63,1048,2,1443200006
9340,63,3145,4,1443200182
9341,63,1226,3,1443368398
9342,63,3146,2,1443200716
9343,63,2048,4,1443200678
9344,63,784,3,1443200020
9345,63,3147,3,1443199994
9346,63,2266,5,1443199966
9347,63,1229,4,1443200838
9348,63,3148,3,1443348599
9349,63,3149,4,1443200293
9350,63,1237,2,1443368323
9351,63,3150,2,1443200208
9352,63,1150,4,1443200483
9353,63,807,5,1443200021
9354,63,1239,3,1443200735
9355,63,3151,5,1443201056
9356,63,810,3,1443199905
9357,63,1248,5,1443200867
9358,63,1895,3,1443290332
9359,63,1255,4,1443200624
9360,63,3152,4,1443200332
9361,63,2316,3,1443201339
9362,63,238,4,1443199828
9363,63,1051,5,1443199974
9364,63,1052,3,1443200478
9365,63,824,4,1443368271
9366,63,1053,2,1443199730
9367,63,2326,5,1443200004
9368,63,3153,2,1443729640
9369,63,1264,3,1443290371
9370,63,1268,4,1443200358
9371,63,3154,3,1443200858
9372,63,1270,4,1443200759
9373,63,903,4,1443199895
9374,63,1279,5,1443199990
9375,63,239,5,1443199770
9376,63,1282,4,1443729588
9377,63,1056,4,1443199853
9378,63,2064,3,1443200389
9379,63,3155,4,1443348584
9380,63,3156,4,1443348576
9381,63,1152,3,1443368303
9382,63,916,4,1443200509
9383,63,2991,4,1443200865
9384,63,242,4,1443200052
9385,63,928,4,1443200123
9386,63,243,4,1443200693
9387,63,244,5,1443199931
9388,63,1313,2,1443200324
9389,63,3157,5,1443200243
9390,63,1134,4,1443200970
9391,63,245,3,1443200448
9392,63,1318,5,1443200885
9393,63,1931,4,1443200311
9394,63,935,4,1443200952
9395,63,1066,4,1443200160
9396,63,3158,5,1443200171
9397,63,3159,3,1443200524
9398,63,1328,4,1443200057
9399,63,1331,4,1443200372
9400,63,1067,3,1443199946
9401,63,3160,5,1443348544
9402,63,3161,5,1443735569
9403,63,1068,0,1443200265
9404,63,250,5,1443199885
9405,63,1944,4,1443200291
9406,63,251,4,1443200027
9407,63,3162,5,1443348596
9408,63,3163,5,1443290392
9409,63,3164,4,1443201027
9410,63,951,3,1443200115
9411,63,1070,4,1443200189
9412,63,1954,5,1443348579
9413,63,3165,5,1443200999
9414,63,3166,5,1443200213
9415,63,1347,4,1443200092
9416,63,3167,4,1443201016
9417,63,1354,0,1443200230
9418,63,960,5,1443461176
9419,63,1981,5,1443348415
9420,63,1075,4,1443200150
9421,63,1357,3,1443200063
9422,63,1076,4,1443199982
9423,63,1991,5,1443200278
9424,63,1078,4,1443199980
9425,63,1998,5,1443199933
9426,63,1366,4,1443200176
9427,63,1086,5,1443200486
9428,64,1,4,1161520134
9429,64,2,3,1161519668
9430,64,3,4,1161520752
9431,64,491,5,1161528794
9432,64,493,3,1161521687
9433,64,494,3,1161559916
9434,64,496,3,1161521571
9435,64,293,4,1161520763
9436,64,461,4,1161520212
9437,64,462,4,1161521343
9438,64,463,4,1161520967
9439,64,294,3,1161564506
9440,64,4,4,1161520185
9441,64,1401,3,1161529467
9442,64,5,3,1161528982
9443,64,6,4,1161559767
9444,64,519,3,1161528801
9445,64,8,4,1161520230
9446,64,1094,4,1161521289
9447,64,521,3,1161563742
9448,64,525,3,1161520890
9449,64,9,3,1161529309
9450,64,465,2,1161520389
9451,64,529,3,1161563882
9452,64,530,2,1161519628
9453,64,11,3,1161529382
9454,64,540,3,1161520635
9455,64,541,2,1161559750
9456,64,3001,3,1161565802
9457,64,549,3,1161566667
9458,64,13,3,1161521597
9459,64,14,4,1161520600
9460,64,561,3,1161529390
9461,64,466,4,1161521002
9462,64,16,3,1161520007
9463,64,308,3,1161529464
9464,64,468,5,1161528933
9465,64,589,4,1161521544
9466,64,17,4,1161520143
9467,64,2434,3,1161531272
9468,64,18,3,1161520309
9469,64,598,3,1161529277
9470,64,233,5,1161520540
9471,64,19,4,1161564457
9472,64,471,3,1161520033
9473,64,609,3,1161528851
9474,64,611,4,1161519634
9475,64,613,2,1161620564
9476,64,21,4,1161520004
9477,64,314,4,1161521689
9478,64,472,4,1161520878
9479,64,3168,4,1161566490
9480,64,23,3,1161520598
9481,64,619,2,1161519723
9482,64,622,3,1161520155
9483,64,633,2,1161519711
9484,64,635,3,1161529433
9485,64,643,3,1161529425
9486,64,27,4,1161520140
9487,64,28,3,1161520572
9488,64,320,4,1161521558
9489,64,660,4,1161529436
9490,64,29,5,1161520178
9491,64,30,3,1161565737
9492,64,32,4,1161528861
9493,64,1158,4,1161559570
9494,64,2501,4,1161565986
9495,64,828,3,1161521273
9496,64,671,4,1161520501
9497,64,323,4,1161520247
9498,64,479,4,1161520454
9499,64,33,5,1161520062
9500,64,35,5,1161520116
9501,64,324,3,1161520447
9502,64,36,4,1161559642
9503,64,481,3,1161520504
9504,64,37,4,1161520658
9505,64,675,4,1161566150
9506,64,261,3,1161620706
9507,64,682,3,1161566670
9508,64,326,4,1161521683
9509,64,42,3,1161520113
9510,64,690,3,1161559839
9511,64,1160,5,1161521611
9512,64,43,3,1161520462
9513,64,693,2,1161559862
9514,64,1026,3,1161559606
9515,64,1430,3,1161559770
9516,64,2427,3,1161521392
9517,64,1431,3,1161521628
9518,64,1028,5,1161520037
9519,64,334,4,1161528942
9520,64,45,4,1161521149
9521,64,724,1,1161521031
9522,64,3169,3,1161536420
9523,64,863,4,1161559800
9524,64,54,4,1161620681
9525,64,1135,3,1161520494
9526,64,58,3,1161620561
9527,64,1162,3,1161564464
9528,64,60,3,1161565798
9529,64,720,3,1161620573
9530,64,61,4,1161520607
9531,64,343,4,1161521678
9532,64,864,4,1161559902
9533,64,63,4,1161520988
9534,64,64,5,1161528856
9535,64,65,4,1161559720
9536,64,346,4,1161559675
9537,64,3170,5,1161536367
9538,64,66,4,1161520129
9539,64,725,3,1161521245
9540,64,2174,3,1161564472
9541,64,68,4,1161520638
9542,64,1100,4,1161529053
9543,64,349,4,1161521304
9544,64,1102,5,1161528996
9545,64,69,3,1161520897
9546,64,70,4,1161520498
9547,64,352,5,1161565961
9548,64,2396,5,1161529352
9549,64,1104,4,1161529233
9550,64,73,5,1161521096
9551,64,74,3,1161520048
9552,64,75,5,1161520853
9553,64,76,4,1161520595
9554,64,1452,4,1161559633
9555,64,2076,5,1161531086
9556,64,1137,5,1161528995
9557,64,79,4,1161521646
9558,64,354,4,1161521567
9559,64,1138,4,1161566014
9560,64,82,3,1161520175
9561,64,355,5,1161529372
9562,64,84,3,1161521337
9563,64,268,4,1161565813
9564,64,85,4,1161520350
9565,64,357,3,1161528922
9566,64,1111,4,1161559678
9567,64,89,3,1161559559
9568,64,1456,3,1161559782
9569,64,2146,4,1161566123
9570,64,360,4,1161519737
9571,64,3000,5,1161564479
9572,64,270,4,1161529469
9573,64,2751,3,1161528929
9574,64,1462,3,1161565604
9575,64,2558,4,1161564509
9576,64,1464,4,1161620700
9577,64,92,4,1161531020
9578,64,977,4,1161528790
9579,64,2147,5,1161521187
9580,64,362,3,1161521644
9581,64,94,3,1161528817
9582,64,995,4,1161565633
9583,64,1476,3,1161521696
9584,64,95,5,1161529268
9585,64,364,4,1161559960
9586,64,1484,3,1161565689
9587,64,1485,3,1161519687
9588,64,2563,4,1161565629
9589,64,99,4,1161520656
9590,64,1031,3,1161520360
9591,64,100,2,1161529368
9592,64,1494,2,1161559738
9593,64,102,3,1161520051
9594,64,104,4,1161520235
9595,64,106,3,1161521622
9596,64,1009,3,1161521371
9597,64,366,4,1161521192
9598,64,107,2,1161620603
9599,64,1501,2,1161529243
9600,64,2461,4,1161521563
9601,64,729,4,1161520745
9602,64,1510,3,1161529449
9603,64,234,4,1161520428
9604,64,1512,3,1161620664
9605,64,1169,4,1161559685
9606,64,109,5,1161521585
9607,64,1516,3,1161559551
9608,64,3171,4,1161564556
9609,64,110,4,1161528823
9610,64,730,3,1161521182
9611,64,113,3,1161566446
9612,64,372,2,1161620656
9613,64,3172,3,1161530830
9614,64,376,4,1161566450
9615,64,1534,3,1161566464
9616,64,3022,5,1161559656
9617,64,731,2,1161520519
9618,64,380,4,1161565966
9619,64,2039,3,1161565713
9620,64,1171,4,1161520193
9621,64,117,4,1161566031
9622,64,382,3,1161520955
9623,64,1543,4,1161620585
9624,64,1544,4,1161559544
9625,64,119,4,1161559965
9626,64,1777,3,1161521538
9627,64,121,3,1161620718
9628,64,383,5,1161529020
9629,64,837,3,1161529245
9630,64,122,4,1161520159
9631,64,126,3,1161519681
9632,64,2678,4,1161563836
9633,64,128,4,1161564431
9634,64,272,4,1161565790
9635,64,1560,3,1161563930
9636,64,1036,3,1161566028
9637,64,1780,3,1161566154
9638,64,998,3,1161521607
9639,64,135,3,1161521395
9640,64,2680,4,1161565612
9641,64,1571,4,1161565615
9642,64,141,4,1161559639
9643,64,1575,3,1161528879
9644,64,142,3,1161520624
9645,64,143,3,1161559604
9646,64,1141,4,1161521071
9647,64,1584,4,1161559828
9648,64,145,4,1161521223
9649,64,146,3,1161559647
9650,64,1037,5,1161559949
9651,64,147,4,1161521153
9652,64,1593,3,1161559702
9653,64,1594,3,1161521485
9654,64,3173,4,1161620683
9655,64,1597,3,1161521673
9656,64,392,4,1161521381
9657,64,148,4,1161519962
9658,64,1601,4,1161520576
9659,64,1602,3,1161620613
9660,64,1608,3,1161620709
9661,64,154,5,1161529301
9662,64,1609,4,1161520190
9663,64,155,3,1161519733
9664,64,1177,5,1161566045
9665,64,157,5,1161565686
9666,64,158,2,1161565437
9667,64,160,3,1161528886
9668,64,163,4,1161519727
9669,64,1627,3,1161559712
9670,64,1010,3,1161565677
9671,64,166,3,1161528864
9672,64,167,4,1161519966
9673,64,168,3,1161559591
9674,64,1002,3,1161565958
9675,64,399,3,1161521041
9676,64,171,3,1161521136
9677,64,173,4,1161519699
9678,64,178,4,1161521582
9679,64,400,4,1161520354
9680,64,179,5,1161521090
9681,64,1003,3,1161559713
9682,64,1641,3,1161521114
9683,64,180,4,1161519697
9684,64,1179,2,1161520644
9685,64,1643,3,1161520773
9686,64,401,3,1161521144
9687,64,1646,3,1161565830
9688,64,1117,3,1161559869
9689,64,1648,4,1161565655
9690,64,182,5,1161565763
9691,64,402,4,1161520995
9692,64,404,4,1161529212
9693,64,183,4,1161520603
9694,64,1653,5,1161528937
9695,64,184,3,1161620716
9696,64,185,2,1161520054
9697,64,2592,4,1161563770
9698,64,3174,3,1161531147
9699,64,2189,4,1161564460
9700,64,188,3,1161520927
9701,64,1180,3,1161520698
9702,64,193,4,1161520542
9703,64,195,4,1161520641
9704,64,198,4,1161520151
9705,64,1671,3,1161620552
9706,64,2098,4,1161531362
9707,64,199,3,1161529332
9708,64,3175,3,1161565558
9709,64,201,4,1161521189
9710,64,1683,5,1161559556
9711,64,2192,3,1161620653
9712,64,1686,3,1161521521
9713,64,2193,4,1161620546
9714,64,2194,3,1161563765
9715,64,1120,4,1161559882
9716,64,736,4,1161520511
9717,64,204,4,1161520923
9718,64,2929,4,1161565684
9719,64,415,4,1161529395
9720,64,416,3,1161521068
9721,64,206,3,1161521172
9722,64,277,4,1161559824
9723,64,208,3,1161564529
9724,64,209,4,1161521375
9725,64,1184,3,1161565824
9726,64,210,2,1161620569
9727,64,1011,4,1161565598
9728,64,1701,3,1161565752
9729,64,737,0,1161565846
9730,64,2494,5,1161565747
9731,64,211,4,1161559855
9732,64,1712,4,1161565767
9733,64,422,2,1161520761
9734,64,1717,3,1161521378
9735,64,1718,4,1161528832
9736,64,216,3,1161566020
9737,64,423,4,1161520665
9738,64,218,3,1161559689
9739,64,1039,4,1161559601
9740,64,1040,3,1161559646
9741,64,1732,4,1161566627
9742,64,1041,5,1161565660
9743,64,2606,3,1161559581
9744,64,2122,4,1161620702
9745,64,1740,5,1161566444
9746,64,221,3,1161559953
9747,64,223,3,1161528888
9748,64,1015,2,1161529326
9749,64,1757,3,1161559618
9750,64,1795,3,1161529254
9751,64,1188,2,1161559652
9752,64,229,3,1161520586
9753,64,230,4,1161566059
9754,64,1018,3,1161565972
9755,64,1019,3,1161559624
9756,64,429,4,1161519677
9757,64,740,3,1161559576
9758,64,278,4,1161529479
9759,64,2715,0,1161620638
9760,64,742,4,1161520726
9761,64,432,4,1161520000
9762,64,433,4,1161529462
9763,64,1022,4,1161520796
9764,64,1803,4,1161564478
9765,64,1043,3,1161521294
9766,64,3176,1,1161565992
9767,64,1805,2,1161528918
9768,64,437,4,1161520105
9769,64,440,4,1161519740
9770,64,3140,3,1161566128
9771,64,3177,5,1161559899
9772,64,443,4,1161530820
9773,64,1023,3,1161559956
9774,64,744,3,1161559740
9775,64,445,4,1161520122
9776,64,2102,5,1161529057
9777,64,446,3,1161559818
9778,64,447,4,1161521006
9779,64,1191,3,1161559735
9780,64,1812,3,1161529290
9781,64,745,3,1161520021
9782,64,451,3,1161521141
9783,64,746,3,1161528902
9784,64,2628,3,1161559636
9785,64,2214,2,1161565840
9786,64,1817,2,1161559578
9787,64,747,3,1161521266
9788,64,3178,5,1161531072
9789,64,3179,3,1161565729
9790,64,1877,4,1161565806
9791,64,1146,4,1161566648
9792,64,454,3,1161559706
9793,64,1880,3,1161559669
9794,64,1044,3,1161528797
9795,64,1824,2,1161559539
9796,64,3180,3,1161563867
9797,64,1825,4,1161529258
9798,64,1195,3,1161529438
9799,64,1830,4,1161565942
9800,64,1125,4,1161520780
9801,64,752,4,1161520043
9802,64,458,3,1161520592
9803,64,3181,3,1161530514
9804,64,1126,5,1161520450
9805,64,2717,3,1161528785
9806,64,1832,4,1161520782
9807,64,2404,4,1161566646
9808,64,754,4,1161519956
9809,64,2220,5,1161528939
9810,64,1836,4,1161559896
9811,64,3182,4,1161530549
9812,64,2124,3,1161563761
9813,64,2222,3,1161620697
9814,64,756,3,1161521167
9815,64,3183,4,1161559879
9816,64,1840,3,1161563848
9817,64,1198,4,1161528870
9818,64,3184,4,1161531091
9819,64,1842,4,1161521077
9820,64,2701,3,1161620624
9821,64,1845,3,1161529230
9822,64,3185,3,1161530687
9823,64,1199,3,1161520694
9824,64,759,4,1161519691
9825,64,848,3,1161528891
9826,64,762,4,1161521125
9827,64,2703,3,1161559969
9828,64,2045,4,1161565833
9829,64,1849,3,1161529446
9830,64,1202,3,1161520420
9831,64,2046,5,1161529296
9832,64,1203,3,1161521059
9833,64,3186,5,1161530765
9834,64,1127,4,1161529081
9835,64,2772,4,1161564451
9836,64,764,3,1161520344
9837,64,3187,3,1161531238
9838,64,856,4,1161521577
9839,64,1204,3,1161566145
9840,64,765,4,1161519958
9841,64,3188,4,1161565626
9842,64,857,4,1161528803
9843,64,767,3,1161521014
9844,64,1147,3,1161528980
9845,64,874,0,1161620669
9846,64,3189,5,1161529471
9847,64,3190,4,1161530839
9848,64,3191,4,1161528931
9849,64,2478,3,1161531115
9850,64,2233,4,1161529402
9851,64,1207,2,1161566051
9852,64,3192,4,1161563806
9853,64,2958,3,1161529340
9854,64,3193,4,1161620595
9855,64,768,3,1161520015
9856,64,769,3,1161520443
9857,64,1209,3,1161521692
9858,64,876,5,1161520313
9859,64,3194,5,1161559911
9860,64,1046,4,1161521011
9861,64,771,4,1161520011
9862,64,2960,4,1161565778
9863,64,2047,4,1161520401
9864,64,2239,4,1161559715
9865,64,772,3,1161521255
9866,64,1148,3,1161521316
9867,64,235,4,1161520239
9868,64,3195,3,1161559663
9869,64,3196,3,1161620576
9870,64,2245,4,1161565696
9871,64,2777,4,1161530330
9872,64,2966,3,1161565636
9873,64,2251,4,1161521346
9874,64,3197,4,1161620632
9875,64,1218,4,1161520702
9876,64,775,4,1161519718
9877,64,2720,4,1161559732
9878,64,3198,4,1161559666
9879,64,3199,3,1161530260
9880,64,1047,3,1161521699
9881,64,883,3,1161559745
9882,64,1220,3,1161530239
9883,64,3200,4,1161564441
9884,64,1130,4,1161519997
9885,64,3201,1,1161565316
9886,64,1048,4,1161520059
9887,64,777,3,1161559941
9888,64,885,4,1161559814
9889,64,1887,3,1161563945
9890,64,3202,4,1161563891
9891,64,3203,3,1161529679
9892,64,3204,4,1161530147
9893,64,3205,5,1161530121
9894,64,3206,3,1161530106
9895,64,779,3,1161520171
9896,64,780,3,1161520296
9897,64,3146,5,1161528840
9898,64,2048,4,1161520915
9899,64,782,3,1161529354
9900,64,2049,4,1161520514
9901,64,2972,4,1161565658
9902,64,1227,4,1161563852
9903,64,3207,4,1161530946
9904,64,786,3,1161529386
9905,64,1228,4,1161520667
9906,64,3208,4,1161529979
9907,64,236,4,1161521094
9908,64,3209,3,1161530042
9909,64,3147,4,1161529965
9910,64,2266,5,1161528841
9911,64,1229,5,1161565608
9912,64,792,3,1161521055
9913,64,1230,4,1161566455
9914,64,793,3,1161559613
9915,64,795,3,1161520721
9916,64,2518,4,1161559535
9917,64,2272,3,1161529958
9918,64,3210,3,1161520251
9919,64,3211,3,1161529717
9920,64,3212,4,1161529878
9921,64,3213,5,1161529747
9922,64,1132,5,1161529930
9923,64,2484,3,1161531037
9924,64,3214,4,1161531223
9925,64,2050,3,1161520729
9926,64,1237,4,1161520874
9927,64,3150,5,1161529250
9928,64,803,4,1161530878
9929,64,807,4,1161521307
9930,64,2286,2,1161520881
9931,64,3215,4,1161529899
9932,64,810,4,1161520706
9933,64,3216,4,1161529429
9934,64,1892,3,1161520858
9935,64,2052,3,1161559905
9936,64,1247,3,1161528925
9937,64,2053,4,1161521523
9938,64,1894,4,1161520530
9939,64,897,4,1161520768
9940,64,1895,4,1161520426
9941,64,2300,4,1161520959
9942,64,3217,4,1161529769
9943,64,1897,2,1161521530
9944,64,1256,4,1161519953
9945,65,233,4,1494767049
9946,65,29,4,1494767109
9947,65,1135,3,1494767212
9948,65,726,4,1494767216
9949,65,729,4,1494767202
9950,65,122,4,1494768486
9951,65,148,4,1494767143
9952,65,193,4,1494767045
9953,65,204,4,1494767156
9954,65,445,4,1494767113
9955,65,754,3,1494767062
9956,65,775,4,1494767041
9957,65,886,3,1494767330
9958,65,236,3,1494767844
9959,65,2288,4,1494768073
9960,65,1244,4,1494767337
9961,65,1251,4,1494767097
9962,65,2055,3,1494767179
9963,65,2128,3,1494802728
9964,65,1052,4,1494802296
9965,65,1272,5,1494767310
9966,65,239,4,1494802468
9967,65,1058,4,1494802276
9968,65,243,4,1494768535
9969,65,245,4,1494802456
9970,65,1331,3,1494767074
9971,65,249,4,1494767219
9972,65,1334,4,1494767081
9973,65,1340,4,1494767354
9974,65,2532,3,1494767083
9975,65,254,4,1494802244
9976,65,1076,4,1494802716
9977,65,1362,4,1494767104
9978,65,1082,3,1494767242
9979,66,1,4,1104643957
9980,66,484,4,1113190367
9981,66,2658,4,1113190353
9982,66,493,3,1093143913
9983,66,292,4,1113190363
9984,66,2069,4,1099187646
9985,66,293,5,1093747471
9986,66,4,5,1093747353
9987,66,5,4,1104644110
9988,66,8,5,1093747481
9989,66,1094,4,1099187536
9990,66,1027,3,1113188330
9991,66,539,2,1113190908
9992,66,550,4,1113190327
9993,66,13,3,1093747608
9994,66,557,5,1113190336
9995,66,566,3,1113190892
9996,66,3218,0,1113188840
9997,66,16,2,1093747550
9998,66,2071,3,1113190319
9999,66,578,3,1113190315
10000,66,584,4,1093144035
10001,66,589,4,1093747362
10002,66,17,5,1093747506
10003,66,233,4,1093747397
10004,66,604,4,1093143979
10005,66,21,5,1093747854
10006,66,314,5,1113190299
10007,66,473,3,1104643944
10008,66,629,3,1113190881
10009,66,1157,3,1093143935
10010,66,26,3,1093747700
10011,66,27,3,1104643911
10012,66,2169,2,1113190302
10013,66,648,2,1099187127
10014,66,659,3,1113188566
10015,66,3219,4,1113190866
10016,66,975,4,1099187496
10017,66,3220,5,1113190283
10018,66,1095,5,1093748041
10019,66,1420,3,1093747809
10020,66,1158,3,1093747634
10021,66,828,3,1099187123
10022,66,479,4,1104643949
10023,66,33,4,1104643930
10024,66,34,4,1104643920
10025,66,35,4,1093747465
10026,66,37,4,1093748067
10027,66,2414,3,1113188783
10028,66,675,4,1093747858
10029,66,677,3,1113190294
10030,66,2659,3,1113188558
10031,66,1424,4,1113190242
10032,66,690,2,1099187133
10033,66,43,3,1104643954
10034,66,695,4,1113190257
10035,66,2444,4,1113188355
10036,66,264,3,1113190262
10037,66,1438,4,1099187616
10038,66,336,4,1104644490
10039,66,45,3,1104645169
10040,66,831,5,1104644777
10041,66,2395,4,1104645133
10042,66,49,4,1099187566
10043,66,718,3,1113190839
10044,66,51,4,1113188546
10045,66,2446,3,1113188577
10046,66,1135,4,1093747439
10047,66,1449,4,1113190225
10048,66,59,3,1113190210
10049,66,61,4,1099187097
10050,66,343,4,1093143944
10051,66,62,4,1093144031
10052,66,63,4,1093747663
10053,66,64,4,1093747746
10054,66,266,3,1113190149
10055,66,346,4,1099187083
10056,66,976,3,1113188518
10057,66,67,4,1113190229
10058,66,68,5,1093747499
10059,66,1101,4,1113190204
10060,66,69,4,1093747539
10061,66,70,4,1093747453
10062,66,71,3,1104644125
10063,66,1029,5,1093747661
10064,66,1103,5,1099187356
10065,66,352,4,1099187301
10066,66,72,5,1104644833
10067,66,74,3,1093747693
10068,66,75,3,1099187078
10069,66,76,4,1093747875
10070,66,1452,4,1093748023
10071,66,3221,4,1113188759
10072,66,2076,5,1099188036
10073,66,79,4,1093747612
10074,66,80,4,1104645055
10075,66,82,4,1093747795
10076,66,2397,4,1093747680
10077,66,2081,5,1099187990
10078,66,726,4,1093144016
10079,66,865,5,1093143995
10080,66,1107,4,1099187504
10081,66,1454,4,1093747449
10082,66,84,4,1093747860
10083,66,356,3,1093747427
10084,66,1109,5,1099188050
10085,66,85,3,1093748059
10086,66,357,5,1099187067
10087,66,86,3,1093747585
10088,66,87,4,1099187092
10089,66,2085,5,1099187922
10090,66,1456,4,1093747601
10091,66,360,5,1099187511
10092,66,270,4,1113188364
10093,66,3222,0,1113189117
10094,66,1465,4,1113190813
10095,66,1166,3,1113190120
10096,66,977,5,1093747757
10097,66,978,3,1093144021
10098,66,1472,4,1113190101
10099,66,3223,2,1113190823
10100,66,1475,4,1093143999
10101,66,1476,4,1093144040
10102,66,363,4,1099187600
10103,66,2562,3,1113190123
10104,66,98,4,1093747726
10105,66,99,4,1093747668
10106,66,1031,3,1093143939
10107,66,3224,4,1113190801
10108,66,1494,4,1113190134
10109,66,728,3,1093748030
10110,66,985,3,1113188502
10111,66,106,4,1099187514
10112,66,1009,4,1099188155
10113,66,366,4,1113188373
10114,66,729,4,1093747644
10115,66,234,5,1099187248
10116,66,1516,5,1099188071
10117,66,2673,4,1113190787
10118,66,730,5,1093143924
10119,66,1525,4,1099188024
10120,66,1528,1,1113190775
10121,66,3022,4,1099188138
10122,66,731,3,1113190108
10123,66,991,3,1113188473
10124,66,379,4,1093747647
10125,66,2038,5,1113188495
10126,66,3225,5,1113188521
10127,66,1171,4,1093747568
10128,66,382,4,1093747571
10129,66,118,3,1093747744
10130,66,1034,3,1113188348
10131,66,992,3,1113188513
10132,66,836,3,1093144011
10133,66,383,4,1099187456
10134,66,3060,4,1099188103
10135,66,122,4,1093747622
10136,66,135,3,1099187073
10137,66,138,4,1093747802
10138,66,2570,4,1113188460
10139,66,1141,4,1104644350
10140,66,1584,4,1093747934
10141,66,3226,4,1113189671
10142,66,1587,4,1113190749
10143,66,145,3,1093747941
10144,66,273,5,1113190069
10145,66,147,3,1093144027
10146,66,1594,3,1113188325
10147,66,3227,4,1113190753
10148,66,3228,3,1113188714
10149,66,1601,3,1093143963
10150,66,3229,4,1093748010
10151,66,1177,4,1113188454
10152,66,999,4,1113190062
10153,66,1620,4,1113188464
10154,66,160,4,1113190055
10155,66,163,5,1093747524
10156,66,167,5,1093747372
10157,66,168,3,1093747527
10158,66,399,4,1099188169
10159,66,171,2,1099187060
10160,66,172,3,1113190079
10161,66,176,5,1104645251
10162,66,400,4,1093143930
10163,66,180,5,1099187046
10164,66,1179,4,1093143957
10165,66,1643,4,1113190072
10166,66,181,3,1093747713
10167,66,402,5,1093747384
10168,66,403,4,1113190088
10169,66,2587,4,1093747552
10170,66,183,4,1093748037
10171,66,1652,3,1113188667
10172,66,2589,3,1113190083
10173,66,185,5,1093747418
10174,66,1180,4,1093747390
10175,66,1181,4,1104644503
10176,66,3230,4,1113190710
10177,66,193,5,1093143975
10178,66,3231,4,1099188014
10179,66,195,4,1113190027
10180,66,3232,3,1113190689
10181,66,199,3,1113190038
10182,66,2157,5,1104645039
10183,66,1142,4,1093747791
10184,66,3036,3,1113188657
10185,66,201,4,1093747948
10186,66,1680,4,1113190672
10187,66,1683,4,1113190048
10188,66,3233,5,1113190683
10189,66,2595,4,1093747975
10190,66,2192,4,1113190015
10191,66,1686,4,1113190022
10192,66,2193,4,1113190033
10193,66,1120,4,1113190044
10194,66,2197,4,1093748064
10195,66,3234,5,1113190645
10196,66,1693,3,1113188398
10197,66,2200,4,1113189974
10198,66,1697,3,1113188411
10199,66,3235,4,1113188681
10200,66,2203,4,1093747434
10201,66,1705,3,1113188675
10202,66,1718,3,1093747710
10203,66,3236,4,1113190624
10204,66,423,4,1093747729
10205,66,1039,4,1093747495
10206,66,1732,4,1113189969
10207,66,2606,4,1113189978
10208,66,220,3,1093747720
10209,66,1744,4,1113190628
10210,66,1871,3,1113189983
10211,66,1747,4,1113190008
10212,66,227,4,1113190600
10213,66,1756,3,1113190001
10214,66,230,4,1113188421
10215,66,430,4,1093748006
10216,66,437,4,1093747676
10217,66,1875,3,1113188638
10218,66,2616,4,1113190569
10219,66,3237,4,1113190592
10220,66,1876,3,1093747814
10221,66,3177,4,1093747691
10222,66,3238,4,1113190565
10223,66,3239,4,1113190556
10224,66,3240,4,1113189077
10225,66,445,5,1093747316
10226,66,3241,3,1113190589
10227,66,745,5,1093144044
10228,66,2629,4,1104644449
10229,66,3242,4,1104644709
10230,66,3243,4,1093747840
10231,66,3244,4,1093747951
10232,66,3245,4,1113190535
10233,66,3246,4,1113189936
10234,66,3247,4,1113189059
10235,66,2948,3,1113189010
10236,66,3248,4,1113189304
10237,66,3249,3,1104645082
10238,66,2649,3,1113190546
10239,66,1044,3,1093747566
10240,66,2218,4,1093747596
10241,66,752,4,1099187215
10242,66,754,5,1093747405
10243,66,3250,4,1113189281
10244,66,3251,4,1113190517
10245,66,2699,4,1113190503
10246,66,1842,5,1113189941
10247,66,2225,3,1093747641
10248,66,757,4,1093747788
10249,66,1199,5,1093748020
10250,66,759,3,1093747761
10251,66,760,2,1113188404
10252,66,761,5,1093747535
10253,66,848,4,1113189950
10254,66,3252,4,1113188591
10255,66,1200,4,1113190471
10256,66,2045,5,1099187961
10257,66,763,4,1093747753
10258,66,3253,4,1104645215
10259,66,2046,5,1113190484
10260,66,2230,5,1099187582
10261,66,856,5,1099187587
10262,66,765,5,1093747320
10263,66,873,4,1113190495
10264,66,3254,2,1093747242
10265,66,3255,3,1113189267
10266,66,3256,3,1113189260
10267,66,3189,3,1113190478
10268,66,285,3,1113190432
10269,66,1207,4,1113190421
10270,66,3257,3,1113189741
10271,66,768,4,1093747354
10272,66,876,4,1093747322
10273,66,1210,4,1113189909
10274,66,771,3,1093747292
10275,66,2238,4,1113190436
10276,66,3258,4,1113188871
10277,66,2514,5,1104644876
10278,66,2047,5,1104644677
10279,66,3259,4,1113190465
10280,66,2107,4,1099187633
10281,66,2961,4,1099188107
10282,66,1215,3,1093747517
10283,66,3260,4,1113188864
10284,66,235,5,1093747485
10285,66,3195,4,1113189727
10286,66,2243,4,1099187936
10287,66,3261,4,1093747456
10288,66,3262,2,1097804327
10289,66,2966,3,1113190441
10290,66,3263,4,1113189214
10291,66,1217,5,1093747773
10292,66,3264,4,1093747697
10293,66,3265,2,1093747340
10294,66,3266,4,1113190403
10295,66,3267,4,1113189189
10296,66,2113,4,1093747931
10297,66,2251,4,1097803964
10298,66,3268,3,1113190384
10299,66,774,4,1093747894
10300,66,1218,5,1099187316
10301,66,775,5,1093747306
10302,66,2516,3,1113190398
10303,66,883,4,1097804045
10304,66,3269,3,1113188605
10305,66,1130,4,1104643987
10306,66,1222,4,1097804268
10307,66,1048,5,1093747275
10308,66,1149,4,1104644301
10309,66,3270,4,1104644703
10310,66,3271,3,1093747331
10311,66,3272,4,1093747992
10312,66,3273,4,1113188973
10313,66,3274,4,1113189825
10314,66,3275,4,1104644268
10315,66,779,4,1093747278
10316,66,2262,4,1104645429
10317,66,783,5,1093747282
10318,66,784,5,1093747996
10319,66,1228,4,1104644101
10320,66,236,4,1097803995
10321,66,2266,5,1112589663
10322,66,795,4,1104644077
10323,66,2326,4,1182723476
10324,67,589,5,1501273898
10325,67,17,4,1501273753
10326,67,233,4,1501274024
10327,67,21,4,1501274064
10328,67,479,3,1501273841
10329,67,1135,4,1501273849
10330,67,86,4,1501273836
10331,67,90,3,1501274102
10332,67,1031,5,1501273646
10333,67,102,4,1501273559
10334,67,836,4,1501274293
10335,67,120,3,1501274294
10336,67,122,4,1501273553
10337,67,148,3,1501273601
10338,67,167,4,1501273541
10339,67,185,4,1501273550
10340,67,193,4,1501273544
10341,67,1022,4,1501273607
10342,67,745,3,1501273883
10343,67,752,4,1501273889
10344,67,754,2,1501274083
10345,67,1199,3,1501274015
10346,67,1200,4,1501273679
10347,67,3276,4,1501273685
10348,67,765,2,1501274082
10349,67,876,4,1501273885
10350,67,771,4,1501273908
10351,67,775,2,1501274080
10352,67,3277,5,1501273663
10353,67,3278,4,1501273672
10354,67,2482,5,1501273671
10355,67,1056,3,1501273959
10356,67,241,4,1501273924
10357,67,245,4,1501273757
10358,67,252,4,1501274191
10359,67,1089,4,1501274150
10360,68,1,2,1158531426
10361,68,482,2,1158532776
10362,68,2,2,1158533415
10363,68,484,2,1158533624
10364,68,3,4,1158532058
10365,68,485,2,1230498124
10366,68,487,4,1158531612
10367,68,488,4,1158531050
10368,68,491,3,1158533018
10369,68,492,3,1158531987
10370,68,2658,2,1532897231
10371,68,493,1,1158532448
10372,68,496,3,1158531974
10373,68,497,3,1158534106
10374,68,260,3,1158535464
10375,68,461,1,1158531735
10376,68,463,4,1158532000
10377,68,972,3,1158534993
10378,68,4,4,1158531489
10379,68,1401,4,1158533544
10380,68,5,3,1158531764
10381,68,505,3,1158531021
10382,68,506,1,1269123315
10383,68,6,4,1158534541
10384,68,516,3,1158532180
10385,68,519,4,1158532958
10386,68,8,2,1158531496
10387,68,523,3,1261624168
10388,68,524,3,1269122528
10389,68,525,3,1305861316
10390,68,464,3,1158531364
10391,68,465,3,1158531596
10392,68,528,3,1158533897
10393,68,530,2,1158533372
10394,68,11,4,1158533641
10395,68,532,3,1158531548
10396,68,533,3,1240093526
10397,68,534,2,1261623628
10398,68,1405,2,1158533364
10399,68,538,2,1269121607
10400,68,540,3,1158532023
10401,68,1024,2,1261624010
10402,68,2424,3,1269122697
10403,68,549,4,1269122598
10404,68,550,4,1158531805
10405,68,12,3,1261623484
10406,68,13,1,1158531005
10407,68,14,3,1158532011
10408,68,307,2,1261623443
10409,68,569,3,1230498298
10410,68,466,2,1158531739
10411,68,571,1,1158535511
10412,68,16,5,1158531191
10413,68,467,2,1230498595
10414,68,468,4,1158532808
10415,68,580,3,1269122700
10416,68,584,2,1158534484
10417,68,588,2,1158531915
10418,68,589,4,1158532453
10419,68,17,2,1180916156
10420,68,591,3,1261623895
10421,68,18,3,1158531378
10422,68,598,2,1158533037
10423,68,233,3,1158531293
10424,68,19,4,1158535093
10425,68,604,3,1158533077
10426,68,605,3,1158532177
10427,68,471,2,1158531367
10428,68,311,1,1269121154
10429,68,609,3,1158532759
10430,68,613,3,1158535521
10431,68,21,3,1158531181
10432,68,314,1,1240092554
10433,68,617,3,1269123000
10434,68,472,4,1158531894
10435,68,23,3,1158531592
10436,68,315,4,1158532750
10437,68,619,1,1158533335
10438,68,973,3,1158534489
10439,68,622,5,1158531516
10440,68,1411,3,1269122944
10441,68,473,3,1158531354
10442,68,474,3,1158531046
10443,68,1414,1,1158533188
10444,68,633,2,1158533238
10445,68,634,3,1158531897
10446,68,635,2,1158533526
10447,68,637,3,1230497680
10448,68,25,4,1261624104
10449,68,1157,2,1158532647
10450,68,639,3,1158532134
10451,68,640,2,1261623672
10452,68,26,4,1158531542
10453,68,643,2,1158533732
10454,68,27,3,1158531200
10455,68,648,2,1158533833
10456,68,28,3,1158531950
10457,68,657,3,1240092508
10458,68,2509,2,1271545072
10459,68,660,4,1158533593
10460,68,29,4,1305861414
10461,68,477,2,1269122037
10462,68,322,3,1158531794
10463,68,1095,2,1158532190
10464,68,667,2,1269122893
10465,68,1420,2,1158532937
10466,68,31,3,1230498490
10467,68,32,3,1158533034
10468,68,1158,2,1230497905
10469,68,2440,2,1261624214
10470,68,2501,3,1268849080
10471,68,828,1,1158532048
10472,68,671,2,1158532304
10473,68,323,3,1158531766
10474,68,479,3,1158531164
10475,68,33,4,1158531481
10476,68,34,4,1158531159
10477,68,35,3,1158531247
10478,68,480,3,1158532827
10479,68,324,4,1158531532
10480,68,36,2,1158533784
10481,68,481,4,1158532014
10482,68,37,2,1158531452
10483,68,674,3,1261623742
10484,68,675,3,1158534567
10485,68,677,2,1261624252
10486,68,261,3,1158535929
10487,68,38,4,1158531681
10488,68,1159,4,1158532974
10489,68,326,3,1158532899
10490,68,685,3,1275957523
10491,68,1426,3,1261623297
10492,68,42,4,1158532066
10493,68,2660,2,1269123485
10494,68,690,3,1261622750
10495,68,43,4,1158531402
10496,68,693,2,1158534731
10497,68,1430,2,1158534867
10498,68,2427,2,1158532711
10499,68,1431,1,1158532411
10500,68,697,3,1158533322
10501,68,2444,3,1158533585
10502,68,699,3,1261623682
10503,68,1435,3,1158533778
10504,68,702,3,1158535598
10505,68,706,3,1158533697
10506,68,1028,4,1268848984
10507,68,3279,3,1261086118
10508,68,332,3,1230498380
10509,68,335,2,1268848806
10510,68,336,4,1158531003
10511,68,45,3,1158531038
10512,68,337,5,1158532765
10513,68,46,3,1252728105
10514,68,724,1,1158532482
10515,68,3280,4,1261086252
10516,68,2395,2,1180916203
10517,68,3281,3,1275957504
10518,68,3282,2,1261623837
10519,68,1161,2,1261624012
10520,68,1774,3,1158535652
10521,68,53,2,1158534087
10522,68,2446,3,1261623401
10523,68,863,2,1158533303
10524,68,54,2,1158535800
10525,68,56,2,1275957499
10526,68,57,2,1261623637
10527,68,1775,2,1158533497
10528,68,1135,3,1158531885
10529,68,58,2,1158535373
10530,68,59,3,1269122391
10531,68,1162,3,1158534887
10532,68,60,2,1233376543
10533,68,61,0,1158531588
10534,68,864,3,1158534614
10535,68,63,3,1158532755
10536,68,64,2,1240093386
10537,68,66,1,1158531418
10538,68,725,3,1158533140
10539,68,347,2,1269122238
10540,68,2174,3,1269121378
10541,68,267,2,1269122828
10542,68,67,3,1158532522
10543,68,1451,3,1261623448
10544,68,68,3,1158532161
10545,68,1102,3,1240092977
10546,68,69,5,1158531361
10547,68,70,5,1158531521
10548,68,71,5,1158531882
10549,68,1029,2,1158531997
10550,68,1103,3,1230497900
10551,68,72,3,1252727946
10552,68,1104,3,1158533138
10553,68,73,3,1158532363
10554,68,74,5,1158531261
10555,68,75,3,1240093011
10556,68,76,2,1158531713
10557,68,1452,2,1233381184
10558,68,77,4,1158532359
10559,68,78,3,1158532296
10560,68,1137,3,1158531015
10561,68,79,2,1158532539
10562,68,1138,2,1261623357
10563,68,1139,3,1158533066
10564,68,82,4,1158531602
10565,68,2081,1,1332628619
10566,68,84,3,1158532317
10567,68,85,2,1158531759
10568,68,1110,2,1158535378
10569,68,86,3,1271544201
10570,68,87,2,1158533795
10571,68,1111,3,1158533821
10572,68,88,4,1158533151
10573,68,89,3,1230497956
10574,68,2146,2,1230498461
10575,68,90,5,1158531732
10576,68,3283,2,1352614711
10577,68,1457,3,1261086264
10578,68,270,3,1230498000
10579,68,866,3,1158531085
10580,68,2751,1,1252728088
10581,68,1461,3,1158534724
10582,68,1462,2,1269121169
10583,68,1464,3,1230498603
10584,68,1468,2,1261623148
10585,68,978,2,1158532812
10586,68,93,3,1158533408
10587,68,1472,2,1261623539
10588,68,1474,3,1158532790
10589,68,3284,2,1269123666
10590,68,2147,3,1158532008
10591,68,3015,2,1240093178
10592,68,362,3,1158532870
10593,68,2420,4,1271544854
10594,68,1476,2,1158532360
10595,68,95,5,1158533126
10596,68,1477,2,1261623578
10597,68,3016,1,1261624171
10598,68,980,3,1261623472
10599,68,2560,3,1275957920
10600,68,1481,3,1305150702
10601,68,364,3,1268848948
10602,68,2453,3,1261623781
10603,68,1484,4,1158535133
10604,68,1485,3,1158533634
10605,68,1487,2,1269121968
10606,68,98,2,1158532519
10607,68,2563,3,1158535043
10608,68,3285,3,1269123535
10609,68,99,4,1158531790
10610,68,1031,3,1158531651
10611,68,1168,2,1158532643
10612,68,100,3,1158533074
10613,68,1491,3,1261623975
10614,68,1492,3,1158534919
10615,68,1494,3,1158533722
10616,68,101,3,1158532225
10617,68,102,4,1158531346
10618,68,727,2,1158531968
10619,68,982,3,1158535850
10620,68,103,3,1269121544
10621,68,1496,3,1269122950
10622,68,1007,2,1158535903
10623,68,365,3,1158533668
10624,68,984,3,1158532542
10625,68,728,3,1158532138
10626,68,1500,2,1269122093
10627,68,104,3,1158531959
10628,68,1008,3,1261624365
10629,68,105,3,1261624286
10630,68,106,2,1158532719
10631,68,3286,3,1261623455
10632,68,107,4,1158535543
10633,68,1501,4,1158533232
10634,68,1032,2,1158532274
10635,68,1504,3,1230498333
10636,68,2460,3,1269122808
10637,68,2461,3,1268848718
10638,68,834,3,1158533818
10639,68,108,2,1158532501
10640,68,1114,3,1158535785
10641,68,729,4,1158531979
10642,68,1508,3,1269123527
10643,68,1510,2,1271544619
10644,68,3287,3,1275958359
10645,68,234,4,1158531769
10646,68,2088,2,1261623987
10647,68,1512,2,1158535506
10648,68,988,3,1158531226
10649,68,1514,4,1158532986
10650,68,1169,3,1158533858
10651,68,109,0,1158532491
10652,68,110,4,1158532793
10653,68,1518,3,1261623451
10654,68,730,4,1158531673
10655,68,2399,4,1269122394
10656,68,2462,4,1158533957
10657,68,2463,3,1261623620
10658,68,113,3,1261622881
10659,68,1524,4,1158535297
10660,68,2567,3,1261624329
10661,68,2675,3,1275957914
10662,68,2904,3,1271545099
10663,68,996,2,1158532956
10664,68,990,3,1158535346
10665,68,372,2,1261623536
10666,68,2091,2,1261623294
10667,68,373,2,1269122123
10668,68,1530,2,1269123687
10669,68,374,4,1261624324
10670,68,1532,4,1261623746
10671,68,375,3,1269123597
10672,68,3022,3,1158533750
10673,68,731,3,1158531708
10674,68,991,3,1230498116
10675,68,379,4,1158531081
10676,68,116,3,1230497753
10677,68,1171,2,1158531027
10678,68,117,2,1269121677
10679,68,382,3,1158531622
10680,68,2999,3,1261623797
10681,68,1543,2,1230498177
10682,68,2905,1,1305861489
10683,68,118,3,1208743277
10684,68,1034,3,1230497781
10685,68,992,3,1261622956
10686,68,1544,2,1158533168
10687,68,119,3,1158534461
10688,68,1777,4,1158532516
10689,68,836,1,1158531956
10690,68,120,1,1158531786
10691,68,121,3,1158535536
10692,68,383,3,1158534757
10693,68,837,3,1158533286
10694,68,122,4,1158531283
10695,68,124,3,1261623821
10696,68,126,1,1158532286
10697,68,3024,3,1355269823
10698,68,128,3,1158534646
10699,68,272,3,1158533618
10700,68,1035,5,1158532733
10701,68,1560,3,1261624301
10702,68,1779,3,1158534140
10703,68,1036,3,1158535301
10704,68,1780,3,1158535415
10705,68,131,3,1230498548
10706,68,132,3,1261623516
10707,68,998,3,1158532752
10708,68,1564,3,1230498355
10709,68,385,3,1158535411
10710,68,1566,3,1275957898
10711,68,135,4,1271544860
10712,68,2680,3,1158534968
10713,68,3288,4,1158534146
10714,68,1569,4,1261624135
10715,68,1570,3,1261623717
10716,68,138,2,1261624292
10717,68,1571,2,1158535315
10718,68,1572,4,1158534984
10719,68,386,3,1158535290
10720,68,387,2,1261622869
10721,68,141,2,1158533863
10722,68,1575,3,1158533191
10723,68,142,2,1158531910
10724,68,143,0,1158534171
10725,68,1141,3,1158532463
10726,68,2184,2,1158533973
10727,68,1580,2,1261623632
10728,68,1584,3,1208744348
10729,68,1585,5,1275957886
10730,68,145,4,1158532211
10731,68,146,2,1158534445
10732,68,1037,3,1158533673
10733,68,273,3,1230498441
10734,68,147,3,1158531948
10735,68,1593,3,1158533725
10736,68,2402,3,1269122509
10737,68,1594,3,1158532338
10738,68,1597,3,1158532445
10739,68,392,2,1218678993
10740,68,148,2,1158532441
10741,68,3289,3,1269123630
10742,68,1599,3,1261623793
10743,68,149,3,1269122622
10744,68,3290,3,1261624061
10745,68,150,3,1158532269
10746,68,1601,3,1158531701
10747,68,3291,2,1275957876
10748,68,154,1,1158532979
10749,68,1609,3,1158531469
10750,68,2121,3,1158535596
10751,68,155,4,1158532221
10752,68,1610,3,1158533600
10753,68,1173,3,1269122216
10754,68,1175,3,1269122080
10755,68,1611,3,1269122492
10756,68,1177,2,1158535045
10757,68,1614,4,1261086268
10758,68,274,3,1158533839
10759,68,157,3,1158534718
10760,68,1615,3,1261623428
10761,68,2682,3,1158535787
10762,68,160,3,1158532880
10763,68,3292,3,1261623754
10764,68,161,4,1158535907
10765,68,1000,3,1261623549
10766,68,1115,3,1158533913
10767,68,1623,4,1275958328
10768,68,1624,3,1269123053
10769,68,2471,3,1158535198
10770,68,163,5,1158532149
10771,68,1627,2,1158533762
10772,68,1010,4,1158534693
10773,68,166,1,1317618744
10774,68,3293,2,1268687442
10775,68,3294,2,1269122500
10776,68,167,4,1158531187
10777,68,1001,4,1158534664
10778,68,1002,3,1158535103
10779,68,399,1,1158532104
10780,68,1632,3,1158535237
10781,68,1633,2,1275957867
10782,68,170,3,1158535712
10783,68,171,4,1158532098
10784,68,172,3,1158531291
10785,68,173,3,1158531936
10786,68,178,1,1316322202
10787,68,3295,2,1261623772
10788,68,732,3,1158532839
10789,68,400,3,1158531052
10790,68,733,4,1158535636
10791,68,179,2,1158532200
10792,68,1003,3,1158535873
10793,68,1641,0,1240092517
10794,68,180,2,1158532055
10795,68,734,3,1158533227
10796,68,1179,4,1268849086
10797,68,1116,2,1261623030
10798,68,1643,1,1158531647
10799,68,2585,3,1269123004
10800,68,181,2,1158531017
10801,68,735,2,1158535072
10802,68,1644,3,1261624109
10803,68,1646,3,1158535100
10804,68,1865,3,1158534534
10805,68,3296,2,1269122085
10806,68,1648,3,1261622784
10807,68,402,2,1158531219
10808,68,403,4,1158533109
10809,68,405,4,1158531917
10810,68,2490,3,1269123405
10811,68,183,3,1180915903
10812,68,3297,3,1269122065
10813,68,1653,2,1158532823
10814,68,1654,3,1275957824
10815,68,1655,3,1269122723
10816,68,184,2,1158535188
10817,68,1658,3,1261623841
10818,68,185,5,1158531519
10819,68,3298,3,1158534837
10820,68,1664,3,1275957812
10821,68,2593,3,1180916419
10822,68,2189,1,1230498451
10823,68,1667,3,1158534679
10824,68,188,2,1158532183
10825,68,1180,4,1158531989
10826,68,190,3,1158533350
10827,68,191,4,1158534014
10828,68,192,3,1158535249
10829,68,3299,3,1269123357
10830,68,1182,0,1158535533
10831,68,193,2,1158531333
10832,68,194,3,1233381010
10833,68,195,2,1158531994
10834,68,1866,4,1180915484
10835,68,197,4,1158534022
10836,68,1670,2,1269123657
10837,68,198,4,1158530999
10838,68,1118,3,1158535147
10839,68,1671,4,1158535433
10840,68,199,3,1158533122
10841,68,200,3,1158534005
10842,68,1142,3,1158533659
10843,68,201,3,1158532769
10844,68,3300,4,1233376646
10845,68,1183,1,1158532662
10846,68,1684,3,1158533877
10847,68,2595,3,1261623513
10848,68,2192,3,1158535626
10849,68,1686,4,1158532730
10850,68,2193,3,1158535471
10851,68,2194,3,1158534880
10852,68,736,3,1271544523
10853,68,1689,3,1269123240
10854,68,204,3,1158532167
10855,68,415,2,1158532941
10856,68,205,2,1261623728
10857,68,841,3,1261624321
10858,68,1121,2,1158534852
10859,68,416,3,1158532692
10860,68,206,2,1158532186
10861,68,2196,3,1261623910
10862,68,2599,2,1261624030
10863,68,277,3,1158534539
10864,68,208,2,1158534902
10865,68,2200,3,1158534747
10866,68,209,4,1158532498
10867,68,1697,4,1158535856
10868,68,418,4,1158533264
10869,68,1184,3,1158535167
10870,68,2601,2,1269123334
10871,68,1699,3,1261623703
10872,68,2492,4,1166392788
10873,68,210,2,1158535390
10874,68,1185,3,1158533963
10875,68,2511,2,1158535774
10876,68,2603,4,1158534211
10877,68,1011,2,1158534873
10878,68,1701,3,1158535115
10879,68,1712,3,1230498320
10880,68,422,3,1158532037
10881,68,1012,3,1261624272
10882,68,1718,3,1158532806
10883,68,1790,3,1158535803
10884,68,3236,4,1275957686
10885,68,215,4,1158532830
10886,68,216,2,1261623134
10887,68,3301,2,1269122758
10888,68,1722,1,1254028207
10889,68,1723,2,1269122229
10890,68,1724,3,1275957187
10891,68,423,2,1180915929
10892,68,218,4,1158534463
10893,68,1040,3,1158534501
10894,68,219,3,1158532314
10895,68,1733,2,1158535913
10896,68,1041,3,1230498142
10897,68,1734,4,1261624074
10898,68,2606,4,1158533565
10899,68,3302,2,1275958275
10900,68,3303,3,1275957681
10901,68,1042,3,1158534728
10902,68,2122,3,1158535348
10903,68,220,4,1158531236
10904,68,3042,0,1269122274
10905,68,221,3,1158534662
10906,68,738,4,1158531686
10907,68,1869,4,1158534060
10908,68,1870,2,1158535860
10909,68,3304,3,1275958268
10910,68,1004,3,1269123380
10911,68,223,3,1240093377
10912,68,3305,4,1180915725
10913,68,1871,3,1158535790
10914,68,1747,2,1158534829
10915,68,224,2,1230497914
10916,68,225,3,1230497931
10917,68,1750,3,1269121360
10918,68,3306,2,1261085419
10919,68,1015,3,1158533581
10920,68,227,2,1261623651
10921,68,1757,2,1158534447
10922,68,1016,3,1158532218
10923,68,1795,3,1158532996
10924,68,2207,3,1240093265
10925,68,1188,4,1158533685
10926,68,3307,1,1275957676
10927,68,2162,4,1269122770
10928,68,229,4,1158531375
10929,68,1017,4,1158535162
10930,68,230,3,1158534962
10931,68,2611,2,1275957671
10932,68,1764,3,1261624264
10933,68,1765,3,1158535090
10934,68,2714,3,1269122850
10935,68,2496,3,1269123545
10936,68,1019,3,1158533501
10937,68,1872,2,1158533873
10938,68,867,4,1158535845
10939,68,429,3,1198454693
10940,68,430,4,1158532890
10941,68,740,4,1158533909
10942,68,1797,4,1158532228
10943,68,278,3,1240093393
10944,68,2512,3,1261624183
10945,68,2715,3,1158535156
10946,68,741,3,1158532030
10947,68,3308,3,1269122972
10948,68,3309,2,1269122295
10949,68,1873,4,1158534101
10950,68,1800,3,1158534823
10951,68,742,3,1180915874
10952,68,432,3,1158531055
10953,68,1022,3,1158532130
10954,68,434,4,1158532635
10955,68,3310,2,1158535827
10956,68,1803,4,1268849072
10957,68,743,4,1158533257
10958,68,1804,4,1180915656
10959,68,1043,2,1158531783
10960,68,1805,4,1158533207
10961,68,437,2,1158531902
10962,68,440,3,1158531340
10963,68,2616,2,1158535892
10964,68,2210,3,1166403883
10965,68,1807,3,1269123332
10966,68,3311,2,1275958225
10967,68,3312,4,1158535881
10968,68,2619,2,1158535601
10969,68,1876,2,1158532324
10970,68,3313,2,1240093181
10971,68,3177,2,1261622988
10972,68,3314,3,1275958202
10973,68,1023,2,1158533513
10974,68,1810,3,1230498642
10975,68,744,2,1158534565
10976,68,445,4,1158531458
10977,68,446,4,1158534882
10978,68,447,4,1158532209
10979,68,1191,5,1158533289
10980,68,1812,3,1158533297
10981,68,1813,4,1158534672
10982,68,745,5,1158531222
10983,68,451,1,1158532299
10984,68,746,2,1158533160
10985,68,2628,3,1158533467
10986,68,3315,3,1158535704
10987,68,2214,3,1261623411
10988,68,1814,3,1230498292
10989,68,2632,3,1158535559
10990,68,3316,3,1158534278
10991,68,1815,3,1526948498
10992,68,1816,3,1158533377
10993,68,1817,3,1158533709
10994,68,3317,3,1267239195
10995,68,1818,2,1269122805
10996,68,3318,3,1275957656
10997,68,3319,2,1261624024
10998,68,868,4,1158532961
10999,68,2640,4,1269123622
11000,68,1877,2,1261623488
11001,68,3243,3,1158534076
11002,68,1878,2,1261624227
11003,68,845,2,1269122927
11004,68,1146,3,1158533156
11005,68,1879,3,1261624069
11006,68,1822,2,1158533676
11007,68,3320,2,1261623460
11008,68,748,2,1158532884
11009,68,3321,3,1269123218
11010,68,3322,3,1269123495
11011,68,749,2,1269123454
11012,68,1880,2,1158534478
11013,68,1823,4,1158533282
11014,68,1044,3,1158532654
11015,68,1824,3,1158533562
11016,68,1825,4,1158533118
11017,68,1195,4,1158533553
11018,68,3323,3,1261624238
11019,68,2123,2,1158533711
11020,68,1830,2,1158535096
11021,68,2950,2,1275957622
11022,68,3324,3,1267239158
11023,68,1125,2,1158532153
11024,68,752,4,1158531462
11025,68,2513,4,1158534916
11026,68,458,5,1158531717
11027,68,1831,2,1158533689
11028,68,2695,3,1269122783
11029,68,753,3,1158531698
11030,68,3325,3,1267237921
11031,68,1126,2,1158531456
11032,68,2717,3,1158532927
11033,68,1832,2,1158532803
11034,68,754,4,1158531063
11035,68,755,3,1158531267
11036,68,2220,4,1158532244
11037,68,1836,4,1158533657
11038,68,3326,2,1158535069
11039,68,2124,4,1158534637
11040,68,1837,2,1158535445
11041,68,1838,1,1233376617
11042,68,2697,3,1269123299
11043,68,2222,4,1158535847
11044,68,756,3,1158532311
11045,68,1881,4,1158535330
11046,68,1840,3,1158534696
11047,68,1198,2,1158533058
11048,68,2223,2,1269123228
11049,68,1842,3,1158532249
11050,68,2701,3,1261623902
11051,68,2499,2,1275957606
11052,68,1843,4,1269123205
11053,68,2225,3,1271545115
11054,68,757,4,1158531619
11055,68,758,3,1158531696
11056,68,3327,3,1158535017
11057,68,1199,4,1158531568
11058,68,1846,4,1269123376
11059,68,3328,4,1158534160
11060,68,759,3,1158531331
11061,68,760,3,1180916147
11062,68,761,2,1233381166
11063,68,848,2,1158533144
11064,68,762,3,1158532382
11065,68,849,3,1158534669
11066,68,3329,3,1261624333
11067,68,3330,3,1275957600
11068,68,1200,4,1269122482
11069,68,2705,4,1275958168
11070,68,2045,3,1268687622
11071,68,763,2,1198454699
11072,68,871,3,1158535518
11073,68,1849,2,1158533530
11074,68,1202,3,1158531932
11075,68,2046,3,1158533230
11076,68,1203,2,1180916022
11077,68,1850,3,1158535757
11078,68,1127,4,1158535561
11079,68,2772,4,1158534898
11080,68,764,5,1158531666
11081,68,852,3,1158533559
11082,68,872,3,1269123602
11083,68,765,4,1158531245
11084,68,2232,3,1261085969
11085,68,766,3,1158531389
11086,68,767,3,1158532046
11087,68,1206,4,1208744728
11088,68,874,5,1158535648
11089,68,1854,2,1158533718
11090,68,3189,4,1158533516
11091,68,3331,3,1240093148
11092,68,3191,2,1359323476
11093,68,875,2,1332628623
11094,68,2233,2,1158533891
11095,68,1207,2,1158535240
11096,68,1857,3,1268849058
11097,68,2958,2,1158533404
11098,68,768,4,1158531240
11099,68,769,4,1158531306
11100,68,1209,3,1158532493
11101,68,876,4,1271544881
11102,68,1210,3,1158532836
11103,68,3332,3,1261623858
11104,68,1046,4,1158532397
11105,68,1883,2,1158533715
11106,68,770,2,1269121214
11107,68,877,2,1269123480
11108,68,2235,3,1158532334
11109,68,771,5,1158531197
11110,68,3071,3,1158535887
11111,68,2237,3,1158533001
11112,68,3333,4,1158535753
11113,68,2480,3,1269122683
11114,68,2960,3,1158535153
11115,68,3334,2,1275958141
11116,68,2514,3,1158533308
11117,68,1213,3,1158535202
11118,68,2047,5,1158531509
11119,68,3335,3,1269123223
11120,68,3259,3,1158534952
11121,68,3336,1,1269123340
11122,68,772,4,1158532420
11123,68,1148,2,1158532252
11124,68,2963,2,1158535629
11125,68,235,3,1158531535
11126,68,3337,3,1158535181
11127,68,1216,1,1269123087
11128,68,3338,3,1158534072
11129,68,773,3,1158531776
11130,68,3195,3,1158533754
11131,68,3339,4,1267238420
11132,68,878,4,1271544845
11133,68,3196,4,1158535363
11134,68,2244,2,1158533556
11135,68,2966,3,1158534825
11136,68,3340,3,1269121109
11137,68,3142,3,1261623246
11138,68,3266,2,1275957577
11139,68,2251,4,1158532386
11140,68,3341,3,1261086324
11141,68,774,4,1158532025
11142,68,880,3,1267237870
11143,68,775,4,1158531337
11144,68,881,2,1268687612
11145,68,2720,3,1158533906
11146,68,3198,2,1158534459
11147,68,1047,2,1158533261
11148,68,3342,4,1332628672
11149,68,883,2,1158535370
11150,68,3343,3,1275958606
11151,68,3269,4,1158534691
11152,68,3344,4,1261086340
11153,68,3200,4,1158534762
11154,68,1130,4,1158531395
11155,68,1222,3,1158533338
11156,68,1048,3,1158531214
11157,68,777,4,1158534619
11158,68,885,3,1268849041
11159,68,3345,3,1158534913
11160,68,886,4,1158533071
11161,68,3346,3,1267239074
11162,68,3347,4,1233376640
11163,68,2260,4,1158534098
11164,68,779,3,1158531303
11165,68,1226,3,1158533327
11166,68,3348,3,1158535504
11167,68,780,5,1158531664
11168,68,2753,2,1158535610
11169,68,3146,3,1158533244
11170,68,2048,4,1158532061
11171,68,782,4,1158533382
11172,68,887,2,1158533300
11173,68,888,3,1233376587
11174,68,2049,3,1158531721
11175,68,2972,3,1293500383
11176,68,783,4,1158531383
11177,68,1227,4,1158534908
11178,68,1049,3,1158532939
11179,68,784,3,1158531645
11180,68,3349,2,1158531657
11181,68,3350,2,1158534980
11182,68,786,3,1158535195
11183,68,1228,4,1158532121
11184,68,236,2,1158531929
11185,68,3351,4,1158534178
11186,68,2265,2,1261623188
11187,68,3352,3,1240092920
11188,68,3353,4,1208743792
11189,68,3147,4,1158535242
11190,68,2266,4,1158532111
11191,68,2790,2,1275958114
11192,68,790,2,1269123410
11193,68,3354,1,1230498588
11194,68,1229,2,1158533422
11195,68,3355,3,1269123416
11196,68,792,3,1198454491
11197,68,794,3,1158533267
11198,68,795,3,1158531177
11199,68,3356,5,1275958076
11200,68,890,3,1269122992
11201,68,797,4,1158532460
11202,68,798,3,1240093282
11203,68,2518,4,1158533720
11204,68,2272,3,1261622833
11205,68,799,3,1158533305
11206,68,3357,3,1269123148
11207,68,1232,4,1233376386
11208,68,3358,4,1233381191
11209,68,3359,3,1230497663
11210,68,3360,2,1269121347
11211,68,3361,2,1254028125
11212,68,3362,2,1269121323
11213,68,1131,4,1234740330
11214,68,3072,3,1158533270
11215,68,3363,1,1261622823
11216,68,3073,3,1230498608
11217,68,1132,1,1269120988
11218,68,1235,3,1261624042
11219,68,891,3,1526948322
11220,68,3150,2,1180916441
11221,68,801,1,1158532707
11222,68,802,3,1267239049
11223,68,3364,3,1158534053
11224,68,1891,4,1158534492
11225,68,3365,2,1158533311
11226,68,893,4,1158534950
11227,68,2126,3,1158534536
11228,68,803,2,1158534451
11229,68,805,2,1269123640
11230,68,807,5,1158531868
11231,68,3366,4,1267237781
11232,68,1239,3,1180915958
11233,68,3367,3,1363922697
11234,68,2286,3,1252727987
11235,68,3368,3,1267240158
11236,68,809,3,1158531156
11237,68,1240,3,1230498551
11238,68,3369,1,1326678410
11239,68,895,2,1158532465
11240,68,810,2,1158531231
11241,68,812,2,1158532246
11242,68,3216,2,1158533621
11243,68,1241,3,1158534633
11244,68,3370,4,1261085655
11245,68,1892,5,1158532330
11246,68,1242,4,1198454346
11247,68,3371,4,1332628662
11248,68,2127,4,1158532371
11249,68,1243,3,1332628972
11250,68,1246,2,1261622827
11251,68,1247,3,1261622681
11252,68,1249,3,1158533799
11253,68,2053,2,1233380990
11254,68,2295,4,1166402559
11255,68,2297,2,1230498502
11256,68,896,4,1198454393
11257,68,3372,3,1269123490
11258,68,1894,5,1158531466
11259,68,3373,3,1275958050
11260,68,898,3,1240093196
11261,68,1895,4,1158531538
11262,68,2300,4,1158531585
11263,68,3374,3,1158535743
11264,68,3375,3,1267239316
11265,68,3376,4,1240093546
11266,68,2054,3,1198454673
11267,68,3377,0,1304977981
11268,68,3378,4,1261085978
11269,68,3379,3,1269122762
11270,68,3380,3,1267239311
11271,68,1250,3,1268849053
11272,68,1251,3,1158531296
11273,68,2307,5,1166402443
11274,68,1252,4,1208744725
11275,68,1254,4,1180916408
11276,68,3381,4,1261085771
11277,68,3382,4,1240093821
11278,68,1896,2,1158533400
11279,68,3383,4,1166402437
11280,68,817,2,1180915728
11281,68,3384,3,1267239173
11282,68,818,4,1166402434
11283,68,3385,4,1271544885
11284,68,1255,4,1158531258
11285,68,3386,2,1166402731
11286,68,3387,4,1332628709
11287,68,2722,3,1230498599
11288,68,3388,3,1261085946
11289,68,821,4,1166392804
11290,68,1256,3,1180915924
11291,68,2311,3,1233381156
11292,68,3389,3,1166402451
11293,68,1257,3,1269122431
11294,68,237,3,1166392812
11295,68,1899,3,1261623505
11296,68,2055,4,1208743307
11297,68,1258,2,1269122780
11298,68,2128,3,1208744739
11299,68,3390,4,1305150812
11300,68,3391,2,1268687669
11301,68,1901,3,1269123135
11302,68,3392,4,1332628638
11303,68,3075,2,1261623613
11304,68,1050,2,1230498539
11305,68,3393,3,1267238400
11306,68,2316,1,1180915869
11307,68,1133,4,1198454548
11308,68,238,3,1180915910
11309,68,3394,4,1267238467
11310,68,1051,3,1180916193
11311,68,1052,3,1252727923
11312,68,824,5,1180915427
11313,68,3395,3,1269123009
11314,68,826,4,1267239041
11315,68,2320,3,1198454751
11316,68,1260,3,1240093975
11317,68,3396,2,1267237736
11318,68,2322,4,1269123532
11319,68,2323,3,1230498576
11320,68,3397,4,1233376648
11321,68,3398,4,1305150762
11322,68,3399,3,1271545247
11323,68,3400,1,1271545694
11324,68,1053,4,1198454471
11325,68,1903,3,1208743785
11326,68,2326,4,1198454311
11327,68,1262,3,1230497927
11328,68,900,4,1198454565
11329,68,3401,3,1180915825
11330,68,902,3,1267237836
11331,68,3402,3,1267238679
11332,68,2328,3,1269122359
11333,68,2986,4,1261624235
11334,68,3403,2,1240093068
11335,68,3404,3,1230498254
11336,68,3405,4,1269123045
11337,68,2979,3,1198454680
11338,68,3406,4,1233376635
11339,68,1905,5,1198454474
11340,68,3407,3,1269123711
11341,68,3153,4,1261623163
11342,68,1264,4,1198454572
11343,68,1265,4,1261086126
11344,68,1266,3,1267237731
11345,68,3408,1,1275958518
11346,68,1267,3,1261623961
11347,68,2725,3,1261623286
11348,68,2335,3,1261623768
11349,68,1268,3,1208743400
11350,68,2710,2,1269123693
11351,68,1269,5,1208743331
11352,68,2519,5,1198454306
11353,68,3409,3,1240093216
11354,68,3410,3,1268687431
11355,68,3411,3,1271545670
11356,68,3154,4,1312685661
11357,68,1270,3,1198454702
11358,68,3412,3,1240092802
11359,68,903,4,1208743372
11360,68,2058,3,1198454505
11361,68,3413,3,1240093122
11362,68,3414,5,1269122731
11363,68,2987,3,1283905958
11364,68,2338,4,1208744668
11365,68,2988,3,1269123091
11366,68,3415,2,1230498342
11367,68,3416,4,1261085268
11368,68,1271,5,1233381200
11369,68,3417,3,1240092906
11370,68,3418,3,1240092923
11371,68,1272,2,1230498012
11372,68,3419,4,1240092963
11373,68,3420,3,1305150746
11374,68,3421,4,1240093325
11375,68,3422,3,1305861248
11376,68,1275,3,1208743301
11377,68,2059,3,1208744692
11378,68,3423,4,1208743338
11379,68,3424,3,1233376601
11380,68,1054,3,1218679021
11381,68,3425,4,1261624311
11382,68,3426,2,1261622964
11383,68,3427,3,1261085755
11384,68,904,3,1230497666
11385,68,3428,2,1293499913
11386,68,2347,3,1261624092
11387,68,1276,2,1230497886
11388,68,1909,2,1230498533
11389,68,2521,2,1240093954
11390,68,905,4,1261624337
11391,68,2129,2,1208744717
11392,68,1278,3,1240093573
11393,68,1279,4,1240092589
11394,68,3429,3,1267239331
11395,68,1910,3,1230498420
11396,68,906,3,1261086167
11397,68,3430,3,1240092887
11398,68,3431,2,1240093099
11399,68,3432,2,1305150628
11400,68,2350,4,1269122411
11401,68,1280,3,1230498651
11402,68,1281,3,1240093250
11403,68,3433,3,1240092597
11404,68,239,5,1218679006
11405,68,3434,1,1240093080
11406,68,1911,5,1208743388
11407,68,3435,4,1240092725
11408,68,3436,3,1267239010
11409,68,3437,3,1240093333
11410,68,1055,4,1218678955
11411,68,907,2,1305150692
11412,68,1912,5,1252729690
11413,68,908,3,1275958490
11414,68,3438,3,1267238377
11415,68,3080,2,1240093161
11416,68,1282,1,1230497684
11417,68,2522,2,1269122886
11418,68,3439,3,1240092738
11419,68,1283,3,1233376560
11420,68,1914,1,1269123306
11421,68,1284,3,1269120984
11422,68,1056,4,1233381171
11423,68,3081,2,1230498053
11424,68,1285,3,1261622690
11425,68,3082,3,1230498399
11426,68,3440,0,1240092818
11427,68,3441,3,1275958483
11428,68,1286,3,1240092511
11429,68,240,2,1269123243
11430,68,2361,2,1240092834
11431,68,910,3,1240092612
11432,68,2130,3,1269121618
11433,68,2131,2,1230497857
11434,68,2523,2,1267237683
11435,68,911,3,1240093110
11436,68,3442,3,1267237756
11437,68,3443,3,1267237858
11438,68,1287,4,1240092992
11439,68,2377,3,1269123072
11440,68,3444,4,1240093951
11441,68,3445,3,1240092850
11442,68,3083,4,1261085446
11443,68,1916,4,1240092484
11444,68,912,3,1230497844
11445,68,1288,4,1240092709
11446,68,1057,3,1261623336
11447,68,2065,3,1269121755
11448,68,3446,3,1267237741
11449,68,1151,4,1271544492
11450,68,914,5,1261623263
11451,68,2385,2,1230497715
11452,68,3447,4,1268687729
11453,68,2066,3,1261085664
11454,68,3448,3,1275958478
11455,68,915,2,1305150676
11456,68,3449,3,1261622496
11457,68,1292,5,1261623340
11458,68,3450,3,1240092690
11459,68,1293,4,1291944752
11460,68,3451,3,1275958473
11461,68,3452,3,1261622524
11462,68,3453,5,1271544213
11463,68,241,4,1252727861
11464,68,1296,3,1268848763
11465,68,1152,4,1252727913
11466,68,3085,3,1268848741
11467,68,3454,4,1275958465
11468,68,1918,3,1261622515
11469,68,3455,4,1261623668
11470,68,916,3,1261084433
11471,68,3456,5,1271544258
11472,68,1297,4,1261084618
11473,68,3457,4,1304977771
11474,68,917,3,1261622505
11475,68,2991,4,1268687410
11476,68,3458,4,1271544237
11477,68,1921,3,1269122279
11478,68,1060,4,1267237664
11479,68,3459,4,1269121300
11480,68,918,4,1252727892
11481,68,3460,2,1261623763
11482,68,919,5,1271544392
11483,68,1061,4,1252727878
11484,68,920,4,1293500145
11485,68,2392,2,1261624096
11486,68,3461,3,1346109885
11487,68,3462,4,1267237889
11488,68,3463,2,1261623863
11489,68,3464,4,1271544397
11490,68,242,5,1268849094
11491,68,921,3,1332628976
11492,68,922,4,1305150847
11493,68,3465,1,1271544504
11494,68,3466,4,1261085457
11495,68,3467,3,1261084662
11496,68,1922,4,1336605255
11497,68,927,5,1261622471
11498,68,928,3,1268687395
11499,68,3468,3,1275956460
11500,68,3469,1,1340569978
11501,68,243,3,1332628678
11502,68,3470,2,1355269836
11503,68,3471,4,1268848560
11504,68,1308,4,1269120961
11505,68,3472,5,1305150613
11506,68,1926,5,1291164826
11507,68,1312,4,1272756019
11508,68,3473,3,1271544611
11509,68,1313,4,1273861471
11510,68,3474,2,1293499848
11511,68,1134,3,1305861268
11512,68,3475,4,1283905944
11513,68,931,2,1293499844
11514,68,3476,3,1293499804
11515,68,932,3,1332628605
11516,68,245,5,1305861331
11517,68,1318,4,1293499602
11518,68,1153,3,1305861291
11519,68,933,4,1312685715
11520,68,3477,4,1308264038
11521,68,247,4,1332628633
11522,68,1932,4,1304977737
11523,68,1933,3,1305861319
11524,68,934,4,1305150643
11525,68,1934,5,1293499573
11526,68,935,3,1357084228
11527,68,936,4,1304374485
11528,68,3478,4,1346109877
11529,68,1154,4,1306802929
11530,68,937,2,1305150664
11531,68,1155,3,1316322183
11532,68,3479,4,1526947650
11533,68,3480,4,1305861313
11534,68,3481,4,1320032071
11535,68,3482,2,1305861285
11536,68,1324,3,1320032066
11537,68,3483,2,1317436019
11538,68,1325,3,1332629042
11539,68,3484,4,1357084254
11540,68,3485,3,1320032077
11541,68,1327,1,1526948402
11542,68,2132,2,1332628520
11543,68,1328,4,1310272379
11544,68,2410,3,1310272391
11545,68,3094,3,1312685419
11546,68,1939,4,1312685412
11547,68,1330,3,1332628226
11548,68,1331,3,1313622704
11549,68,942,4,1359323517
11550,68,1941,4,1313622695
11551,68,943,4,1343933100
11552,68,3486,2,1332628536
11553,68,3487,3,1332628315
11554,68,3095,4,1321936093
11555,68,1067,4,1336605252
11556,68,249,3,1332628553
11557,68,3096,3,1332628233
11558,68,3488,4,1346109903
11559,68,2822,3,1532897372
11560,68,1068,5,1351295099
11561,68,250,4,1346109699
11562,68,1944,3,1342219808
11563,68,3489,2,1343932997
11564,68,3490,4,1346109910
11565,68,2827,3,1346110079
11566,68,1945,5,1342219841
11567,68,2993,4,1351295116
11568,68,2530,3,1351295106
11569,68,1069,3,1355269781
11570,68,3491,3,1361421047
11571,68,947,3,1359323339
11572,68,3492,3,1357084122
11573,68,1336,3,1526948408
11574,68,948,3,1342219830
11575,68,949,4,1357084104
11576,68,3493,3,1346110393
11577,68,3494,4,1346109723
11578,68,951,4,1355269764
11579,68,3495,3,1346109730
11580,68,1954,4,1372618197
11581,68,2532,3,1372618271
11582,68,1343,4,1359323180
11583,68,252,2,1526948305
11584,68,2133,2,1526948485
11585,68,1347,5,1372618131
11586,68,3101,4,1372911486
11587,68,1072,3,1526948388
11588,68,1073,3,1526947692
11589,68,1354,4,1526947632
11590,68,959,3,1526947640
11591,68,253,3,1526947699
11592,68,3106,1,1527554136
11593,68,962,3,1526948316
11594,68,1357,3,1532897143
11595,68,1076,4,1526947629
11596,68,1994,4,1526948447
11597,68,1358,1,1526948363
11598,68,1078,4,1526947558
11599,68,3496,3,1532897137
11600,68,1362,3,1526947636
11601,68,1363,4,1526948380
11602,68,2001,4,1526948395
11603,68,3114,3,1526948415
11604,68,967,4,1526947645
11605,68,258,5,1526948311
11606,68,1081,4,1526947547
11607,68,1082,4,1526947540
11608,68,1368,3,1526947569
11609,68,1083,3,1526947686
11610,68,1085,5,1526947541
11611,68,2848,4,1526947551
11612,68,1373,3,1526948372
11613,68,1376,4,1526947627
11614,68,1089,3,1526947710
11615,68,1391,3,1526947647
11616,68,1092,4,1526947652
11617,68,1093,3,1526947538
11618,68,1393,4,1526947535
11619,68,2137,3,1526947590
11620,69,5,5,1021646926
11621,69,16,5,1021643144
11622,69,17,5,1021644176
11623,69,233,5,1021646944
11624,69,19,5,1021644104
11625,69,21,4,1021643709
11626,69,1095,5,1021643744
11627,69,32,5,1021644133
11628,69,479,4,1021643884
11629,69,35,5,1021646944
11630,69,724,5,1021645837
11631,69,725,5,1021645224
11632,69,1102,5,1021642934
11633,69,69,5,1021643068
11634,69,74,5,1021642769
11635,69,84,5,1021643477
11636,69,357,5,1021644619
11637,69,102,4,1021645562
11638,69,728,4,1021644946
11639,69,1501,4,1021643629
11640,69,988,4,1021643744
11641,69,731,4,1021645562
11642,69,3029,4,1021643744
11643,69,167,5,1021643884
11644,69,172,4,1021645687
11645,69,402,5,1021647032
11646,69,1181,5,1021643494
11647,69,416,5,1021643895
11648,69,2606,5,1021644663
11649,69,223,5,1021644641
11650,69,229,4,1021645473
11651,69,1018,4,1021643828
11652,69,1019,3,1021645473
11653,69,742,4,1021645473
11654,69,435,4,1021644717
11655,69,1043,4,1021647579
11656,69,437,5,1021647538
11657,69,747,2,1021645473
11658,69,3179,4,1021646176
11659,69,748,4,1021645486
11660,69,3497,2,1021645405
11661,69,1829,4,1021645019
11662,69,751,5,1021643840
11663,69,2950,3,1021645393
11664,69,3498,5,1021644746
11665,69,753,3,1021646104
11666,70,462,5,1355198746
11667,70,464,4,1355198045
11668,70,2425,4,1355198793
11669,70,233,4,1355185390
11670,70,21,4,1355198377
11671,70,973,1,1355184504
11672,70,657,4,1355198208
11673,70,29,5,1355198357
11674,70,975,4,1355198219
11675,70,1028,5,1355198320
11676,70,2395,5,1355198436
11677,70,66,4,1355185283
11678,70,3499,5,1355184567
11679,70,1102,5,1355198584
11680,70,74,5,1355198266
11681,70,2900,4,1355184600
11682,70,726,5,1355198395
11683,70,355,4,1355198948
11684,70,2176,4,1355184722
11685,70,356,4,1355198298
11686,70,1455,3,1355185088
11687,70,86,4,1355198332
11688,70,269,4,1355184618
11689,70,360,4,1355198452
11690,70,3000,5,1355198380
11691,70,3500,5,1355198710
11692,70,270,5,1355198101
11693,70,2178,4,1355198940
11694,70,361,4,1355198503
11695,70,729,3,1355198544
11696,70,234,4,1355185343
11697,70,377,4,1355184983
11698,70,116,4,1355185315
11699,70,3501,3,1355184784
11700,70,3502,4,1355184760
11701,70,3503,4,1355184587
11702,70,382,4,1355198538
11703,70,151,4,1355184671
11704,70,185,4,1355185380
11705,70,1180,3,1355198410
11706,70,2595,4,1355198198
11707,70,204,2,1355198512
11708,70,3504,4,1355198011
11709,70,418,4,1355184544
11710,70,3505,5,1355184939
11711,70,1706,5,1355198718
11712,70,3506,5,1355198425
11713,70,2206,4,1355184875
11714,70,2764,4,1355185412
11715,70,745,4,1355198229
11716,70,755,4,1355198459
11717,70,1202,4,1355198821
11718,70,1206,4,1355198446
11719,70,1130,4,1355185235
11720,70,792,5,1355198245
11721,70,814,4,1355184928
11722,70,2059,4,1355198524
11723,70,1916,5,1355198254
11724,70,1060,4,1355185504
11725,70,922,4,1355185183
11726,70,3095,4,1355185210
11727,70,3507,4,1355185164
11728,71,1,5,864737933
11729,71,485,3,864738008
11730,71,492,1,864737933
11731,71,495,2,864740028
11732,71,505,4,864737933
11733,71,510,5,864738119
11734,71,516,4,864737933
11735,71,530,3,864739211
11736,71,532,5,864739931
11737,71,550,2,864738913
11738,71,16,3,864737969
11739,71,653,4,864737969
11740,71,479,3,864739946
11741,71,37,2,864737969
11742,71,673,3,864738101
11743,71,261,4,864738101
11744,71,38,4,864739239
11745,71,3004,1,864738101
11746,71,41,3,864737969
11747,71,42,5,864737933
11748,71,43,5,864737933
11749,71,1431,4,864738008
11750,71,696,4,864738741
11751,71,697,5,864738036
11752,71,701,4,864738481
11753,71,706,4,864738060
11754,71,718,3,864738723
11755,71,1135,4,864739931
11756,71,61,3,864737969
11757,71,725,5,864739360
11758,71,74,3,864738037
11759,71,82,4,864739946
11760,71,1166,5,864738008
11761,71,978,4,864739931
11762,71,1168,3,864738453
11763,72,293,4,1217324825
11764,72,4,4,1217324851
11765,72,5,4,1217324720
11766,72,8,4,1217324791
11767,72,464,4,1217324795
11768,72,532,4,1217324886
11769,72,16,5,1217324775
11770,72,17,4,1217324757
11771,72,233,5,1217324771
11772,72,471,3,1217324835
11773,72,21,4,1217324762
11774,72,622,3,1217324831
11775,72,26,4,1217324789
11776,72,29,4,1217324706
11777,72,479,4,1217324801
11778,72,33,4,1217324799
11779,72,35,4,1217324766
11780,72,38,4,1217324936
11781,72,43,3,1217324805
11782,72,1028,4,1217324695
11783,72,336,4,1217324689
11784,72,1449,3,1217323400
11785,72,266,3,1217324666
11786,72,1102,4,1217324703
11787,72,69,4,1217324882
11788,72,71,4,1217324858
11789,72,74,4,1217324808
11790,72,3221,4,1217323673
11791,72,1137,4,1217324698
11792,72,86,4,1217324884
11793,72,994,4,1217323427
11794,72,982,3,1217323459
11795,72,3503,3,1217324659
11796,72,3508,2,1217323586
11797,72,148,4,1217324969
11798,72,157,4,1217323439
11799,72,1115,4,1217323422
11800,72,167,5,1217324848
11801,72,2923,4,1217323832
11802,72,2589,3,1217323507
11803,72,185,4,1217324839
11804,72,1126,5,1217324685
11805,72,2482,3,1217324054
11806,72,1891,4,1217323581
11807,72,1054,4,1217323649
11808,73,1,4,1464196374
11809,73,464,2,1464196379
11810,73,16,2,1464196535
11811,73,724,4,1464282755
11812,73,1102,5,1464282741
11813,73,72,5,1464282740
11814,73,729,5,1464196138
11815,73,109,5,1464267306
11816,73,2091,3,1464267366
11817,73,122,5,1464267293
11818,73,1597,4,1464196344
11819,73,163,3,1464198229
11820,73,1179,3,1464267308
11821,73,185,5,1464267288
11822,73,1041,5,1464267342
11823,73,223,4,1464282765
11824,73,1187,2,1464197051
11825,73,1188,3,1464267341
11826,73,229,5,1464267295
11827,73,430,3,1464197118
11828,73,2715,4,1464197252
11829,73,1803,2,1464197231
11830,73,1805,2,1464197132
11831,73,445,4,1464267291
11832,73,745,2,1464196962
11833,73,868,3,1464267335
11834,73,1125,5,1464267305
11835,73,752,4,1464196969
11836,73,1832,5,1464267271
11837,73,755,4,1464196972
11838,73,1842,3,1464197122
11839,73,874,3,1464197336
11840,73,768,5,1464275206
11841,73,1209,3,1464275221
11842,73,876,4,1464196965
11843,73,771,4,1464196275
11844,73,772,3,1464197129
11845,73,235,5,1464275196
11846,73,3195,5,1464197277
11847,73,1048,4,1464275199
11848,73,885,3,1464197262
11849,73,779,2,1464197062
11850,73,1226,3,1464275283
11851,73,3146,2,1464197186
11852,73,888,3,1464197274
11853,73,783,4,1464275204
11854,73,1227,3,1464197978
11855,73,3351,4,1464275372
11856,73,795,4,1464196975
11857,73,797,2,1464197021
11858,73,798,5,1464198831
11859,73,1237,3,1464197149
11860,73,2709,4,1464198972
11861,73,811,3,1464198003
11862,73,1892,4,1464197168
11863,73,2127,2,1464197105
11864,73,1895,3,1464197158
11865,73,3509,4,1464196920
11866,73,3510,4,1464198899
11867,73,817,5,1464275279
11868,73,3385,4,1464197299
11869,73,1255,4,1464196283
11870,73,1256,4,1464197080
11871,73,899,4,1464275325
11872,73,3511,4,1464196932
11873,73,3512,3,1464197948
11874,73,2316,3,1464275238
11875,73,3513,3,1464198719
11876,73,824,5,1464275210
11877,73,3514,4,1464198633
11878,73,3398,3,1464198667
11879,73,2326,4,1464275234
11880,73,1262,4,1464275338
11881,73,2986,4,1464198083
11882,73,2979,5,1464275313
11883,73,1905,4,1464275306
11884,73,3407,3,1464198144
11885,73,1264,4,1464196291
11886,73,3515,3,1464198814
11887,73,1269,4,1464199579
11888,73,2058,1,1464196864
11889,73,3516,4,1464198550
11890,73,904,3,1464197090
11891,73,1909,3,1464198842
11892,73,906,4,1464196245
11893,73,239,4,1464196527
11894,73,1911,3,1464199539
11895,73,3437,4,1464198066
11896,73,1055,4,1464275201
11897,73,1283,2,1464196885
11898,73,3082,3,1464197987
11899,73,1286,5,1464275277
11900,73,240,4,1464196221
11901,73,2130,4,1464282933
11902,73,911,4,1464198613
11903,73,2064,4,1464275322
11904,73,1287,4,1464282987
11905,73,913,2,1464282935
11906,73,1290,3,1464196899
11907,73,914,4,1464282958
11908,73,2524,3,1464198251
11909,73,2066,1,1464198516
11910,73,3517,3,1464198141
11911,73,241,5,1464275211
11912,73,1296,4,1464275360
11913,73,1152,5,1464275224
11914,73,916,4,1464196694
11915,73,1297,3,1464197125
11916,73,3518,1,1464198963
11917,73,2991,4,1464275319
11918,73,1921,1,1464198312
11919,73,1060,4,1464196867
11920,73,1061,3,1464275226
11921,73,920,3,1464199499
11922,73,3519,4,1464198296
11923,73,242,5,1464275275
11924,73,3520,3,1464197365
11925,73,291,2,1464282943
11926,73,1922,4,1464197347
11927,73,927,3,1464197071
11928,73,928,5,1464275240
11929,73,243,4,1464275229
11930,73,3521,1,1464198880
11931,73,3522,3,1464198246
11932,73,3523,3,1464197993
11933,73,1134,5,1464196177
11934,73,932,3,1464197287
11935,73,245,2,1464196520
11936,73,1316,4,1464196228
11937,73,1153,4,1464199412
11938,73,2816,4,1464275376
11939,73,1933,4,1464199392
11940,73,1325,5,1464275342
11941,73,3485,5,1464198288
11942,73,1327,3,1464196302
11943,73,1328,5,1464282906
11944,73,3094,1,1464199377
11945,73,3524,3,1464198684
11946,73,2528,3,1464198213
11947,73,1331,4,1464197386
11948,73,943,4,1464199342
11949,73,3095,4,1464282937
11950,73,1067,4,1464199263
11951,73,1068,4,1464199280
11952,73,250,5,1464282897
11953,73,1334,5,1464282920
11954,73,3525,3,1464198570
11955,73,3526,3,1464198147
11956,73,2827,3,1464199611
11957,73,1945,4,1464197916
11958,73,2530,2,1464282962
11959,73,1336,3,1464199298
11960,73,949,4,1464282941
11961,73,951,5,1464275316
11962,73,1953,3,1464198425
11963,73,2412,4,1464199314
11964,73,2532,3,1464197321
11965,73,3527,1,1464198772
11966,73,252,5,1464275230
11967,73,3528,3,1464198045
11968,73,2133,3,1464196199
11969,73,1347,5,1464282924
11970,73,1956,4,1464198499
11971,73,1959,4,1464196999
11972,73,1072,4,1464282975
11973,73,955,2,1464198316
11974,73,1967,3,1464198234
11975,73,3529,2,1464197889
11976,73,1353,5,1464282996
11977,73,253,4,1464197233
11978,73,3105,1,1464197991
11979,73,1981,3,1464197927
11980,73,962,5,1464275303
11981,73,3530,2,1464198150
11982,73,254,4,1464197113
11983,73,1075,5,1464282930
11984,73,1988,2,1464197875
11985,73,3531,1,1464199071
11986,73,1357,5,1464275356
11987,73,2537,3,1464199220
11988,73,1993,4,1464197934
11989,73,1358,2,1464282951
11990,73,2538,3,1464282984
11991,73,3532,2,1464198092
11992,73,1077,4,1464197220
11993,73,3533,2,1464198585
11994,73,1078,5,1464275288
11995,73,3534,1,1464196354
11996,73,3535,3,1464198302
11997,73,1998,5,1464282914
11998,73,1363,4,1464282976
11999,73,2003,4,1464198220
12000,73,2739,4,1464198999
12001,73,967,4,1464282948
12002,73,1366,5,1464282953
12003,73,1082,4,1464196265
12004,73,3536,2,1464198258
12005,73,2010,2,1464198475
12006,73,3537,4,1464196565
12007,73,3538,3,1464198597
12008,73,3539,3,1464198460
12009,73,2014,4,1464197537
12010,73,2015,3,1464198449
12011,73,1086,4,1464196486
12012,73,2021,2,1464196603
12013,73,3540,4,1464197862
12014,73,971,4,1464196591
12015,73,3541,2,1464198038
12016,73,3542,2,1464198160
12017,73,1089,5,1464196315
12018,74,296,5,1207502891
12019,74,1094,5,1207500396
12020,74,2423,5,1207499222
12021,74,578,3,1207499102
12022,74,17,5,1207499596
12023,74,2434,5,1207499251
12024,74,2435,5,1207501263
12025,74,604,4,1207501280
12026,74,625,4,1207499275
12027,74,318,5,1207502497
12028,74,37,5,1207500635
12029,74,1028,5,1207501497
12030,74,1438,4,1207502105
12031,74,46,5,1207501381
12032,74,3543,5,1207502168
12033,74,3544,4,1207502365
12034,74,3545,5,1207499247
12035,74,344,5,1207501357
12036,74,346,4,1207501409
12037,74,347,5,1207499290
12038,74,3546,4,1207501759
12039,74,1102,5,1207501807
12040,74,72,5,1207501395
12041,74,73,5,1207501319
12042,74,1136,4,1207502875
12043,74,1163,5,1207501258
12044,74,2076,4,1207501935
12045,74,77,4,1207501896
12046,74,1137,5,1207502422
12047,74,1106,5,1207501321
12048,74,865,4,1207502433
12049,74,2755,4,1207501291
12050,74,1107,5,1207501373
12051,74,268,5,1207501451
12052,74,92,4,1207501783
12053,74,104,4,1207502523
12054,74,3286,4,1207499263
12055,74,2461,3,1207502284
12056,74,3172,5,1207501075
12057,74,2038,4,1207501739
12058,74,2092,5,1207499217
12059,74,3547,4,1207501734
12060,74,384,5,1207499090
12061,74,2040,5,1207502914
12062,74,1581,3,1207499231
12063,74,838,5,1207499267
12064,74,3173,3,1207501479
12065,74,3548,4,1207500558
12066,74,1177,2,1207499132
12067,74,3549,4,1207502882
12068,74,175,3,1207502341
12069,74,179,4,1207501208
12070,74,185,5,1207501309
12071,74,2189,5,1207499117
12072,74,3231,3,1207502033
12073,74,198,4,1207500545
12074,74,2041,4,1207501062
12075,74,2503,4,1207501474
12076,74,414,5,1207500457
12077,74,3550,5,1207501351
12078,74,415,4,1207501139
12079,74,3234,4,1207502399
12080,74,2198,4,1207501145
12081,74,2203,3,1207502629
12082,74,210,2,1207499293
12083,74,3551,5,1207501386
12084,74,1719,4,1207499286
12085,74,423,3,1207502489
12086,74,2764,4,1207500584
12087,74,843,4,1207501967
12088,74,1019,3,1207499124
12089,74,278,5,1207501199
12090,74,432,5,1207501404
12091,74,440,3,1207501269
12092,74,3552,4,1207500973
12093,74,2211,4,1207501928
12094,74,445,4,1207500729
12095,74,3553,3,1207501692
12096,74,3554,4,1207500425
12097,74,1125,4,1207501462
12098,74,1126,5,1207500854
12099,74,1832,4,1207501942
12100,74,1834,3,1207502426
12101,74,3555,4,1207500833
12102,74,3556,4,1207500356
12103,74,3557,4,1207500164
12104,74,3558,4,1207502943
12105,74,2228,4,1207502279
12106,74,2125,4,1207502415
12107,74,3559,4,1207500146
12108,74,3560,4,1207502052
12109,74,853,5,1207502378
12110,74,855,2,1207501684
12111,74,1206,5,1207499219
12112,74,861,4,1207501108
12113,74,1147,5,1207499961
12114,74,3561,5,1207500979
12115,74,3562,4,1207501952
12116,74,3563,5,1207500623
12117,74,3564,4,1207502955
12118,74,3565,4,1207501486
12119,74,1211,3,1207502191
12120,74,2236,4,1207500626
12121,74,3566,5,1207501726
12122,74,2776,5,1207501458
12123,74,2047,4,1207500282
12124,74,1214,5,1207500104
12125,74,3567,5,1207501328
12126,74,3568,4,1207500025
12127,74,3569,3,1207500694
12128,74,1148,4,1207500734
12129,74,2247,5,1207500667
12130,74,3570,4,1207501191
12131,74,3571,3,1207501583
12132,74,3572,5,1207500193
12133,74,1221,5,1207500985
12134,74,3144,3,1207501443
12135,74,3573,3,1207502162
12136,74,3574,4,1207501813
12137,74,3575,5,1207500133
12138,74,3576,3,1207502372
12139,74,778,4,1207500932
12140,74,3577,3,1207502384
12141,74,3578,3,1207499990
12142,74,3579,5,1207502952
12143,74,3580,5,1207500100
12144,74,3147,4,1207501751
12145,74,2269,4,1207502101
12146,74,3581,5,1207500071
12147,74,3582,4,1207501220
12148,74,3583,3,1207502115
12149,74,1132,5,1207501803
12150,74,2050,4,1207502554
12151,74,891,3,1207500672
12152,74,3584,5,1207500333
12153,74,2052,3,1207502302
12154,74,1247,3,1207501589
12155,74,814,3,1207500217
12156,74,2053,4,1207500116
12157,74,3585,4,1207500229
12158,74,896,3,1207501885
12159,74,2301,4,1207500417
12160,74,2054,5,1207500342
12161,74,1253,4,1207501129
12162,74,3586,4,1207502318
12163,74,1256,5,1207501117
12164,74,2311,4,1207500869
12165,74,2055,4,1207502039
12166,74,2723,4,1207500015
12167,74,2312,4,1207500764
12168,74,1133,4,1207500361
12169,74,238,5,1207500600
12170,74,3394,4,1207501696
12171,74,3587,5,1207499649
12172,74,1051,4,1207501367
12173,74,3396,4,1207502887
12174,74,2323,3,1207500277
12175,74,3588,4,1207500819
12176,74,1262,4,1207500465
12177,74,2056,2,1207501033
12178,74,2332,4,1207499894
12179,74,3589,4,1207499675
12180,74,3590,4,1207499946
12181,74,1271,5,1207500140
12182,74,1272,4,1207499969
12183,74,3419,3,1207500718
12184,74,1273,5,1207500329
12185,74,1274,4,1207500648
12186,74,2343,4,1207500453
12187,74,3591,5,1207499839
12188,74,3592,3,1207500052
12189,74,2059,4,1207500062
12190,74,1276,4,1207502086
12191,74,2061,4,1207499998
12192,74,3593,4,1207503024
12193,74,3594,4,1207503035
12194,74,3595,3,1207503031
12195,75,4,2,1158968272
12196,75,9,2,1158967103
12197,75,533,4,1158967185
12198,75,1405,3,1158967071
12199,75,16,5,1158989756
12200,75,635,1,1158967085
12201,75,476,2,1158989888
12202,75,1095,4,1158989785
12203,75,479,4,1158989827
12204,75,34,3,1158989896
12205,75,1438,1,1158968143
12206,75,334,4,1158967045
12207,75,336,4,1158967840
12208,75,337,3,1158967791
12209,75,724,3,1158967613
12210,75,3053,4,1158967852
12211,75,1135,4,1158989815
12212,75,64,1,1158967824
12213,75,69,4,1158990239
12214,75,71,4,1158990045
12215,75,351,2,1158967231
12216,75,1029,2,1158967713
12217,75,2396,3,1158989794
12218,75,76,4,1158967602
12219,75,1139,4,1158967139
12220,75,82,4,1158990196
12221,75,2176,4,1158982941
12222,75,357,4,1158967216
12223,75,87,3,1158989900
12224,75,90,4,1158990090
12225,75,2751,3,1158967195
12226,75,1469,4,1158968308
12227,75,1167,2,1158967591
12228,75,1471,4,1158967212
12229,75,728,4,1158989841
12230,75,1032,2,1158967079
12231,75,988,2,1158967893
12232,75,3172,3,1158968225
12233,75,3503,4,1158967875
12234,75,128,5,1158982700
12235,75,135,3,1158990116
12236,75,143,1,1158989724
12237,75,397,4,1158989849
12238,75,165,1,1158967238
12239,75,167,1,1158967564
12240,75,172,1,1158967457
12241,75,173,1,1158967058
12242,75,200,4,1158982812
12243,75,206,1,1158968301
12244,75,1145,5,1158990136
12245,75,745,4,1158982794
12246,75,1817,2,1158967388
12247,75,754,5,1158967649
12248,75,1196,4,1158968122
12249,75,759,2,1158967067
12250,75,765,4,1158982929
12251,75,3596,4,1158989870
12252,75,1148,1,1158968174
12253,75,3597,4,1158968208
12254,75,2114,2,1158968322
12255,75,775,4,1158967110
12256,75,779,4,1158982806
12257,75,788,1,1158982908
12258,75,795,4,1158982785
12259,75,809,0,1158967510
12260,75,1242,4,1158967581
12261,75,1243,4,1158967337
12262,75,1251,4,1158982577
12263,75,1252,3,1158968109
12264,76,1,0,1439165548
12265,76,4,3,1439168120
12266,76,1401,0,1439168949
12267,76,1094,3,1439166428
12268,76,528,0,1439168954
12269,76,16,4,1439165601
12270,76,585,4,1439168262
12271,76,17,4,1439165672
12272,76,598,0,1439168918
12273,76,233,3,1439165638
12274,76,21,1,1439165536
12275,76,27,2,1439168176
12276,76,1095,3,1439167669
12277,76,1420,0,1439168886
12278,76,32,3,1439168941
12279,76,323,0,1439168197
12280,76,479,3,1439168185
12281,76,35,3,1439165545
12282,76,37,4,1439166078
12283,76,40,0,1439168981
12284,76,1097,1,1439168612
12285,76,723,3,1439166438
12286,76,1160,4,1439166459
12287,76,1431,0,1439168892
12288,76,1028,5,1439165633
12289,76,46,1,1439168706
12290,76,2395,2,1439167723
12291,76,62,4,1439167537
12292,76,63,4,1439166069
12293,76,68,5,1439166982
12294,76,1100,0,1439168931
12295,76,69,4,1439168691
12296,76,1103,1,1439168755
12297,76,72,4,1439166958
12298,76,73,4,1439167500
12299,76,75,5,1439165644
12300,76,76,4,1439166544
12301,76,78,1,1439168770
12302,76,1137,4,1439166402
12303,76,865,2,1439168648
12304,76,355,3,1439167355
12305,76,84,3,1439168762
12306,76,88,4,1439167548
12307,76,360,4,1439167369
12308,76,1468,1,1439169012
12309,76,729,2,1439168248
12310,76,109,4,1439168285
12311,76,2091,3,1439168591
12312,76,383,4,1439166434
12313,76,3598,4,1439168833
12314,76,163,4,1439168287
12315,76,167,4,1439165565
12316,76,172,2,1439168151
12317,76,2685,2,1439167380
12318,76,402,4,1439168123
12319,76,405,4,1439167504
12320,76,185,4,1439167032
12321,76,1180,3,1439167803
12322,76,193,4,1439165676
12323,76,223,1,1439168774
12324,76,445,4,1439168156
12325,76,1125,2,1439165692
12326,76,753,3,1439168260
12327,76,759,3,1439168250
12328,76,1203,3,1439165823
12329,76,765,3,1439168386
12330,76,857,3,1439165888
12331,76,1147,3,1439165680
12332,76,1209,2,1439165830
12333,76,876,0,1439168391
12334,76,771,2,1439168232
12335,76,235,3,1439168272
12336,76,773,3,1439165734
12337,76,774,2,1439165745
12338,76,775,3,1439168389
12339,76,1047,3,1439165863
12340,76,3599,1,1439168724
12341,76,1227,3,1439165920
12342,76,793,5,1439165914
12343,76,795,0,1439168397
12344,76,1131,4,1439168686
12345,76,2050,4,1439165832
12346,76,2051,4,1439168677
12347,76,1239,4,1439165905
12348,76,809,4,1439165731
12349,76,812,3,1439165897
12350,76,1242,5,1439165874
12351,76,3600,4,1439166934
12352,76,1894,3,1439165812
12353,76,1895,1,1439165880
12354,76,2976,3,1439167709
12355,76,2307,4,1439168847
12356,76,2978,4,1439167047
12357,76,900,3,1439167904
12358,76,2056,3,1439167865
12359,76,2058,3,1439167919
12360,76,3601,4,1439167349
12361,76,2059,3,1439167909
12362,76,1054,2,1439167954
12363,76,2061,3,1439167973
12364,76,1279,4,1439167975
12365,76,239,3,1439167675
12366,76,2351,3,1439168040
12367,76,2064,3,1439167836
12368,76,3602,4,1439167384
12369,76,913,0,1439168031
12370,76,1293,3,1439167881
12371,76,241,4,1439167377
12372,76,1297,3,1439167917
12373,76,3603,4,1439167407
12374,76,928,2,1439167928
12375,76,243,4,1439167957
12376,76,244,3,1439168084
12377,76,245,4,1439167492
12378,76,1153,3,1439167964
12379,76,3604,4,1439168697
12380,76,3091,3,1439168064
12381,76,252,4,1439168587
12382,76,1364,2,1439168494
12383,77,16,5,1535107459
12384,77,69,5,1535107474
12385,77,71,5,1535107476
12386,77,74,5,1535107480
12387,77,167,5,1535107478
12388,77,220,5,1535107514
12389,77,1797,3,1535107573
12390,77,432,5,1535107543
12391,77,445,2,1535107521
12392,77,1125,1,1535107550
12393,77,1126,2,1535107527
12394,77,754,5,1535107512
12395,77,757,5,1535107538
12396,77,758,5,1535107567
12397,77,1199,2,1535107545
12398,77,764,5,1535107557
12399,77,765,5,1535107482
12400,77,766,2,1535107548
12401,77,771,4,1535107525
12402,77,775,5,1535107481
12403,77,1130,2,1535107532
12404,77,1048,2,1535107546
12405,77,783,5,1535107569
12406,77,795,5,1535107541
12407,77,810,5,1535107540
12408,77,903,3,1535107575
12409,77,239,5,1535107519
12410,77,245,2,1535107524
12411,77,254,4,1535107560
12412,78,1,4,1252575124
12413,78,3605,3,1252573422
12414,78,293,3,1252575140
12415,78,464,4,1252575119
12416,78,532,3,1252574722
12417,78,16,3,1252575114
12418,78,17,4,1252574962
12419,78,233,4,1252575010
12420,78,471,4,1252575201
12421,78,21,3,1252575107
12422,78,619,4,1252575070
12423,78,622,3,1252575197
12424,78,473,4,1252575135
12425,78,643,3,1252575077
12426,78,27,4,1252574995
12427,78,667,0,1252573361
12428,78,479,4,1252574790
12429,78,33,2,1252575130
12430,78,35,3,1252575111
12431,78,37,2,1252575190
12432,78,38,3,1252575204
12433,78,1428,2,1252573320
12434,78,43,3,1252575127
12435,78,2662,3,1252573377
12436,78,1135,5,1252574711
12437,78,71,4,1252575207
12438,78,1029,3,1252575261
12439,78,82,5,1252574777
12440,78,86,4,1252575264
12441,78,90,4,1252575255
12442,78,1467,3,1252573488
12443,78,978,4,1252574717
12444,78,100,4,1252574812
12445,78,1524,1,1252573295
12446,78,118,4,1252574868
12447,78,3292,1,1252573384
12448,78,167,4,1252575194
12449,78,1632,2,1252573252
12450,78,181,4,1252575297
12451,78,1648,1,1252573264
12452,78,405,5,1252575044
12453,78,3606,2,1252574761
12454,78,2587,2,1252573344
12455,78,196,3,1252573406
12456,78,1685,3,1252573389
12457,78,230,3,1252573355
12458,78,1765,2,1252573310
12459,78,1872,4,1252575057
12460,78,739,4,1252575063
12461,78,1876,3,1252575303
12462,78,1146,3,1252573276
12463,78,3327,3,1252573479
12464,78,3329,3,1252575084
12465,78,2235,1,1252574781
12466,78,782,4,1252574829
12467,78,3149,0,1252575324
12468,78,2486,0,1252575314
12469,78,1268,1,1252574724
12470,78,1055,3,1252575270
12471,78,1152,4,1252575239
12472,78,1918,2,1252574796
12473,79,3,4,975282111
12474,79,3607,5,975281545
12475,79,2425,5,975281661
12476,79,16,5,975281842
12477,79,2434,4,975281591
12478,79,622,4,975282070
12479,79,26,4,975281934
12480,79,27,5,975282070
12481,79,479,5,975282037
12482,79,1028,5,975281842
12483,79,67,5,975282111
12484,79,3608,5,975281591
12485,79,2557,5,975281768
12486,79,3609,5,975281661
12487,79,69,5,975281343
12488,79,70,4,975282009
12489,79,1029,4,975281975
12490,79,74,5,975282009
12491,79,1452,4,975282037
12492,79,2077,5,975281934
12493,79,78,5,975281545
12494,79,1137,5,975281842
12495,79,79,4,975281874
12496,79,82,4,975281904
12497,79,2397,5,975281904
12498,79,1109,5,975282070
12499,79,90,5,975282037
12500,79,1464,3,975281314
12501,79,1167,4,975282070
12502,79,2147,5,975281874
12503,79,102,4,975282111
12504,79,728,5,975281975
12505,79,3022,5,975281904
12506,79,378,3,975281842
12507,79,116,4,975281904
12508,79,118,4,975282037
12509,79,383,5,975281842
12510,79,122,5,975281874
12511,79,384,4,975281520
12512,79,387,4,975281314
12513,79,1585,4,975281591
12514,79,155,4,975282070
12515,79,157,2,975281975
12516,79,167,4,975281874
12517,79,3610,2,975281768
12518,79,179,5,975281842
12519,79,405,3,975281314
12520,79,188,4,975282070
12521,79,189,4,975281934
12522,79,190,5,975281975
12523,79,2041,4,975281343
12524,79,3232,3,975281975
12525,79,203,4,975281934
12526,79,1687,5,975282009
12527,79,2597,4,975281768
12528,79,3611,4,975281975
12529,79,2201,2,975282111
12530,79,3612,5,975282009
12531,79,3613,4,975281591
12532,79,3614,4,975282009
12533,79,220,2,975282111
12534,79,224,3,975282111
12535,79,1873,4,975282070
12536,79,1874,3,975281874
12537,80,293,4,1377308186
12538,80,5,4,1377308037
12539,80,464,4,1377308715
12540,80,233,5,1377308028
12541,80,1156,4,1377308567
12542,80,35,5,1377473779
12543,80,38,4,1377308459
12544,80,1028,4,1377308032
12545,80,1029,4,1377473772
12546,80,76,5,1377308249
12547,80,1137,4,1377308052
12548,80,84,4,1377473798
12549,80,270,4,1377306348
12550,80,1031,4,1377308323
12551,80,106,4,1377308153
12552,80,108,3,1377308350
12553,80,1536,4,1377308678
12554,80,1580,4,1377308167
12555,80,147,4,1377308742
12556,80,160,4,1377306352
12557,80,1625,4,1377307812
12558,80,167,4,1377308089
12559,80,403,4,1377306356
12560,80,193,5,1377308074
12561,80,204,4,1377308769
12562,80,1185,5,1377308710
12563,80,2511,3,1377307766
12564,80,1011,4,1377308260
12565,80,219,4,1377308343
12566,80,1733,3,1377307778
12567,80,1041,5,1377391391
12568,80,738,4,1377308453
12569,80,1765,3,1377391967
12570,80,1019,3,1377306391
12571,80,744,4,1377308627
12572,80,445,5,1377308099
12573,80,1044,4,1377308974
12574,80,1825,4,1377308554
12575,80,1829,4,1377308642
12576,80,1125,5,1377308179
12577,80,752,4,1377308761
12578,80,3615,4,1377307886
12579,80,753,4,1377308707
12580,80,755,4,1377308764
12581,80,2124,5,1377308408
12582,80,1837,4,1377307819
12583,80,757,4,1377309022
12584,80,1845,4,1377306417
12585,80,1199,5,1377308426
12586,80,759,4,1377308306
12587,80,762,4,1377308376
12588,80,1849,4,1377309157
12589,80,1203,4,1377391406
12590,80,1204,4,1377308317
12591,80,766,4,1377308736
12592,80,3616,5,1377307873
12593,80,2233,3,1377307782
12594,80,2958,4,1377309132
12595,80,769,4,1377309055
12596,80,1046,4,1377308689
12597,80,771,4,1377308697
12598,80,3259,5,1377391501
12599,80,235,4,1377308812
12600,80,773,4,1377309127
12601,80,3617,5,1377307911
12602,80,881,4,1377307904
12603,80,1048,4,1377308987
12604,80,777,4,1377308721
12605,80,1226,4,1377309066
12606,80,1049,4,1377308277
12607,80,784,5,1377308431
12608,80,236,5,1377308545
12609,80,2265,4,1377391242
12610,80,3352,4,1377391245
12611,80,2267,3,1377308174
12612,80,1230,5,1377308692
12613,80,793,4,1377309223
12614,80,810,5,1377308792
12615,80,812,4,1377308367
12616,80,813,4,1377308282
12617,80,2299,4,1377309137
12618,80,3379,4,1377391508
12619,80,1251,4,1377308717
12620,80,1252,5,1377308758
12621,80,1254,5,1377308757
12622,80,2486,4,1377309075
12623,80,1896,4,1377308448
12624,80,2128,5,1377308148
12625,80,1133,4,1377308755
12626,80,238,4,1377308996
12627,80,1051,4,1377308723
12628,80,1052,5,1377308136
12629,80,824,4,1377308503
12630,80,825,4,1377308295
12631,80,2320,4,1377308766
12632,80,2325,4,1377309102
12633,80,900,4,1377308790
12634,80,2328,4,1377309129
12635,80,1263,4,1377308972
12636,80,3153,4,1377309266
12637,80,1265,4,1377309063
12638,80,1907,4,1377309208
12639,80,2335,3,1377391519
12640,80,1268,4,1377308985
12641,80,903,5,1377308437
12642,80,1275,4,1377308560
12643,80,1054,4,1377308393
12644,80,2129,4,1377308385
12645,80,239,5,1377308057
12646,80,1055,4,1377308725
12647,80,1912,5,1377308712
12648,80,3618,4,1377391494
12649,80,1286,4,1377308787
12650,80,912,4,1377308497
12651,80,2386,3,1377309097
12652,80,2387,4,1377391971
12653,80,1297,4,1377308777
12654,80,3619,3,1377309213
12655,80,1061,4,1377308243
12656,80,2394,4,1377308265
12657,80,242,4,1377308802
12658,80,927,4,1377308733
12659,80,243,4,1377308784
12660,80,3620,3,1377391176
12661,80,1312,4,1377308809
12662,80,1313,4,1377309113
12663,80,3621,4,1377391200
12664,80,3622,4,1377308161
12665,80,245,4,1377308096
12666,80,1319,3,1377309198
12667,80,3623,4,1377391137
12668,80,246,4,1377307920
12669,80,3624,5,1377309079
12670,80,3625,3,1377391160
12671,80,1933,4,1377308981
12672,80,3626,4,1377390850
12673,80,3479,3,1377473870
12674,80,1064,4,1377309007
12675,80,3627,4,1377391143
12676,80,3628,4,1377308978
12677,80,3629,4,1377391213
12678,80,1066,4,1377308300
12679,80,1324,5,1377309155
12680,80,1328,4,1377309028
12681,80,3487,4,1377309234
12682,80,3630,4,1377308290
12683,80,3631,3,1377391183
12684,80,1068,4,1377308401
12685,80,1943,4,1377308443
12686,80,1944,4,1377308470
12687,80,251,5,1377309005
12688,80,3632,4,1377391147
12689,80,3633,4,1377309177
12690,80,2530,4,1377309057
12691,80,1069,5,1377308255
12692,80,951,4,1377308526
12693,80,3634,4,1377391193
12694,80,3635,4,1377391154
12695,80,3636,4,1377309149
12696,80,2411,4,1377309019
12697,80,2735,4,1377309093
12698,80,3637,4,1377391131
12699,80,1071,4,1377308272
12700,80,1346,4,1377309044
12701,80,3638,4,1377391150
12702,80,1072,4,1377390865
12703,80,3639,4,1377309232
12704,81,487,1,845299756
12705,81,293,5,845299983
12706,81,4,3,845299983
12707,81,8,3,845299756
12708,81,464,3,845299424
12709,81,465,3,845299505
12710,81,531,3,845299756
12711,81,532,3,845299504
12712,81,550,1,845299800
12713,81,14,1,845299563
12714,81,585,3,845299800
12715,81,17,3,845299424
12716,81,18,4,845299563
12717,81,233,3,845299677
12718,81,600,4,845299677
12719,81,471,1,845299505
12720,81,21,2,845299676
12721,81,472,2,845299844
12722,81,23,1,845299844
12723,81,622,3,845299844
12724,81,473,2,845299424
12725,81,26,4,845299563
12726,81,27,4,845299676
12727,81,323,2,845299505
12728,81,479,5,845299844
12729,81,34,3,845299424
12730,82,1,2,1084467729
12731,82,482,3,1084465035
12732,82,3,3,1084467865
12733,82,487,3,1084467796
12734,82,461,2,1084467775
12735,82,4,3,1084467783
12736,82,519,3,1084468090
12737,82,8,4,1084467714
12738,82,526,4,1084463787
12739,82,465,3,1084465021
12740,82,528,1,1084463716
12741,82,11,4,1084521290
12742,82,532,4,1084467751
12743,82,534,3,1084465384
12744,82,540,3,1084467840
12745,82,545,3,1084465393
12746,82,14,4,1084467803
12747,82,16,3,1084463958
12748,82,589,3,1084467974
12749,82,591,3,1084465377
12750,82,598,2,1084467976
12751,82,604,2,1084468022
12752,82,471,3,1084467754
12753,82,21,4,1084467704
12754,82,314,3,1084467829
12755,82,472,3,1084467782
12756,82,23,3,1084521277
12757,82,315,3,1084467998
12758,82,619,3,1084463966
12759,82,473,4,1084467721
12760,82,1414,3,1084465029
12761,82,1157,3,1084465019
12762,82,639,3,1084467820
12763,82,643,3,1084468214
12764,82,27,4,1084467706
12765,82,323,2,1084464970
12766,82,479,4,1084467724
12767,82,33,3,1084467708
12768,82,34,3,1084467713
12769,82,324,3,1084467752
12770,82,38,4,1084467757
12771,82,41,4,1084467784
12772,82,43,4,1084467743
12773,82,1026,1,1084465344
12774,82,1431,3,1084467942
12775,82,1435,3,1084468159
12776,82,1028,3,1084467795
12777,82,1135,4,1084467909
12778,82,1449,2,1084463845
12779,82,63,3,1084465000
12780,82,65,2,1084465313
12781,82,725,3,1084465304
12782,82,67,3,1084468078
12783,82,69,4,1084464979
12784,82,71,4,1084464972
12785,82,1029,3,1084467941
12786,82,1103,3,1084463795
12787,82,74,4,1084464985
12788,82,76,3,1084467898
12789,82,1137,3,1084464993
12790,82,86,4,1084467787
12791,82,90,4,1084463946
12792,82,1468,1,1084465288
12793,82,978,4,1084468199
12794,82,1469,3,1084463754
12795,82,93,2,1084465293
12796,82,2147,2,1084467982
12797,82,1485,3,1084521253
12798,82,99,3,1084468138
12799,82,1031,4,1084468012
12800,82,1168,3,1084468259
12801,82,100,3,1084465265
12802,82,1491,1,1084465259
12803,82,1492,2,1084465230
12804,82,101,4,1084468108
12805,82,102,4,1084467870
12806,82,984,3,1084468209
12807,82,1501,2,1084463816
12808,82,1510,3,1084463836
12809,82,988,2,1084464232
12810,82,1516,1,1084463840
12811,82,2463,3,1084521364
12812,82,996,2,1084463790
12813,82,379,4,1084464240
12814,82,118,4,1084468140
12815,82,1034,4,1084463768
12816,82,1545,3,1084521367
12817,82,1777,2,1084463776
12818,82,836,4,1084468168
12819,82,120,4,1084468233
12820,82,122,3,1084467835
12821,82,135,4,1084463963
12822,82,146,4,1084521339
12823,82,1601,2,1084468051
12824,82,1862,3,1084465176
12825,82,2914,3,1084464055
12826,82,3640,2,1084464053
12827,82,3641,2,1084464048
12828,82,3642,1,1084465190
12829,82,1174,3,1084521325
12830,82,1115,3,1084465181
12831,82,167,4,1084467856
12832,82,1633,3,1084800850
12833,82,171,3,1084468304
12834,82,172,3,1084467885
12835,82,400,4,1084468014
12836,82,180,4,1084463942
12837,82,734,4,1084465155
12838,82,404,3,1084521313
12839,82,191,3,1084465162
12840,82,195,3,1084468057
12841,82,201,2,1084463820
12842,82,209,3,1084463827
12843,82,1717,1,1084463802
12844,82,3301,3,1084467615
12845,82,220,4,1084468005
12846,82,221,3,1084466455
12847,82,738,2,1084465105
12848,82,1014,4,1084467450
12849,82,1870,3,1084521311
12850,82,225,4,1084465110
12851,82,1015,4,1084467355
12852,82,228,3,1084467584
12853,82,1016,4,1084467411
12854,82,1188,4,1084466426
12855,82,229,3,1084467455
12856,82,2496,2,1084466398
12857,82,1797,4,1084466246
12858,82,741,3,1084466354
12859,82,3310,4,1084466683
12860,82,743,4,1084466237
12861,82,1043,2,1084463720
12862,82,1805,3,1084467136
12863,82,2619,4,1084519518
12864,82,1876,3,1084519520
12865,82,2622,4,1084466880
12866,82,2212,3,1084467365
12867,82,447,2,1084465114
12868,82,2940,2,1084467004
12869,82,1812,3,1084467351
12870,82,745,4,1084468268
12871,82,746,4,1084467499
12872,82,1814,3,1084521283
12873,82,1816,4,1084465075
12874,82,1817,3,1084467358
12875,82,3643,2,1084466457
12876,82,3319,4,1084519538
12877,82,1880,4,1084466241
12878,82,1823,3,1084465082
12879,82,1195,4,1084466848
12880,82,752,1,1084465089
12881,82,3644,4,1084466941
12882,82,754,4,1084468296
12883,82,3645,3,1084465558
12884,82,2498,3,1084467542
12885,82,3646,2,1084467611
12886,82,3647,2,1084466987
12887,82,756,4,1084465094
12888,82,1881,3,1084467400
12889,82,2698,4,1084466869
12890,82,3648,3,1084466524
12891,82,1842,2,1084466631
12892,82,757,1,1084463955
12893,82,3327,3,1084465545
12894,82,3649,4,1084466661
12895,82,1846,2,1084466652
12896,82,759,3,1084467477
12897,82,2477,4,1084466478
12898,82,760,4,1084466345
12899,82,848,3,1084466350
12900,82,849,3,1084464070
12901,82,1202,3,1084465063
12902,82,1203,4,1084521273
12903,82,3650,4,1084467353
12904,82,852,4,1084467373
12905,82,3651,3,1084466656
12906,82,3652,4,1084466576
12907,82,767,3,1084465059
12908,82,3653,3,1084466638
12909,82,3654,4,1084466879
12910,82,874,3,1084465451
12911,82,1853,4,1084467370
12912,82,1854,3,1084467535
12913,82,3655,3,1084466958
12914,82,875,3,1084466508
12915,82,1207,4,1084466395
12916,82,3656,3,1084466483
12917,82,1209,3,1084465461
12918,82,876,3,1084466267
12919,82,1210,4,1084467452
12920,82,3332,3,1084467496
12921,82,3657,3,1084467535
12922,82,1883,3,1084466391
12923,82,770,3,1084467415
12924,82,3658,4,1084466338
12925,82,2235,4,1084464014
12926,82,771,4,1084467083
12927,82,3070,4,1084467490
12928,82,1212,4,1084466341
12929,82,3659,2,1084467580
12930,82,3071,4,1084519660
12931,82,3660,1,1084467522
12932,82,3661,3,1084466393
12933,82,3662,3,1084466401
12934,82,3333,4,1084467379
12935,82,3663,3,1084467568
12936,82,3664,4,1084466986
12937,82,3665,3,1084467134
12938,82,2514,4,1084465430
12939,82,3666,3,1084944730
12940,82,3667,3,1084944635
12941,82,3668,4,1084467076
12942,82,772,3,1084465417
12943,82,2963,4,1084466714
12944,82,3337,3,1084519697
12945,82,3669,3,1084519713
12946,82,3670,4,1084811662
12947,82,1216,3,1084519540
12948,82,3671,1,1084467643
12949,82,3672,3,1084944803
12950,82,2244,2,1084788185
12951,82,3673,3,1084519496
12952,82,3674,3,1084803602
12953,82,879,4,1084466604
12954,82,775,4,1084465038
12955,82,881,3,1084466473
12956,82,3269,4,1084788217
12957,83,8,4,1332840449
12958,83,531,3,1333843500
12959,83,233,5,1332839665
12960,83,21,4,1332840553
12961,83,472,3,1333842074
12962,83,27,3,1333843543
12963,83,656,0,1332839297
12964,83,1095,4,1333091988
12965,83,828,1,1333843197
12966,83,324,3,1334193300
12967,83,723,3,1333843482
12968,83,2997,5,1332840258
12969,83,46,3,1332840063
12970,83,724,5,1332839611
12971,83,1135,2,1334193254
12972,83,64,1,1333842149
12973,83,3499,4,1332840059
12974,83,351,2,1333843571
12975,83,2396,3,1333843536
12976,83,72,4,1333169113
12977,83,79,5,1333170720
12978,83,1105,0,1332837822
12979,83,354,5,1332840366
12980,83,726,5,1333171338
12981,83,355,3,1332840227
12982,83,84,5,1333169077
12983,83,86,3,1333842036
12984,83,2449,3,1333843428
12985,83,89,4,1333843474
12986,83,90,1,1333842438
12987,83,92,3,1333842775
12988,83,979,0,1332837871
12989,83,2455,2,1332838045
12990,83,1032,3,1333841950
12991,83,108,3,1333171127
12992,83,729,5,1333170344
12993,83,2565,2,1332839102
12994,83,1528,0,1332839062
12995,83,2092,3,1333842724
12996,83,122,5,1332840351
12997,83,135,2,1334193265
12998,83,392,3,1332839949
12999,83,153,1,1332838903
13000,83,3296,2,1333842742
13001,83,402,4,1332840358
13002,83,185,3,1332839970
13003,83,3299,3,1332838092
13004,83,204,3,1333842456
13005,83,3675,3,1332839913
13006,83,1787,5,1332838031
13007,83,1186,3,1333843530
13008,83,220,5,1333170244
13009,83,1014,0,1332838551
13010,83,1016,4,1333170681
13011,83,431,4,1333842491
13012,83,1043,3,1333843409
13013,83,445,4,1332839882
13014,83,745,3,1333842168
13015,83,746,4,1333170212
13016,83,747,3,1333169174
13017,83,1044,0,1333842166
13018,83,753,3,1333843526
13019,83,1126,5,1332839836
13020,83,2717,4,1333843303
13021,83,754,4,1332840088
13022,83,755,3,1333842175
13023,83,2220,4,1333170636
13024,83,3184,4,1332839904
13025,83,757,2,1333842608
13026,83,1199,0,1333842535
13027,83,1204,3,1333169129
13028,83,765,3,1333843452
13029,83,1147,5,1332839803
13030,83,1046,3,1333841971
13031,83,771,3,1333843436
13032,83,235,0,1333842381
13033,83,1129,3,1333843523
13034,83,774,3,1333843458
13035,83,775,4,1332840094
13036,83,1047,3,1333170376
13037,83,1221,5,1333841899
13038,83,3144,2,1333842261
13039,83,1048,0,1333842065
13040,83,886,3,1333171263
13041,83,3599,4,1332840342
13042,83,3205,3,1333842226
13043,83,2049,2,1332837807
13044,83,3147,2,1333842213
13045,83,2266,3,1333842570
13046,83,2270,3,1333843513
13047,83,3676,4,1333170865
13048,83,891,3,1333843470
13049,83,803,0,1332838137
13050,83,2297,3,1333843466
13051,83,896,4,1333169942
13052,83,1251,4,1333842486
13053,83,1133,3,1333843447
13054,83,1051,5,1333169048
13055,83,823,3,1333169715
13056,83,900,1,1333169680
13057,83,1266,5,1333170507
13058,83,3677,4,1333793848
13059,83,904,3,1333842139
13060,83,3678,1,1333842256
13061,83,239,5,1332839815
13062,83,1282,2,1332838125
13063,83,2384,4,1333170197
13064,83,2386,4,1333170962
13065,83,916,4,1332840492
13066,83,918,3,1332838967
13067,83,1061,3,1333843478
13068,83,242,2,1333841976
13069,83,927,4,1333170644
13070,83,1926,2,1333842352
13071,83,1312,3,1333841874
13072,83,245,5,1332839850
13073,83,935,4,1332840329
13074,83,1939,3,1333842718
13075,84,483,3,858772461
13076,84,484,3,857653289
13077,84,3,4,857653289
13078,84,485,3,857653289
13079,84,487,3,860397812
13080,84,488,4,858771861
13081,84,3679,4,857653349
13082,84,492,5,857653240
13083,84,292,4,858772111
13084,84,496,5,860396793
13085,84,260,3,860398679
13086,84,461,4,858772153
13087,84,462,5,857653289
13088,84,294,4,858772239
13089,84,501,3,858771890
13090,84,5,4,857653594
13091,84,295,5,857653318
13092,84,3680,4,858772543
13093,84,2652,3,858771951
13094,84,505,4,857653240
13095,84,2432,4,857653422
13096,84,516,2,857653240
13097,84,517,3,860396882
13098,84,518,1,857653444
13099,84,520,3,858771931
13100,84,522,4,858772291
13101,84,2544,3,858772698
13102,84,524,4,857653387
13103,84,525,3,857653240
13104,84,2165,4,858771818
13105,84,464,5,857653693
13106,84,3681,3,858771818
13107,84,531,3,858771702
13108,84,3607,4,858771912
13109,84,532,3,858772953
13110,84,538,2,858772206
13111,84,539,3,860397928
13112,84,2423,4,857653756
13113,84,544,4,858772398
13114,84,3682,4,858771796
13115,84,13,5,857653693
13116,84,557,4,858772029
13117,84,558,3,858772370
13118,84,559,3,857653794
13119,84,306,5,857653693
13120,84,560,3,860397862
13121,84,15,3,858772064
13122,84,561,3,858772515
13123,84,562,4,858772479
13124,84,2425,4,857653639
13125,84,307,4,858771772
13126,84,566,2,860398847
13127,84,16,4,857653693
13128,84,467,4,857653843
13129,84,308,5,857653594
13130,84,468,4,858771890
13131,84,576,3,858772258
13132,84,2071,5,857653843
13133,84,580,3,858772543
13134,84,581,3,860397382
13135,84,3683,3,858772239
13136,84,586,3,860398550
13137,84,17,4,857653593
13138,84,3684,5,858771796
13139,84,470,5,858771743
13140,84,590,3,858771796
13141,84,1005,3,860397582
13142,84,2508,4,857653639
13143,84,233,5,857653594
13144,84,309,4,857653794
13145,84,3685,4,858771861
13146,84,3686,4,860397228
13147,84,3687,3,857653794
13148,84,3688,3,858772206
13149,84,2072,4,858772079
13150,84,605,3,858772326
13151,84,310,4,858771796
13152,84,312,5,858771818
13153,84,20,4,857653728
13154,84,609,4,858772136
13155,84,612,4,858772111
13156,84,21,5,857653593
13157,84,314,4,858771818
13158,84,617,3,858772112
13159,84,315,3,860397613
13160,84,3689,4,858772064
13161,84,620,3,858772111
13162,84,622,4,858772009
13163,84,623,3,858772673
13164,84,473,3,858772326
13165,84,624,4,858771861
13166,84,3690,3,860399107
13167,84,628,5,858771743
13168,84,629,3,860398835
13169,84,1414,3,860397899
13170,84,635,3,860397768
13171,84,637,4,858771912
13172,84,638,3,860397719
13173,84,2438,5,857653728
13174,84,2439,3,858771890
13175,84,639,4,858772136
13176,84,26,4,857653593
13177,84,644,3,858771971
13178,84,475,4,857653756
13179,84,318,4,858771380
13180,84,647,4,857653756
13181,84,27,3,858771971
13182,84,651,3,858771951
13183,84,28,4,858772516
13184,84,2170,3,860398337
13185,84,657,4,857653693
13186,84,320,5,857653594
13187,84,476,4,857653693
13188,84,661,4,858771772
13189,84,29,5,857653594
13190,84,662,3,860397657
13191,84,478,4,857653693
13192,84,664,3,858772239
13193,84,321,3,858771743
13194,84,322,4,858771861
13195,84,1420,3,858772802
13196,84,2441,3,860398823
13197,84,2501,3,858772326
13198,84,828,3,858772516
13199,84,671,3,858772178
13200,84,33,4,858772306
13201,84,34,3,860397582
13202,84,35,5,857653593
13203,84,481,3,858772370
13204,84,37,5,857653289
13205,84,675,4,857653349
13206,84,677,1,857653349
13207,84,261,4,858771233
13208,84,1424,4,857653422
13209,84,3691,3,860398662
13210,84,326,3,857653318
13211,84,688,3,857653387
13212,84,3692,4,858772760
13213,84,3693,3,858772802
13214,84,41,4,857653289
13215,84,42,3,857653240
13216,84,690,1,857653349
13217,84,1431,3,857653318
13218,84,328,5,857653639
13219,84,697,4,857653349
13220,84,2444,4,857653349
13221,84,698,3,860396938
13222,84,699,4,860396882
13223,84,702,5,857653794
13224,84,706,3,857653405
13225,84,1028,4,858772206
13226,84,330,5,860397176
13227,84,331,4,858773054
13228,84,3694,4,860397352
13229,84,332,4,858772779
13230,84,333,4,858772543
13231,84,334,4,858772641
13232,84,2754,3,860397278
13233,84,335,3,858773054
13234,84,336,4,860397090
13235,84,265,4,858772733
13236,84,1441,3,860397323
13237,84,2997,3,860397294
13238,84,45,5,858772586
13239,84,337,4,858772515
13240,84,831,4,860397228
13241,84,46,4,858772354
13242,84,3543,5,858773023
13243,84,1443,3,860397409
13244,84,3280,4,860397438
13245,84,1444,4,860397352
13246,84,2665,3,860397438
13247,84,3695,4,860397409
13248,84,3009,4,860397323
13249,84,2395,3,858772760
13250,84,49,4,860397244
13251,84,3010,4,860397306
13252,84,3696,3,860397365
13253,84,3697,3,860398734
13254,84,50,3,860397491
13255,84,1769,3,860397598
13256,84,2898,3,860398764
13257,84,1771,3,860397477
13258,84,1773,3,860398823
13259,84,51,3,858772292
13260,84,863,4,858772136
13261,84,1775,5,860397090
13262,84,1135,3,857653843
13263,84,58,3,858771280
13264,84,341,4,858773151
13265,84,61,4,857653289
13266,84,342,3,858772439
13267,84,343,5,858771772
13268,84,1450,4,858772760
13269,84,722,3,858772009
13270,84,864,3,860398568
13271,84,64,4,858772239
13272,84,3698,3,860398934
13273,84,65,3,860398606
13274,84,346,4,858772516
13275,84,3170,5,858772479
13276,84,66,3,860397207
13277,84,725,4,858772292
13278,84,347,4,858771931
13279,84,2428,4,860397100
13280,84,267,5,858772698
13281,84,3699,5,858772802
13282,84,3700,4,858772983
13283,84,3701,3,860398581
13284,84,68,4,858772064
13285,84,2175,3,860397491
13286,84,3499,4,858772439
13287,84,1006,3,860397516
13288,84,2448,4,858772999
13289,84,348,3,860397352
13290,84,3011,3,860397478
13291,84,3546,4,858772641
13292,84,1101,4,860397257
13293,84,3702,3,860397544
13294,84,3608,4,860397394
13295,84,3703,3,860397460
13296,84,2557,3,860397669
13297,84,1102,4,858772258
13298,84,3704,3,860398764
13299,84,69,4,858772153
13300,84,70,4,858772565
13301,84,71,4,858772111
13302,84,1029,4,858772698
13303,84,352,4,858772641
13304,84,1104,4,858772565
13305,84,73,5,858772615
13306,84,74,4,858771139
13307,84,75,3,858772461
13308,84,76,3,860397257
13309,84,2076,4,858773023
13310,84,77,4,858772845
13311,84,78,3,860397365
13312,84,354,4,858772153
13313,84,1164,3,860397382
13314,84,1138,4,858772586
13315,84,1106,4,858773023
13316,84,2416,4,860397257
13317,84,1139,4,858772615
13318,84,2900,3,860397278
13319,84,2397,5,860397133
13320,84,2901,4,860397228
13321,84,726,4,858772136
13322,84,865,5,858772779
13323,84,84,4,858772733
13324,84,356,4,858772565
13325,84,268,4,858772615
13326,84,85,3,860397426
13327,84,357,4,858772543
13328,84,1110,5,860397144
13329,84,3013,3,860398419
13330,84,1455,4,860397207
13331,84,86,3,860397278
13332,84,2177,4,858772479
13333,84,269,5,860397207
13334,84,1111,5,858772952
13335,84,2449,5,858772698
13336,84,1456,3,860397352
13337,84,3705,3,860398475
13338,84,360,4,860397323
13339,84,3706,3,860397426
13340,84,90,3,858772733
13341,84,3283,5,858772760
13342,84,3000,4,858772586
13343,84,3707,5,858773024
13344,84,3708,4,858773054
13345,84,1113,5,858772673
13346,84,3500,4,858772759
13347,84,270,4,860397306
13348,84,361,4,858772999
13349,84,3709,3,860397530
13350,84,866,5,858772673
13351,84,1461,3,860397335
13352,84,2558,4,858772845
13353,84,1464,3,860397409
13354,84,1465,3,860398691
13355,84,1468,3,857653444
13356,84,271,3,860397627
13357,84,1167,3,858772983
13358,84,1474,4,860397426
13359,84,3284,3,860397888
13360,84,2147,4,860397244
13361,84,3015,3,860397758
13362,84,2420,4,857653480
13363,84,1475,4,858772953
13364,84,3710,3,860397530
13365,84,95,4,858772779
13366,84,3711,4,858773205
13367,84,232,4,860397176
13368,85,3712,5,889468268
13369,85,596,5,889467433
13370,85,476,4,889468005
13371,85,29,5,889467704
13372,85,321,4,889468460
13373,85,3713,5,889468344
13374,85,349,4,889466862
13375,85,3546,5,889467896
13376,85,1104,5,889468122
13377,85,2080,5,889468402
13378,85,994,5,889467539
13379,85,977,1,889468582
13380,85,362,1,889468582
13381,85,3711,2,889467139
13382,85,2452,4,889466953
13383,85,363,4,889467953
13384,85,2180,3,889468206
13385,85,3714,1,889468582
13386,85,727,3,889467110
13387,85,3715,4,889467110
13388,85,3716,1,889468582
13389,85,2458,5,889466953
13390,85,3286,4,889466979
13391,85,366,5,889466918
13392,85,2459,5,889466918
13393,85,3717,3,889467078
13394,85,987,4,889466918
13395,85,3718,4,889467185
13396,85,3057,2,889467210
13397,85,234,3,889466862
13398,85,2088,2,889467055
13399,85,367,5,889467006
13400,85,3719,4,889467055
13401,85,1515,4,889466862
13402,86,1,4,1344082549
13403,86,532,4,1344083044
13404,86,16,4,1344082545
13405,86,233,4,1343945158
13406,86,21,4,1344083260
13407,86,631,3,1343944880
13408,86,26,4,1344082980
13409,86,27,3,1344083054
13410,86,323,4,1344082668
13411,86,33,4,1344082811
13412,86,324,4,1344083094
13413,86,38,4,1344082866
13414,86,43,3,1344083232
13415,86,3698,3,1343944831
13416,86,66,4,1344083048
13417,86,69,4,1344083118
13418,86,74,4,1344083030
13419,86,85,4,1344083247
13420,86,1114,4,1343944714
13421,86,988,3,1344082821
13422,86,2567,4,1343944861
13423,86,1171,4,1344083078
13424,86,122,3,1344082583
13425,86,1175,3,1343944869
13426,86,999,4,1343944759
13427,86,167,4,1344082935
13428,86,172,3,1344082805
13429,86,1636,3,1343944853
13430,86,1640,4,1343944855
13431,86,402,4,1344082799
13432,86,2589,4,1343944874
13433,86,185,4,1344082557
13434,86,193,3,1344082958
13435,86,1011,4,1343944734
13436,86,1042,3,1343944704
13437,86,220,4,1344082855
13438,86,229,4,1344083009
13439,86,432,3,1344083059
13440,86,445,4,1344082569
13441,86,745,4,1344082606
13442,86,746,3,1343944682
13443,86,752,4,1344193067
13444,86,1831,4,1344204970
13445,86,753,4,1344083278
13446,86,754,4,1344082794
13447,86,1198,3,1343944747
13448,86,1199,4,1344083176
13449,86,759,4,1344082829
13450,86,765,4,1344082673
13451,86,1209,4,1344192873
13452,86,876,4,1344082872
13453,86,771,4,1344082601
13454,86,2243,3,1343944753
13455,86,1218,4,1344193061
13456,86,775,4,1344082577
13457,86,1130,4,1344082968
13458,86,895,5,1343944814
13459,86,810,4,1344083012
13460,86,900,1,1344192733
13461,86,2350,2,1343945042
13462,86,239,4,1343945174
13463,86,1055,4,1344083069
13464,86,1056,3,1344083251
13465,86,2066,4,1344192837
13466,86,1299,4,1344193019
13467,86,1063,4,1344193008
13468,86,3720,4,1344192870
13469,86,3721,3,1344204907
13470,86,245,4,1344082554
13471,86,949,4,1343944948
13472,87,503,3,1270702696
13473,87,574,4,1270703101
13474,87,599,3,1270702652
13475,87,477,4,1270702642
13476,87,1424,4,1270702670
13477,87,342,4,1270702682
13478,87,68,5,1296109068
13479,87,1464,3,1270702619
13480,87,727,4,1296109099
13481,87,3023,4,1270703118
13482,87,138,3,1270703092
13483,87,838,4,1270702689
13484,87,3066,4,1270703073
13485,87,3042,2,1270703130
13486,87,3722,4,1270703561
13487,87,3176,3,1270703090
13488,87,1146,3,1270702635
13489,87,1126,5,1296109055
13490,87,763,5,1296109045
13491,87,1045,5,1296109039
13492,87,3142,3,1270703572
13493,88,491,4,1331421395
13494,88,5,5,1331421330
13495,88,2664,3,1331420307
13496,88,13,4,1331421399
13497,88,233,5,1331421326
13498,88,29,4,1331421334
13499,88,1430,4,1331420167
13500,88,1102,5,1331421346
13501,88,977,4,1331420128
13502,88,365,2,1331420161
13503,88,106,3,1331421490
13504,88,109,5,1331421382
13505,88,2091,5,1331421950
13506,88,1543,3,1331420196
13507,88,134,3,1331420180
13508,88,161,3,1331420236
13509,88,166,4,1331421453
13510,88,418,3,1331420176
13511,88,1185,4,1331421846
13512,88,1723,4,1331420286
13513,88,429,4,1331421768
13514,88,445,4,1331421887
13515,88,1191,4,1331421968
13516,88,1125,4,1331421809
13517,88,753,4,1331421775
13518,88,754,5,1331421804
13519,88,755,4,1331421834
13520,88,1199,4,1331421388
13521,88,765,5,1331421828
13522,88,766,4,1331421744
13523,88,1206,4,1331421739
13524,88,3723,0,1331420782
13525,88,1046,4,1331421840
13526,88,1148,4,1331421731
13527,88,235,4,1331421477
13528,88,1218,3,1331421385
13529,88,775,5,1331421831
13530,88,3724,0,1331421236
13531,88,1048,4,1331421464
13532,88,784,4,1331421798
13533,88,3349,0,1331421241
13534,88,1230,5,1331421873
13535,88,3725,3,1331420901
13536,88,1251,4,1331421759
13537,88,1256,4,1331421481
13538,88,1133,5,1331421724
13539,88,238,4,1331421817
13540,88,1051,4,1331421728
13541,88,903,4,1331421792
13542,88,2059,4,1331421771
13543,88,2061,4,1331421880
13544,88,239,5,1331421795
13545,88,241,4,1331421747
13546,88,3726,4,1331420671
13547,88,245,4,1331421494
13548,88,3727,0,1331421223
13549,89,1,3,1520408314
13550,89,488,2,1520408449
13551,89,512,2,1520408790
13552,89,519,4,1520408740
13553,89,21,0,1520408275
13554,89,314,2,1520408453
13555,89,323,1,1520408342
13556,89,1097,3,1520408276
13557,89,723,4,1520408265
13558,89,1431,2,1520408434
13559,89,330,4,1520408274
13560,89,331,1,1520408297
13561,89,3728,1,1520408436
13562,89,332,1,1520408324
13563,89,3729,3,1520408275
13564,89,2754,2,1520408308
13565,89,335,1,1520408296
13566,89,1440,2,1520408306
13567,89,1441,2,1520408307
13568,89,2997,3,1520408299
13569,89,3730,3,1520408424
13570,89,3731,2,1520408345
13571,89,3732,4,1520408345
13572,89,3733,0,1520408337
13573,89,3734,1,1520408347
13574,89,3735,3,1520408274
13575,89,3009,3,1520408278
13576,89,49,3,1520408307
13577,89,3010,3,1520408312
13578,89,343,3,1520408310
13579,89,62,1,1520408299
13580,89,68,2,1520408267
13581,89,1100,2,1520408270
13582,89,70,2,1520408268
13583,89,1105,1,1520408324
13584,89,1106,1,1520408669
13585,89,1139,0,1520408268
13586,89,83,1,1520408347
13587,89,85,1,1520408349
13588,89,1455,2,1520408303
13589,89,86,1,1520408312
13590,89,88,0,1520408348
13591,89,360,3,1520408297
13592,89,866,2,1520408349
13593,89,1475,2,1520408298
13594,89,1485,2,1520408483
13595,89,99,2,1520408496
13596,89,102,1,1520408311
13597,89,729,0,1520408338
13598,89,109,2,1520408372
13599,89,379,3,1520408829
13600,89,1778,1,1520408460
13601,89,1036,3,1520408589
13602,89,1593,3,1520408531
13603,89,392,4,1520408266
13604,89,1599,2,1520408515
13605,89,1601,3,1520408550
13606,89,154,2,1520408323
13607,89,274,2,1520408378
13608,89,1627,2,1520408529
13609,89,399,3,1520408342
13610,89,400,2,1520408493
13611,89,1179,4,1520408413
13612,89,181,1,1520408304
13613,89,405,2,1520408346
13614,89,1180,1,1520408305
13615,89,3034,1,1520408337
13616,89,1668,3,1520408335
13617,89,195,1,1520408350
13618,89,198,3,1520408296
13619,89,1119,2,1520408342
13620,89,3736,2,1520408546
13621,89,3139,0,1520408325
13622,89,3737,2,1520408343
13623,89,736,3,1520408306
13624,89,1786,4,1520408603
13625,89,416,2,1520408714
13626,89,418,3,1520408490
13627,89,3551,2,1520408276
13628,89,3738,4,1520409333
13629,89,1186,1,1520408276
13630,89,423,3,1520408343
13631,89,1792,3,1520408756
13632,89,3739,3,1520408480
13633,89,3740,0,1520408880
13634,89,3741,3,1520408805
13635,89,1014,3,1520408422
13636,89,1187,4,1520408314
13637,89,1757,1,1520408661
13638,89,1188,5,1520408446
13639,89,1872,2,1520408547
13640,89,867,2,1520408475
13641,89,1797,4,1520408349
13642,89,741,0,1520408371
13643,89,3742,4,1520408911
13644,89,434,1,1520408300
13645,89,3310,2,1520408520
13646,89,3176,3,1520408456
13647,89,447,1,1520408372
13648,89,3743,4,1520408997
13649,89,745,3,1520408313
13650,89,3319,2,1520408636
13651,89,868,2,1520408418
13652,89,454,2,1520408575
13653,89,749,1,1520408487
13654,89,1880,4,1520408431
13655,89,1194,3,1520408527
13656,89,752,4,1520408523
13657,89,2513,2,1520408419
13658,89,3744,2,1520408933
13659,89,2769,2,1520408929
13660,89,1126,2,1520408268
13661,89,1832,1,1520408338
13662,89,280,5,1520409211
13663,89,3745,4,1520409069
13664,89,1838,3,1520408703
13665,89,756,4,1520408543
13666,89,2698,2,1520408718
13667,89,2699,2,1520408467
13668,89,1842,2,1520408495
13669,89,1846,5,1520408969
13670,89,2477,2,1520408412
13671,89,3746,5,1520408858
13672,89,848,2,1520408492
13673,89,3747,4,1520408900
13674,89,3748,5,1520408474
13675,89,1853,4,1520408712
13676,89,3189,3,1520408748
13677,89,3191,2,1520408376
13678,89,3749,2,1520408848
13679,89,1207,1,1520408423
13680,89,3750,5,1520409396
13681,89,3659,4,1520408673
13682,89,3661,3,1520408469
13683,89,3751,4,1520409648
13684,89,3752,1,1520408336
13685,89,2776,3,1520408742
13686,89,3663,5,1520409115
13687,89,3753,3,1520408424
13688,89,772,1,1520408334
13689,89,3195,2,1520408626
13690,89,878,3,1520408458
13691,89,3673,3,1520408876
13692,89,3754,2,1520408619
13693,89,3755,2,1520408598
13694,89,883,2,1520408377
13695,89,3756,3,1520409072
13696,89,3269,1,1520408376
13697,89,3344,2,1520408500
13698,89,3757,4,1520408789
13699,89,885,2,1520408464
13700,89,3575,3,1520408569
13701,89,3758,5,1520409130
13702,89,779,4,1520408571
13703,89,3759,5,1520409025
13704,89,782,2,1520408609
13705,89,3760,2,1520408567
13706,89,3761,2,1520408926
13707,89,3762,5,1520409386
13708,89,3763,5,1520409340
13709,89,3764,2,1520408909
13710,89,3765,4,1520409485
13711,89,3766,4,1520409551
13712,89,3767,4,1520409558
13713,89,3768,4,1520408735
13714,89,3769,4,1520409031
13715,89,1237,2,1520408421
13716,89,893,1,1520408378
13717,89,3770,3,1520409522
13718,89,3771,4,1520409516
13719,89,805,5,1520408898
13720,89,3772,3,1520409649
13721,89,3773,3,1520409112
13722,89,3774,3,1520408721
13723,89,1239,3,1520408535
13724,89,3775,5,1520409362
13725,89,2983,3,1520408552
13726,89,895,2,1520408429
13727,89,3776,4,1520409325
13728,89,1892,2,1520408665
13729,89,3777,5,1520409462
13730,89,3778,4,1520409451
13731,89,3779,4,1520409409
13732,89,3780,2,1520408723
13733,89,3781,4,1520409658
13734,89,1248,2,1520408312
13735,89,1893,3,1520408758
13736,89,3782,4,1520408983
13737,89,3783,4,1520409014
13738,89,3784,4,1520409434
13739,89,3785,3,1520408644
13740,89,3786,2,1520408794
13741,89,3787,4,1520409141
13742,89,1250,1,1520408336
13743,89,3788,3,1520409571
13744,89,3789,4,1520409175
13745,89,3790,5,1520409005
13746,89,818,1,1520408413
13747,89,3791,4,1520409352
13748,89,1256,4,1520408344
13749,89,3389,2,1520408798
13750,89,3512,3,1520408573
13751,89,3792,4,1520409022
13752,89,3793,5,1520409001
13753,89,3794,2,1520408616
13754,89,3795,4,1520409441
13755,89,3796,4,1520408708
13756,89,3797,3,1520408932
13757,89,3395,5,1520408965
13758,89,826,2,1520408488
13759,89,3798,3,1520409123
13760,89,3799,4,1520409326
13761,89,1053,5,1520409024
13762,89,3800,5,1520409509
13763,89,3801,4,1520409553
13764,89,3802,2,1520408643
13765,89,1905,2,1520408537
13766,89,3803,5,1520409384
13767,89,3804,5,1520409446
13768,89,3515,3,1520408612
13769,89,3805,5,1520409144
13770,89,2058,2,1520408729
13771,89,3806,2,1520408560
13772,89,904,2,1520408325
13773,89,2347,2,1520408928
13774,89,906,2,1520408914
13775,89,3807,4,1520409002
13776,89,1911,3,1520408577
13777,89,3437,3,1520408646
13778,89,1283,3,1520408413
13779,89,3808,4,1520409015
13780,89,3809,5,1520409385
13781,89,2130,3,1520408622
13782,89,2064,2,1520408804
13783,89,3810,3,1520409507
13784,89,3442,3,1520408845
13785,89,1917,2,1520408600
13786,89,3811,3,1520408884
13787,89,2524,4,1520408883
13788,89,3812,2,1520409644
13789,89,3813,3,1520409033
13790,89,3814,5,1520409461
13791,89,3450,2,1520408916
13792,89,3815,4,1520409094
13793,89,3454,2,1520408893
13794,89,1919,4,1520408807
13795,89,1297,3,1520408816
13796,89,3816,5,1520409113
13797,89,3817,4,1520408934
13798,89,917,3,1520408463
13799,89,3818,5,1520408920
13800,89,1921,4,1520408594
13801,89,3819,4,1520409212
13802,89,1060,2,1520408709
13803,89,3820,3,1520408873
13804,89,1063,4,1520408517
13805,89,242,3,1520408972
13806,89,3821,4,1520409640
13807,89,3822,3,1520409583
13808,89,3823,5,1520409653
13809,89,3824,4,1520409034
13810,89,3825,1,1520408671
13811,89,3826,5,1520408841
13812,89,1923,1,1520408856
13813,89,3827,2,1520409557
13814,89,1924,2,1520408511
13815,89,3828,5,1520409356
13816,89,3829,4,1520409505
13817,89,3830,4,1520409564
13818,89,3831,2,1520408811
13819,89,3472,3,1520408819
13820,89,3832,4,1520409341
13821,89,3523,3,1520408896
13822,89,3833,4,1520409178
13823,89,3834,4,1520409328
13824,89,3835,4,1520409453
13825,89,1314,4,1520409011
13826,89,3836,4,1520409456
13827,89,1927,4,1520408633
13828,89,3837,4,1520409076
13829,89,3838,5,1520409088
13830,89,933,2,1520408562
13831,89,3839,4,1520409059
13832,89,3477,2,1520408918
13833,89,3840,4,1520409390
13834,89,1931,4,1520409018
13835,89,3841,3,1520408823
13836,89,937,2,1520408621
13837,89,3842,2,1520408903
13838,89,3843,2,1520408699
13839,89,3844,5,1520409380
13840,89,3845,4,1520409459
13841,89,3846,5,1520409383
13842,89,3847,5,1520409052
13843,89,3848,5,1520409339
13844,89,3482,5,1520409397
13845,89,3849,4,1520409191
13846,89,3850,4,1520408797
13847,89,3851,2,1520408640
13848,89,3485,1,1520408624
13849,89,2132,2,1520408810
13850,89,3852,5,1520409450
13851,89,2528,2,1520408866
13852,89,3853,4,1520409556
13853,89,3854,5,1520409489
13854,89,3855,2,1520408813
13855,89,3856,2,1520408859
13856,89,3096,3,1520408677
13857,89,3857,3,1520409078
13858,89,3858,4,1520408638
13859,89,3859,5,1520409490
13860,89,3860,5,1520409125
13861,89,3861,4,1520409104
13862,89,945,2,1520408267
13863,89,3862,5,1520409487
13864,89,3863,4,1520409427
13865,89,3864,5,1520409481
13866,89,2827,2,1520408826
13867,89,1945,3,1520408605
13868,89,1946,4,1520409355
13869,89,3865,4,1520409642
13870,89,1947,2,1520408915
13871,89,3491,3,1520408678
13872,89,947,1,1520408423
13873,89,950,4,1520408596
13874,89,3866,4,1520409578
13875,89,3867,5,1520409017
13876,89,3495,2,1520408851
13877,89,3868,5,1520409497
13878,89,1339,2,1520408868
13879,89,3869,5,1520409652
13880,89,2829,5,1520409149
13881,89,3870,2,1520408701
13882,89,3871,5,1520409394
13883,89,3872,3,1520408803
13884,89,3873,3,1520409562
13885,89,3874,3,1520409565
13886,89,3875,4,1520409110
13887,89,3876,2,1520408725
13888,89,3877,3,1520408787
13889,89,3878,3,1520408817
13890,89,3879,4,1520409379
13891,89,1956,4,1520408744
13892,89,3880,3,1520408925
13893,89,3881,3,1520409518
13894,89,3882,4,1520409345
13895,89,3883,5,1520408944
13896,89,1967,2,1520408542
13897,89,3884,3,1520409056
13898,89,3885,4,1520409449
13899,89,3886,4,1520409146
13900,89,3887,4,1520409560
13901,89,1973,3,1520408982
13902,89,3888,4,1520409129
13903,89,3889,3,1520409573
13904,89,3890,5,1520409436
13905,89,3891,5,1520409580
13906,89,1979,3,1520408705
13907,89,1981,5,1520408471
13908,89,3892,3,1520408861
13909,89,3893,5,1520409332
13910,89,962,3,1520408945
13911,89,3894,4,1520409083
13912,89,1986,5,1520409430
13913,89,3895,4,1520408974
13914,89,1989,3,1520408947
13915,89,1993,3,1520408629
13916,89,3896,4,1520409029
13917,89,3897,2,1520408844
13918,89,3898,3,1520409381
13919,89,3899,3,1520409655
13920,89,3900,3,1520409582
13921,89,3901,4,1520409357
13922,89,2540,2,1520408277
13923,89,3902,4,1520409426
13924,89,2003,4,1520408746
13925,89,3903,5,1520409402
13926,89,3904,4,1520409207
13927,89,3905,4,1520408985
13928,89,3906,5,1520409188
13929,89,3907,4,1520409021
13930,89,3908,5,1520409061
13931,89,2006,2,1520408871
13932,89,2007,4,1520408733
13933,89,3909,3,1520409550
13934,89,3910,4,1520409367
13935,89,3911,4,1520408968
13936,89,3912,4,1520409085
13937,89,3913,4,1520409119
13938,89,3914,3,1520409121
13939,89,3915,4,1520409500
13940,89,3916,5,1520409168
13941,89,3917,5,1520409152
13942,89,3918,4,1520408923
13943,89,3919,5,1520409348
13944,89,3920,3,1520409057
13945,89,3921,3,1520409107
13946,89,3922,5,1520409176
13947,89,3923,4,1520409070
13948,89,3924,5,1520409407
13949,89,3925,2,1520408282
13950,89,3926,3,1520409574
13951,89,3927,5,1520409504
13952,89,3928,4,1520409186
13953,89,3929,4,1520409004
13954,89,3538,2,1520408901
13955,89,3930,4,1520409028
13956,89,3931,4,1520409173
13957,89,3932,3,1520408966
13958,89,3933,5,1520409399
13959,89,3934,3,1520409650
13960,89,3935,5,1520408802
13961,89,3936,4,1520409382
13962,89,3937,4,1520409132
13963,89,3938,2,1520408586
13964,89,3539,2,1520408908
13965,89,3939,5,1520409448
13966,89,3940,4,1520409483
13967,89,3941,5,1520409323
13968,89,3942,3,1520408675
13969,89,3943,5,1520409458
13970,89,3944,3,1520408951
13971,89,3945,5,1520409343
13972,89,3946,4,1520409492
13973,89,3947,4,1520409189
13974,89,3948,3,1520409081
13975,89,3949,4,1520409127
13976,89,3950,3,1520408980
13977,89,3951,4,1520409360
13978,89,3952,4,1520409103
13979,89,3953,5,1520409359
13980,89,3954,4,1520409179
13981,89,3955,5,1520409207
13982,89,3956,4,1520409425
13983,89,2019,4,1520408722
13984,89,3957,3,1520409567
13985,89,3958,5,1520409192
13986,89,3959,5,1520409074
13987,89,3960,5,1520409066
13988,89,3961,5,1520409395
13989,89,3962,5,1520409404
13990,89,3963,5,1520409019
13991,89,3964,4,1520409499
13992,89,3965,5,1520409330
13993,89,3966,4,1520409389
13994,89,3967,5,1520409577
13995,89,3968,4,1520409335
13996,89,3969,4,1520409521
13997,89,3970,4,1520409401
13998,89,3971,3,1520408959
13999,89,3972,4,1520409405
14000,89,3973,2,1520408842
14001,89,3974,3,1520409051
14002,89,3975,2,1520408838
14003,89,3976,5,1520409361
14004,89,3977,4,1520409457
14005,89,3978,5,1520409484
14006,89,3979,4,1520409140
14007,89,3980,4,1520409391
14008,89,3981,5,1520409090
14009,89,3982,5,1520409581
14010,89,3983,3,1520409645
14011,89,3984,3,1520409039
14012,89,3985,4,1520409515
14013,89,3986,5,1520409464
14014,89,3987,4,1520409513
14015,89,3988,5,1520409171
14016,89,3989,4,1520409092
14017,89,3990,4,1520409568
14018,89,3991,4,1520408998
14019,89,3992,5,1520409463
14020,89,3993,1,1520408895
14021,89,2864,4,1520408477
14022,89,3994,5,1520409454
14023,89,3995,5,1520409393
14024,89,3996,5,1520409344
14025,89,3542,2,1520408825
14026,89,3997,3,1520409643
14027,89,3998,4,1520409445
14028,89,3999,3,1520409520
14029,89,4000,5,1520409144
14030,89,4001,4,1520409570
14031,89,4002,5,1520409109
14032,89,4003,5,1520409437
14033,89,1384,3,1520408854
14034,89,4004,5,1520409184
14035,89,4005,5,1520409576
14036,89,4006,4,1520409400
14037,89,4007,2,1520408839
14038,89,3120,2,1520408741
14039,89,4008,4,1520408953
14040,89,4009,4,1520408827
14041,89,4010,4,1520409181
14042,89,4011,4,1520409054
14043,89,4012,2,1520408863
14044,89,4013,4,1520409150
14045,89,4014,1,1520408904
14046,89,4015,4,1520409087
14047,89,4016,3,1520408978
14048,89,4017,4,1520409007
14049,89,4018,4,1520408948
14050,89,4019,2,1520408877
14051,89,4020,4,1520409555
14052,89,4021,2,1520408942
14053,89,4022,3,1520409641
14054,89,4023,3,1520408962
14055,89,4024,2,1520408791
14056,89,4025,4,1520409006
14057,89,4026,4,1520409502
14058,89,4027,2,1520408282
14059,89,4028,2,1520408792
14060,89,4029,4,1520408963
14061,89,4030,4,1520408961
14062,89,4031,4,1520408949
14063,89,4032,4,1520408882
14064,89,4033,4,1520409049
14065,89,4034,3,1520408986
14066,89,4035,4,1520409064
14067,90,1,3,856353996
14068,90,485,4,856354037
14069,90,3679,5,856354100
14070,90,492,5,856353996
14071,90,496,5,856353996
14072,90,293,4,856353996
14073,90,462,4,856354037
14074,90,295,5,856354072
14075,90,296,5,856354071
14076,90,4036,3,856354249
14077,90,4037,3,856354174
14078,90,2504,5,856354212
14079,90,4038,5,856354195
14080,90,4039,5,856354268
14081,90,525,3,856353996
14082,90,16,5,856354072
14083,90,2440,4,856354233
14084,90,4040,4,856354288
14085,90,37,5,856354037
14086,90,2442,5,856354212
14087,90,4041,4,856354348
14088,90,2510,3,856354348
14089,90,326,3,856354071
14090,90,3005,3,856354195
14091,90,4042,4,856354329
14092,90,1428,3,856354120
14093,90,4043,4,856354232
14094,90,43,3,856353996
14095,90,4044,4,856354451
14096,90,2444,3,856354100
14097,90,698,5,856354233
14098,90,329,4,856354381
14099,90,4045,3,856354513
14100,90,1446,5,856354596
14101,90,4046,5,856354451
14102,90,3545,5,856354268
14103,90,340,4,856354399
14104,90,341,5,856354399
14105,90,60,4,856354348
14106,90,61,4,856354037
14107,90,4047,4,856354577
14108,90,4048,4,856354577
14109,90,4049,4,856354526
14110,90,349,4,856354212
14111,90,2417,3,856354268
14112,90,1166,4,856354100
14113,90,994,5,856354301
14114,90,977,5,856354551
14115,90,4050,4,856354367
14116,90,4051,5,856354329
14117,90,3711,4,856354435
14118,90,3016,4,856354288
14119,90,4052,3,856354513
14120,90,2669,2,856354612
14121,91,1,4,1112713037
14122,91,482,3,1112713392
14123,91,2,3,1112712323
14124,91,3,5,1112712032
14125,91,487,3,1112713269
14126,91,491,4,1112710867
14127,91,493,2,1112713417
14128,91,292,4,1112712052
14129,91,494,3,1112712292
14130,91,496,2,1112713314
14131,91,2069,4,1112711719
14132,91,293,4,1112711273
14133,91,462,3,1112712316
14134,91,463,1,1112713319
14135,91,499,4,1112716937
14136,91,4,4,1112712832
14137,91,5,4,1112712816
14138,91,296,2,1112710933
14139,91,512,3,1112716912
14140,91,514,2,1112716903
14141,91,516,3,1112711260
14142,91,519,1,1112713462
14143,91,8,4,1112712339
14144,91,1094,4,1112713352
14145,91,521,3,1112710953
14146,91,464,3,1112712023
14147,91,9,3,1112710950
14148,91,465,2,1112711306
14149,91,528,2,1112713777
14150,91,530,2,1112713458
14151,91,531,3,1112711269
14152,91,11,5,1112712601
14153,91,532,3,1112713245
14154,91,1027,4,1112713688
14155,91,1405,3,1112710917
14156,91,540,2,1112713300
14157,91,541,2,1112713723
14158,91,545,3,1112713569
14159,91,550,2,1112712329
14160,91,13,3,1112711488
14161,91,558,3,1112710870
14162,91,14,3,1112713266
14163,91,15,4,1112711256
14164,91,561,2,1112713602
14165,91,568,2,1112717660
14166,91,569,2,1112713801
14167,91,466,4,1112713303
14168,91,16,4,1112712846
14169,91,468,3,1112713423
14170,91,585,3,1112711287
14171,91,588,3,1112713278
14172,91,589,4,1112711284
14173,91,17,4,1112711264
14174,91,597,3,1112713686
14175,91,18,4,1112713249
14176,91,233,2,1112712135
14177,91,2436,2,1112716866
14178,91,600,2,1112713258
14179,91,604,1,1112713450
14180,91,471,3,1112713227
14181,91,20,3,1112713232
14182,91,609,3,1112713420
14183,91,611,5,1112712455
14184,91,21,3,1112711237
14185,91,314,1,1112713292
14186,91,472,3,1112711195
14187,91,23,3,1112713273
14188,91,315,3,1112713426
14189,91,619,3,1112713612
14190,91,621,1,1112716895
14191,91,973,2,1112713553
14192,91,622,3,1112713224
14193,91,473,3,1112713208
14194,91,4053,3,1112717242
14195,91,474,3,1112711203
14196,91,1414,1,1112711240
14197,91,2167,3,1112713077
14198,91,633,1,1112710911
14199,91,2551,2,1112717219
14200,91,634,2,1112713286
14201,91,635,1,1112713513
14202,91,1157,3,1112711200
14203,91,639,3,1112713295
14204,91,26,4,1112713197
14205,91,4054,4,1112716881
14206,91,643,3,1112713605
14207,91,2426,1,1112713817
14208,91,475,3,1112713360
14209,91,27,4,1112713195
14210,91,2895,3,1112716885
14211,91,648,4,1112713741
14212,91,653,3,1112713473
14213,91,28,2,1112711245
14214,91,655,1,1112716892
14215,91,476,1,1112713768
14216,91,660,3,1112712272
14217,91,4055,4,1112716908
14218,91,322,2,1112711215
14219,91,1095,5,1112711219
14220,91,30,3,1112712249
14221,91,1420,5,1112711242
14222,91,31,3,1112712269
14223,91,32,3,1112713485
14224,91,1158,3,1112713110
14225,91,828,2,1112712333
14226,91,671,2,1112713284
14227,91,323,3,1112711205
14228,91,479,4,1112711446
14229,91,33,3,1112713201
14230,91,34,5,1112713199
14231,91,35,4,1112712144
14232,91,480,3,1112711217
14233,91,324,3,1112711215
14234,91,481,2,1112711248
14235,91,672,4,1112717237
14236,91,37,3,1112713222
14237,91,1422,4,1112716901
14238,91,675,3,1112713765
14239,91,38,4,1112713238
14240,91,1159,2,1112710875
14241,91,1096,3,1112712982
14242,91,326,2,1112711197
14243,91,41,3,1112713262
14244,91,42,2,1112711143
14245,91,2073,4,1112711494
14246,91,1097,3,1112712296
14247,91,723,5,1112713140
14248,91,1160,4,1112713437
14249,91,43,3,1112713211
14250,91,1026,3,1112712276
14251,91,2427,2,1112713400
14252,91,695,4,1112712586
14253,91,697,3,1112713566
14254,91,1435,3,1112710947
14255,91,704,2,1112717229
14256,91,1028,5,1112711140
14257,91,1436,4,1112711693
14258,91,1438,4,1112712251
14259,91,333,2,1112713615
14260,91,334,3,1112710923
14261,91,336,4,1112712320
14262,91,45,3,1112713366
14263,91,337,2,1112713503
14264,91,46,4,1112710903
14265,91,724,3,1112711183
14266,91,863,3,1112713728
14267,91,1775,2,1112713738
14268,91,1135,4,1112713347
14269,91,61,3,1112713298
14270,91,343,4,1112711159
14271,91,62,4,1112710878
14272,91,63,4,1112711148
14273,91,65,4,1112712189
14274,91,346,3,1112713651
14275,91,66,3,1112713281
14276,91,725,3,1112711132
14277,91,2998,3,1112716838
14278,91,67,4,1112712344
14279,91,1451,5,1112716825
14280,91,68,5,1112711175
14281,91,1100,4,1112712966
14282,91,349,2,1112711171
14283,91,1102,4,1112711128
14284,91,69,4,1112711436
14285,91,70,5,1112712901
14286,91,71,5,1112712826
14287,91,351,4,1112711801
14288,91,1029,5,1112711448
14289,91,1103,4,1112716602
14290,91,72,5,1112713440
14291,91,1104,3,1112712199
14292,91,73,2,1112713456
14293,91,74,4,1112711157
14294,91,75,4,1112712318
14295,91,76,5,1112713343
14296,91,1452,5,1112711597
14297,91,77,5,1112710880
14298,91,78,5,1112713446
14299,91,1137,4,1112712986
14300,91,354,3,1112711137
14301,91,1139,4,1112713646
14302,91,82,4,1112711461
14303,91,4056,4,1112711920
14304,91,2397,4,1112712967
14305,91,726,2,1112713530
14306,91,2083,4,1112713114
14307,91,2176,3,1112713147
14308,91,1454,2,1112713006
14309,91,84,4,1112710883
14310,91,356,3,1112712007
14311,91,1109,4,1112711601
14312,91,2145,3,1112712861
14313,91,85,4,1112713330
14314,91,357,4,1112713014
14315,91,86,3,1112713112
14316,91,2084,5,1112713057
14317,91,1111,3,1112712183
14318,91,88,4,1112713087
14319,91,360,3,1112713584
14320,91,90,4,1112712858
14321,91,1457,2,1112716840
14322,91,91,4,1112712050
14323,91,361,4,1112710864
14324,91,866,2,1112713370
14325,91,4057,4,1112711566
14326,91,4058,4,1112712688
14327,91,4059,3,1112712515
14328,91,1030,4,1112712621
14329,91,2903,4,1112711891
14330,91,1166,3,1112712058
14331,91,977,3,1112713637
14332,91,978,3,1112713590
14333,91,1470,3,1112716855
14334,91,1167,4,1112710890
14335,91,1140,3,1112712203
14336,91,1471,3,1112713745
14337,91,93,3,1112712213
14338,91,1474,2,1112713666
14339,91,979,4,1112716833
14340,91,2147,5,1112713407
14341,91,362,4,1112713509
14342,91,2420,3,1112713363
14343,91,1475,2,1112717643
14344,91,94,4,1112713726
14345,91,995,3,1112716843
14346,91,1476,4,1112713534
14347,91,95,4,1112712186
14348,91,1485,2,1112713644
14349,91,98,3,1112713581
14350,91,99,3,1112713476
14351,91,1031,4,1112712045
14352,91,1168,3,1112712229
14353,91,100,3,1112712196
14354,91,101,3,1112713506
14355,91,102,3,1112711168
14356,91,727,3,1112711146
14357,91,984,3,1112713672
14358,91,728,4,1112712179
14359,91,104,2,1112713017
14360,91,107,3,1112716801
14361,91,1501,3,1112712216
14362,91,1032,4,1112712176
14363,91,108,4,1112713669
14364,91,729,4,1112713540
14365,91,986,3,1112716816
14366,91,234,3,1112713388
14367,91,1515,3,1112716508
14368,91,1516,4,1112711563
14369,91,4060,0,1112717209
14370,91,3171,2,1112717205
14371,91,4061,4,1112717639
14372,91,113,3,1112716793
14373,91,1525,4,1112716790
14374,91,996,3,1112716494
14375,91,373,2,1112716787
14376,91,1033,3,1112712131
14377,91,731,2,1112710847
14378,91,1536,5,1112711894
14379,91,379,3,1112711077
14380,91,116,5,1112713821
14381,91,1171,3,1112713372
14382,91,117,4,1112712575
14383,91,382,3,1112713409
14384,91,4062,4,1112718168
14385,91,4063,2,1112717145
14386,91,1543,4,1112711583
14387,91,118,3,1112713550
14388,91,1034,2,1112713805
14389,91,992,2,1112718181
14390,91,836,2,1112713558
14391,91,120,2,1112710901
14392,91,383,4,1112711080
14393,91,122,4,1112713067
14394,91,126,2,1112713690
14395,91,127,3,1112718179
14396,91,1558,2,1112717148
14397,91,997,2,1112716820
14398,91,384,4,1112716797
14399,91,1035,3,1112713827
14400,91,132,3,1112718163
14401,91,1563,2,1112717157
14402,91,998,3,1112713775
14403,91,135,3,1112712160
14404,91,4064,4,1112716780
14405,91,4065,4,1112717166
14406,91,137,3,1112718177
14407,91,4066,4,1112711799
14408,91,1571,3,1112711902
14409,91,1572,2,1112718166
14410,91,2570,2,1112718186
14411,91,2040,4,1112718159
14412,91,142,4,1112711866
14413,91,1141,3,1112712930
14414,91,2572,0,1112717161
14415,91,145,3,1112718172
14416,91,1592,3,1112712705
14417,91,273,5,1112711595
14418,91,3027,3,1112716735
14419,91,147,4,1112711687
14420,91,4067,4,1112718156
14421,91,1594,1,1112713709
14422,91,150,3,1112713823
14423,91,1601,3,1112713442
14424,91,154,1,1112713704
14425,91,1609,2,1112713344
14426,91,1863,2,1112718072
14427,91,1864,4,1112716771
14428,91,4068,3,1112717612
14429,91,1177,3,1112718132
14430,91,2682,2,1112716724
14431,91,158,2,1112718082
14432,91,1618,3,1112712642
14433,91,4069,2,1112717082
14434,91,1620,2,1112718137
14435,91,163,4,1112712927
14436,91,1626,2,1112716733
14437,91,4070,2,1112717548
14438,91,165,4,1112711706
14439,91,166,4,1112711525
14440,91,167,5,1112712839
14441,91,2583,3,1112716738
14442,91,399,2,1112713586
14443,91,171,3,1112713655
14444,91,4071,3,1112717624
14445,91,172,4,1112713335
14446,91,174,3,1112716767
14447,91,4072,1,1112717546
14448,91,177,2,1112712571
14449,91,178,3,1112712141
14450,91,1638,3,1112717047
14451,91,400,3,1112713396
14452,91,179,4,1112712146
14453,91,1641,2,1112713734
14454,91,180,4,1112710957
14455,91,1179,2,1112711096
14456,91,1643,4,1112713492
14457,91,401,4,1112712166
14458,91,2585,3,1112716769
14459,91,181,4,1112711100
14460,91,735,3,1112718067
14461,91,1117,3,1112716711
14462,91,182,5,1112711475
14463,91,402,4,1112712914
14464,91,4073,2,1112717616
14465,91,4074,3,1112712664
14466,91,4075,3,1112711108
14467,91,405,4,1112713536
14468,91,183,3,1112711087
14469,91,1653,3,1112713020
14470,91,4076,2,1112717071
14471,91,1661,4,1112712670
14472,91,4077,3,1112717608
14473,91,2592,4,1112716699
14474,91,2593,2,1112716587
14475,91,188,4,1112711113
14476,91,1180,3,1112712932
14477,91,189,4,1112712957
14478,91,190,4,1112713096
14479,91,192,3,1112711518
14480,91,193,4,1112711473
14481,91,194,4,1112712163
14482,91,195,4,1112713428
14483,91,1867,2,1112718050
14484,91,4078,3,1112718036
14485,91,197,3,1112716680
14486,91,198,3,1112711084
14487,91,1118,4,1112711478
14488,91,4079,4,1112717436
14489,91,1673,4,1112717492
14490,91,4080,4,1112712579
14491,91,1674,3,1112717445
14492,91,1682,5,1112718040
14493,91,1183,5,1112711807
14494,91,1688,3,1112716685
14495,91,736,4,1112713040
14496,91,204,2,1112713009
14497,91,4081,4,1112711869
14498,91,416,3,1112713784
14499,91,206,4,1112713809
14500,91,4082,4,1112717068
14501,91,2688,3,1112716716
14502,91,1697,2,1112718047
14503,91,1143,2,1112716708
14504,91,4083,4,1112711722
14505,91,1185,4,1112713149
14506,91,2603,4,1112716693
14507,91,1011,5,1112716706
14508,91,737,3,1112718010
14509,91,2205,3,1112712026
14510,91,422,2,1112713638
14511,91,1718,3,1112713107
14512,91,1122,5,1112716478
14513,91,1722,4,1112713813
14514,91,423,2,1112713700
14515,91,1039,4,1112713157
14516,91,424,4,1112712867
14517,91,1041,4,1112718017
14518,91,1736,4,1112717038
14519,91,4084,3,1112717458
14520,91,3614,3,1112717032
14521,91,220,3,1112713384
14522,91,738,2,1112712123
14523,91,1868,3,1112716985
14524,91,223,4,1112711463
14525,91,1145,4,1112712864
14526,91,1871,3,1112712435
14527,91,1747,4,1112712418
14528,91,225,5,1112711730
14529,91,1750,3,1112718014
14530,91,1753,4,1112717016
14531,91,4085,4,1112711593
14532,91,227,5,1112712465
14533,91,1756,3,1112712422
14534,91,4086,1,1112717453
14535,91,1188,4,1112716632
14536,91,229,4,1112713489
14537,91,230,4,1112712416
14538,91,4087,3,1112717421
14539,91,1765,3,1112712439
14540,91,2163,4,1112713063
14541,91,1767,5,1112717402
14542,91,4088,4,1112717426
14543,91,2612,2,1112717009
14544,91,1872,4,1112711569
14545,91,867,2,1112716635
14546,91,1020,3,1112716655
14547,91,429,1,1112713595
14548,91,2935,4,1112712703
14549,91,1797,2,1112712411
14550,91,278,3,1112711500
14551,91,741,2,1112712429
14552,91,1873,3,1112716670
14553,91,742,2,1112716622
14554,91,432,4,1112712954
14555,91,1190,3,1112716630
14556,91,437,4,1112713755
14557,91,440,4,1112713811
14558,91,2619,2,1112716652
14559,91,4089,2,1112717405
14560,91,3140,4,1112711645
14561,91,4090,3,1112717414
14562,91,4091,2,1112716990
14563,91,445,4,1112712170
14564,91,4092,2,1112716988
14565,91,1191,3,1112712995
14566,91,4093,4,1112717002
14567,91,745,5,1112713468
14568,91,4094,1,1112717380
14569,91,1192,2,1112712909
14570,91,2943,1,1112717005
14571,91,2632,3,1112716638
14572,91,1817,3,1112712431
14573,91,3643,4,1112717019
14574,91,4095,3,1112712408
14575,91,3179,4,1112712414
14576,91,1146,3,1112712581
14577,91,4096,1,1112716992
14578,91,4097,3,1112717378
14579,91,4098,3,1112712697
14580,91,2215,4,1112712542
14581,91,2648,1,1112717386
14582,91,454,1,1112716642
14583,91,4099,4,1112717833
14584,91,4100,3,1112716973
14585,91,4101,5,1112712625
14586,91,1044,4,1112716647
14587,91,4102,1,1112717363
14588,91,4103,2,1112717828
14589,91,1828,3,1112716970
14590,91,4104,4,1112717830
14591,91,2123,4,1112713071
14592,91,1125,4,1112712017
14593,91,752,4,1112712128
14594,91,458,4,1112717839
14595,91,4105,2,1112717398
14596,91,753,3,1112712364
14597,91,2717,3,1112716657
14598,91,1832,2,1112711796
14599,91,4106,3,1112712391
14600,91,754,4,1112711439
14601,91,232,2,1112713641
14602,91,4107,4,1112717803
14603,91,4108,3,1112712934
14604,91,2701,1,1112716954
14605,91,4109,2,1112717333
14606,91,757,5,1112712351
14607,91,758,4,1112712379
14608,91,1199,4,1112716504
14609,91,4110,3,1112717341
14610,91,759,3,1112712361
14611,91,760,2,1112712384
14612,91,761,2,1112713160
14613,91,4111,4,1112716967
14614,91,2702,3,1112716948
14615,91,2705,2,1112717355
14616,91,2706,1,1112717351
14617,91,4112,3,1112717809
14618,91,763,4,1112712849
14619,91,4113,3,1112717816
14620,91,4114,4,1112711710
14621,91,1202,3,1112713131
14622,91,2046,3,1112712369
14623,91,1203,4,1112711734
14624,91,1850,4,1112716962
14625,91,4115,3,1112717763
14626,91,1204,4,1112716977
14627,91,765,4,1112713695
14628,91,860,3,1112717772
14629,91,766,2,1112713128
14630,91,4116,1,1112717738
14631,91,3191,1,1112716514
14632,91,4117,3,1112717313
14633,91,2478,4,1112711572
14634,91,4118,4,1112711118
14635,91,4119,3,1112712880
14636,91,768,4,1112711457
14637,91,769,3,1112716620
14638,91,4120,3,1112712889
14639,91,1210,3,1112712373
14640,91,4121,3,1112712637
14641,91,4122,3,1112711560
14642,91,1883,1,1112716922
14643,91,771,5,1112712353
14644,91,4123,3,1112713155
14645,91,4124,4,1112712652
14646,91,4125,2,1112717292
14647,91,2960,5,1112712467
14648,91,4126,3,1112717289
14649,91,3334,3,1112717304
14650,91,2106,4,1112712874
14651,91,4127,4,1112712674
14652,91,4128,3,1112717308
14653,91,3336,4,1112711649
14654,91,1215,4,1112712924
14655,91,4129,5,1112712545
14656,91,2109,5,1112716461
14657,91,772,2,1112711279
14658,91,235,4,1112711490
14659,91,4130,4,1112717723
14660,91,2965,3,1112717272
14661,91,3265,4,1112712992
14662,91,2251,4,1112712945
14663,91,4131,3,1112713091
14664,91,2114,4,1112717262
14665,91,775,4,1112711441
14666,91,4132,2,1112717702
14667,91,3200,5,1112711923
14668,91,3144,5,1112711727
14669,91,1048,4,1112711466
14670,91,3345,2,1112716929
14671,91,1149,4,1112711513
14672,91,4133,4,1112712710
14673,91,4134,3,1112712598
14674,91,1884,4,1112711522
14675,91,4135,3,1112712463
14676,91,4136,4,1112711552
14677,91,4137,3,1112711716
14678,91,4138,4,1112712000
14679,91,2786,4,1112713120
14680,91,4139,1,1112717277
14681,91,3577,3,1112717259
14682,91,780,4,1112711255
14683,91,2120,3,1112712905
14684,91,4140,4,1112712997
14685,91,4141,4,1112717695
14686,91,4142,2,1112713025
14687,91,4143,4,1112711427
14688,91,783,5,1112712885
14689,91,236,2,1112713125
14690,91,2266,5,1112711481
14691,91,3354,2,1112711993
14692,91,795,4,1112712003
14693,91,4144,4,1112713059
14694,91,4145,2,1112712039
14695,91,2126,4,1112717235
14696,92,1403,5,1294941385
14697,92,599,3,1294941372
14698,92,701,5,1294941448
14699,92,1772,4,1294941592
14700,92,1448,3,1294941576
14701,92,1468,3,1294941797
14702,92,1008,4,1294941480
14703,92,2463,3,1294941435
14704,92,1036,3,1294941801
14705,92,1780,4,1294941405
14706,92,4146,3,1294941607
14707,92,138,4,1294941502
14708,92,4147,4,1294941484
14709,92,2916,4,1294941568
14710,92,2471,4,1294941362
14711,92,1001,5,1294941782
14712,92,2925,3,1294941533
14713,92,205,4,1294941674
14714,92,3332,3,1294941894
14715,92,2127,4,1294942854
14716,92,900,4,1294942835
14717,92,4148,4,1294942995
14718,92,3421,4,1294941914
14719,92,1060,4,1294941763
14720,93,1,3,942767337
14721,93,482,5,942946208
14722,93,487,4,942946208
14723,93,490,4,942946091
14724,93,461,5,942767143
14725,93,503,4,942946445
14726,93,510,4,942946013
14727,93,8,5,942947377
14728,93,464,5,942947377
14729,93,465,4,942946445
14730,93,528,4,942946445
14731,93,533,4,942946340
14732,93,1405,4,942946445
14733,93,573,4,942946508
14734,93,16,5,942946932
14735,93,18,5,942946445
14736,93,233,4,942947205
14737,93,600,5,942946340
14738,93,605,4,942766855
14739,93,20,4,942946208
14740,93,21,5,942766907
14741,93,314,4,942767045
14742,93,22,4,942946445
14743,93,23,5,942946986
14744,93,315,4,942766855
14745,93,473,5,942946091
14746,93,634,5,942946508
14747,93,27,5,942946013
14748,93,29,5,942947205
14749,93,322,4,942766957
14750,93,31,5,942946340
14751,93,1421,4,942946634
14752,93,323,4,942766957
14753,93,33,5,942946091
14754,93,35,5,942947265
14755,93,38,4,942946508
14756,93,1159,4,942946588
14757,93,41,4,942946091
14758,93,42,4,942946677
14759,93,1429,4,942946677
14760,93,2662,4,942946634
14761,93,264,4,942946508
14762,93,1772,3,942946634
14763,93,59,4,942946208
14764,93,66,5,942946932
14765,93,85,5,942767374
14766,93,1166,5,942946013
14767,93,1467,4,942946588
14768,93,1469,5,942946588
14769,93,93,4,942946445
14770,93,2453,4,942767242
14771,93,1487,4,942946766
14772,93,100,4,942946013
14773,93,1492,4,942946588
14774,93,102,5,942767007
14775,93,1497,4,942946677
14776,93,4149,4,942946766
14777,93,2670,4,942946091
14778,93,366,4,942766804
14779,93,108,4,942946677
14780,93,234,5,942947301
14781,93,988,5,942947205
14782,93,1518,4,942946634
14783,93,730,5,942766804
14784,93,1532,3,942946588
14785,93,731,5,942946588
14786,93,379,5,942767298
14787,93,1777,4,942946091
14788,93,120,3,942767242
14789,93,2183,4,942947064
14790,93,122,5,942947205
14791,93,126,4,942947102
14792,93,131,4,942946588
14793,93,4150,4,942946835
14794,93,134,5,942947026
14795,93,1574,3,942946766
14796,93,141,5,942946932
14797,93,1575,4,942946013
14798,93,142,4,942946932
14799,93,143,5,942946932
14800,93,145,5,942947343
14801,93,1594,4,942767045
14802,93,1597,4,942767181
14803,93,1601,4,942767298
14804,93,395,4,942766907
14805,93,1609,4,942766804
14806,93,274,4,942767085
14807,93,2682,5,942767422
14808,93,3294,3,942767242
14809,93,171,4,942946091
14810,93,172,5,942946013
14811,93,1645,3,942946810
14812,93,183,4,942946986
14813,93,1656,4,942946208
14814,93,186,5,942946986
14815,93,188,5,942946208
14816,93,1669,4,942947102
14817,94,482,4,843406960
14818,94,487,3,843406732
14819,94,488,3,843406930
14820,94,492,1,843406942
14821,94,493,2,843406846
14822,94,292,3,843406846
14823,94,293,5,843406866
14824,94,461,4,843406765
14825,94,463,1,843406866
14826,94,972,1,843406960
14827,94,4,2,843406765
14828,94,516,3,843406942
14829,94,8,5,843406748
14830,94,464,4,843406616
14831,94,465,3,843406644
14832,94,530,3,843406895
14833,94,531,4,843406732
14834,94,532,4,843406644
14835,94,540,2,843406732
14836,94,550,2,843406748
14837,94,558,3,843406826
14838,94,14,3,843406685
14839,94,466,1,843406732
14840,94,468,3,843406914
14841,94,584,3,843406930
14842,94,585,2,843406748
14843,94,588,3,843406707
14844,94,17,4,843406616
14845,94,18,4,843406685
14846,94,598,3,843406866
14847,94,233,5,843406707
14848,94,600,4,843406707
14849,94,604,3,843406960
14850,94,471,3,843406644
14851,94,21,3,843406707
14852,94,314,1,843406895
14853,94,472,4,843406765
14854,94,23,3,843406765
14855,94,622,3,843406826
14856,94,473,3,843406616
14857,94,474,3,843406826
14858,94,1414,3,843406846
14859,94,633,3,843406914
14860,94,634,3,843406707
14861,94,635,1,843406914
14862,94,26,4,843406685
14863,94,27,4,843406732
14864,94,28,3,843406826
14865,94,828,3,843406846
14866,94,671,3,843406866
14867,94,323,4,843406644
14868,94,479,4,843406765
14869,94,33,4,843406616
14870,94,34,3,843406616
14871,94,35,3,843406685
14872,94,481,2,843406866
14873,95,485,3,1043340043
14874,95,2658,3,1105400752
14875,95,496,5,1044744590
14876,95,2069,5,1043340522
14877,95,293,4,1043340522
14878,95,461,4,1071803856
14879,95,463,4,1043339476
14880,95,2544,3,1105400745
14881,95,300,5,1043340311
14882,95,302,4,1048382937
14883,95,16,5,1043340455
14884,95,589,4,1069614359
14885,95,614,3,1043340311
14886,95,27,3,1105400942
14887,95,322,4,1071803917
14888,95,1095,5,1043340455
14889,95,479,4,1043340485
14890,95,37,4,1069614364
14891,95,2073,5,1043340485
14892,95,1098,4,1043340225
14893,95,724,5,1043340392
14894,95,2898,4,1043339544
14895,95,1135,5,1043339248
14896,95,58,4,1043340086
14897,95,63,5,1048382826
14898,95,346,4,1044744622
14899,95,2075,5,1105400882
14900,95,69,5,1043340018
14901,95,71,5,1069614382
14902,95,1029,4,1105400608
14903,95,72,5,1043340455
14904,95,73,5,1043339777
14905,95,74,4,1105400853
14906,95,76,4,1043340455
14907,95,1137,5,1043340018
14908,95,1138,5,1043339852
14909,95,82,5,1043340485
14910,95,865,4,1105400639
14911,95,86,5,1043339320
14912,95,2084,5,1044744520
14913,95,90,3,1071803793
14914,95,866,5,1044744558
14915,95,1167,4,1105400929
14916,95,3284,2,1043339908
14917,95,94,4,1105400890
14918,95,2563,3,1043340210
14919,95,1031,5,1043339507
14920,95,4151,4,1043340210
14921,95,727,4,1105400895
14922,95,104,4,1043339335
14923,95,1032,5,1043340522
14924,95,4152,4,1043340392
14925,95,1516,4,1043339544
14926,95,3022,4,1105400649
14927,95,1536,4,1105400874
14928,95,117,5,1048383078
14929,95,382,4,1105400622
14930,95,3023,4,1105401108
14931,95,3547,3,1105400816
14932,95,2183,4,1105401127
14933,95,837,4,1043339302
14934,95,122,5,1043339248
14935,95,997,3,1043340283
14936,95,1036,4,1043339777
14937,95,134,4,1105401153
14938,95,135,4,1071803863
14939,95,1575,3,1043339571
14940,95,145,4,1043339808
14941,95,4153,3,1043340086
14942,95,1609,4,1105400670
14943,95,1614,4,1071803893
14944,95,164,4,1105401149
14945,95,167,5,1043340455
14946,95,4154,2,1105401161
14947,95,173,4,1105401101
14948,95,179,4,1044744647
14949,95,1179,4,1043340043
14950,95,2489,4,1043340311
14951,95,1653,5,1069614356
14952,95,2190,4,1043339957
14953,95,1669,4,1105400903
14954,95,194,4,1105401143
14955,95,1867,2,1043339283
14956,95,2503,5,1043340112
14957,95,199,4,1105401122
14958,95,202,3,1043340086
14959,95,1682,3,1105401136
14960,95,4155,4,1043340283
14961,95,2603,3,1043340283
14962,95,1706,4,1043339692
14963,95,1717,4,1048382977
14964,95,1719,4,1053153724
14965,95,219,4,1105400926
14966,95,4156,2,1043339908
14967,95,224,5,1105400825
14968,95,225,5,1043340485
14969,95,229,4,1105400868
14970,95,4088,3,1043339507
14971,95,2512,2,1043340134
14972,95,742,3,1105400981
14973,95,3310,2,1043339957
14974,95,3311,4,1043340157
14975,95,4157,4,1043339544
14976,95,2102,5,1048382853
14977,95,1191,5,1043339870
14978,95,1812,3,1043339248
14979,95,747,3,1105401170
14980,95,1818,4,1105400661
14981,95,2635,4,1043339808
14982,95,4158,1,1043339283
14983,95,1125,4,1105401219
14984,95,1831,4,1043339452
14985,95,4159,4,1043340248
14986,95,1126,5,1044744647
14987,95,2717,4,1043340018
14988,95,1832,4,1043339692
14989,95,1836,4,1105400652
14990,95,4160,4,1043339419
14991,95,4161,5,1043339248
14992,95,2697,4,1043339808
14993,95,4162,4,1043339571
14994,95,4163,4,1043339852
14995,95,2699,2,1043339957
14996,95,757,4,1043340392
14997,95,870,4,1048382853
14998,95,758,4,1043339476
14999,95,1199,5,1048382977
15000,95,759,4,1043340522
15001,95,761,4,1048382977
15002,95,849,3,1043339908
15003,95,763,4,1105400677
15004,95,4164,4,1043339302
15005,95,1850,4,1044744622
15006,95,4165,4,1053153647
15007,95,2772,4,1043535872
15008,95,3559,4,1053153715
15009,95,764,3,1053153706
15010,95,856,5,1043535835
15011,95,765,4,1069614400
15012,95,857,4,1043535851
15013,95,1147,5,1043535817
15014,95,4166,5,1048382977
15015,95,3191,4,1071803774
15016,95,4167,4,1071803767
15017,95,768,4,1105400829
15018,95,769,4,1071803883
15019,95,4168,3,1071803926
15020,95,1210,3,1071803850
15021,95,3332,3,1071803988
15022,95,1046,4,1105400841
15023,95,770,3,1071803939
15024,95,2514,3,1069614276
15025,95,2047,4,1069614288
15026,95,2239,4,1069614412
15027,95,772,4,1069614249
15028,95,2963,4,1069614263
15029,95,3337,3,1069614304
15030,95,3338,4,1069614396
15031,95,773,4,1069614309
15032,95,3195,4,1071803707
15033,95,878,4,1069614268
15034,95,2243,4,1071803718
15035,95,3261,4,1105401227
15036,95,1130,5,1105400794
15037,95,1222,1,1105401093
15038,95,2264,4,1105401087
15039,95,783,4,1105401213
15040,95,1049,4,1105400976
15041,96,1,5,964772990
15042,96,461,5,964773008
15043,96,5,5,964773008
15044,96,8,5,964772750
15045,96,464,5,964773108
15046,96,1024,1,964774290
15047,96,16,5,964772681
15048,96,2071,5,964773550
15049,96,17,5,964772972
15050,96,3684,3,964773068
15051,96,2508,1,964773021
15052,96,2434,1,964773216
15053,96,23,5,964773672
15054,96,622,5,964772795
15055,96,473,3,964772817
15056,96,634,4,964774257
15057,96,639,4,964774139
15058,96,27,5,964772778
15059,96,29,5,964772956
15060,96,479,5,964772731
15061,96,38,3,964772610
15062,96,41,4,964772883
15063,96,43,3,964772862
15064,96,1431,1,964773714
15065,96,1028,4,964772681
15066,96,1135,3,964772750
15067,96,343,5,964773877
15068,96,63,5,964773108
15069,96,346,4,964773119
15070,96,66,4,964773672
15071,96,350,5,964773068
15072,96,71,5,964772622
15073,96,1029,5,964772731
15074,96,74,5,964772712
15075,96,76,5,964773743
15076,96,78,3,964772847
15077,96,1137,4,964772610
15078,96,90,4,964772731
15079,96,3708,5,964774041
15080,96,361,4,964772712
15081,96,2147,4,964772712
15082,96,103,2,964774275
15083,96,728,4,964772847
15084,96,104,5,964772972
15085,96,106,4,964774008
15086,96,988,2,964773788
15087,96,4169,5,964773851
15088,96,118,3,964774094
15089,96,2183,4,964773714
15090,96,122,4,964772956
15091,96,126,2,964773714
15092,96,127,5,964772862
15093,96,135,5,964772610
15094,96,142,4,964773672
15095,96,3027,5,964773041
15096,96,1593,5,964773978
15097,96,3290,3,964774200
15098,96,150,5,964772795
15099,96,1609,4,964772940
15100,96,167,4,964772731
15101,96,172,2,964773686
15102,96,181,5,964773743
15103,96,185,5,964772972
15104,96,189,3,964772712
15105,96,190,3,964772764
15106,96,191,3,964772778
15107,96,199,1,964773251
15108,96,412,5,964773160
15109,96,416,5,964774067
15110,96,206,4,964774079
15111,96,2201,4,964772817
15112,96,1717,5,964772750
15113,96,1039,2,964772610
15114,96,1042,3,964773602
15115,96,220,4,964772750
15116,96,1868,2,964772712
15117,96,1869,2,964772847
15118,96,4170,3,964774067
15119,97,622,4,1047481515
15120,97,35,5,1043382047
15121,97,1028,5,1043382068
15122,97,1102,4,1043382111
15123,97,74,5,1043382136
15124,97,1171,2,1043381823
15125,97,383,3,1043381994
15126,97,122,5,1043382089
15127,97,167,5,1047481450
15128,97,1184,4,1043382019
15129,97,215,3,1043381994
15130,97,1042,4,1043382848
15131,97,220,4,1043382744
15132,97,738,5,1043382848
15133,97,1015,4,1043382867
15134,97,229,5,1043382744
15135,97,3309,4,1047481354
15136,97,432,5,1043382744
15137,97,1802,3,1047481289
15138,97,1022,5,1043383291
15139,97,1043,5,1043382998
15140,97,1805,3,1047481289
15141,97,1810,5,1043382884
15142,97,1812,5,1043383056
15143,97,1813,4,1043382848
15144,97,745,5,1043383111
15145,97,1816,4,1043383075
15146,97,3643,4,1043382111
15147,97,1822,4,1043383075
15148,97,748,4,1043382900
15149,97,1880,3,1047481180
15150,97,753,5,1043383291
15151,97,754,5,1043382998
15152,97,4171,4,1043382998
15153,97,758,4,1047481215
15154,97,4172,3,1047481371
15155,98,1,4,1532457849
15156,98,21,5,1532457441
15157,98,472,3,1532457847
15158,98,35,4,1532457756
15159,98,37,4,1532458331
15160,98,1028,3,1532458318
15161,98,333,5,1532458324
15162,98,1135,5,1532457796
15163,98,1102,4,1532458201
15164,98,70,5,1532457921
15165,98,1104,4,1532458353
15166,98,76,4,1532457890
15167,98,77,5,1532458204
15168,98,82,1,1532457892
15169,98,84,5,1532457919
15170,98,86,3,1532457845
15171,98,1461,3,1532458388
15172,98,234,4,1532457433
15173,98,392,4,1532457439
15174,98,736,4,1532457852
15175,98,1039,4,1532458370
15176,98,1803,4,1532457794
15177,98,445,4,1532457943
15178,98,745,5,1532457782
15179,98,1044,5,1532458044
15180,98,755,4,1532457950
15181,98,1842,3,1532457712
15182,98,3328,4,1532457999
15183,98,763,4,1532458161
15184,98,772,4,1532458000
15185,98,775,1,1532457777
15186,98,885,3,1532458020
15187,98,887,3,1532458041
15188,98,795,5,1532457742
15189,98,1248,5,1532458294
15190,98,1256,5,1532458168
15191,98,899,5,1532458013
15192,98,1053,5,1532458002
15193,98,3407,4,1532457663
15194,98,1267,2,1532457575
15195,98,2710,4,1532457625
15196,98,3420,5,1532457689
15197,98,3424,4,1532457571
15198,98,1276,3,1532457519
15199,98,1909,4,1532457560
15200,98,2989,4,1532457659
15201,98,906,2,1532457642
15202,98,1282,1,1532457486
15203,98,1284,4,1532457540
15204,98,3082,5,1532457590
15205,98,1057,3,1532457583
15206,98,913,2,1532457530
15207,98,1292,4,1532457553
15208,98,3452,2,1532457633
15209,98,1921,1,1532457605
15210,98,1063,3,1532457585
15211,98,4173,0,1532457670
15212,98,291,3,1532457529
15213,98,1922,3,1532457510
15214,98,243,5,1532457910
15215,98,1308,2,1532457516
15216,98,245,4,1532457409
15217,98,4174,3,1532457683
15218,98,1932,5,1532457544
15219,98,935,5,1532457912
15220,98,936,4,1532457483
15221,98,3091,1,1532457548
15222,98,3479,4,1532457616
15223,98,942,5,1532457701
15224,98,943,4,1532457903
15225,98,2532,5,1532457833
15226,98,953,4,1532457941
15227,98,1073,4,1532457992
15228,98,254,5,1532457413
15229,98,1078,3,1532457995
15230,98,1362,5,1532457767
15231,98,1364,4,1532457917
15232,98,1082,3,1532457779
15233,98,2135,5,1532457477
15234,98,2136,5,1532457746
15235,98,1368,4,1532457746
15236,98,1370,5,1532457752
15237,98,1085,4,1532457755
15238,98,1086,2,1532457748
15239,98,2848,2,1532457800
15240,98,1088,4,1532458398
15241,98,1391,5,1532457417
15242,98,3122,4,1532457987
15243,98,4027,5,1532457474
15244,98,3131,3,1532457961
15245,98,2138,4,1532457789
15246,98,2139,5,1532457913
15247,99,487,4,829827514
15248,99,494,4,829828005
15249,99,2164,4,829828005
15250,99,2544,4,829828005
15251,99,526,4,829828005
15252,99,464,5,829828005
15253,99,465,5,829828005
15254,99,530,2,829828005
15255,99,531,3,829828005
15256,99,11,5,829828005
15257,99,532,5,829828005
15258,99,533,5,829828006
15259,99,545,2,829828006
15260,99,547,1,829828007
15261,99,558,5,829828005
15262,99,2546,3,829828005
15263,99,2507,3,829828005
15264,99,14,5,829828005
15265,99,560,2,829828006
15266,99,561,5,829828006
15267,99,566,3,829828006
15268,99,569,5,829828006
15269,99,466,4,829828006
15270,99,571,4,829828006
15271,99,572,5,829828006
15272,99,2653,3,829828006
15273,99,468,4,829828006
15274,99,580,4,829828006
15275,99,583,5,829828006
15276,99,584,4,829828006
15277,99,585,3,829828006
15278,99,588,5,829828006
15279,99,589,5,829828006
15280,99,17,5,829828006
15281,99,594,1,829828007
15282,99,597,3,829828006
15283,99,18,2,829828007
15284,99,233,5,829828006
15285,99,1407,2,829828006
15286,99,19,5,829828007
15287,99,604,5,829828007
15288,99,605,5,829828007
15289,99,471,5,829828005
15290,99,20,5,829828005
15291,99,473,5,829828007
15292,99,2548,3,829828005
15293,99,630,4,829828005
15294,99,1414,2,829828005
15295,99,634,3,829828005
15296,99,635,2,829828005
15297,99,1158,4,829828007
15298,99,323,5,829828005
15299,99,34,4,829828005
15300,100,2,3,1100183804
15301,100,488,4,1100184041
15302,100,491,4,1100185959
15303,100,492,4,1100184147
15304,100,493,1,1100183757
15305,100,2431,4,1100184447
15306,100,505,4,1100185952
15307,100,2421,4,1100186732
15308,100,513,4,1100186731
15309,100,516,4,1100185961
15310,100,519,3,1100183809
15311,100,533,4,1100185915
15312,100,305,4,1100184420
15313,100,13,3,1100185924
15314,100,560,4,1100186737
15315,100,15,1,1100183797
15316,100,562,4,1100186727
15317,100,467,4,1100185932
15318,100,468,4,1100183734
15319,100,17,3,1100184820
15320,100,21,4,1100184829
15321,100,314,4,1100184145
15322,100,315,4,1100183774
15323,100,622,4,1100184047
15324,100,473,3,1100184352
15325,100,25,4,1100186564
15326,100,654,4,1100183808
15327,100,657,4,1100185928
15328,100,664,4,1100186554
15329,100,322,4,1100184295
15330,100,32,4,1100183810
15331,100,1158,4,1100185936
15332,100,671,4,1100184423
15333,100,33,4,1100184825
15334,100,34,4,1100184812
15335,100,480,3,1100183782
15336,100,481,4,1100184340
15337,100,2413,4,1100186552
15338,100,38,4,1100185920
15339,100,702,4,1100184279
15340,100,331,4,1100184112
15341,100,3694,4,1100184329
15342,100,265,4,1100184107
15343,100,2997,4,1100184150
15344,100,45,4,1100183748
15345,100,337,4,1100184140
15346,100,46,3,1100185889
15347,100,3280,4,1100184244
15348,100,1444,4,1100184156
15349,100,2665,4,1100186407
15350,100,863,4,1100185898
15351,100,1775,4,1100185894
15352,100,832,2,1100186356
15353,100,1162,4,1100184344
15354,100,3698,4,1100186403
15355,100,725,5,1100184137
15356,100,70,3,1100184059
15357,100,352,4,1100186395
15358,100,75,3,1100183731
15359,100,78,3,1100183794
15360,100,354,3,1100183792
15361,100,726,4,1100185896
15362,100,1454,3,1100186363
15363,100,85,3,1100184080
15364,100,86,4,1100185872
15365,100,3014,4,1100184258
15366,100,88,4,1100185868
15367,100,360,2,1100185857
15368,100,3706,4,1100184356
15369,100,1113,3,1100186342
15370,100,866,4,1100183745
15371,100,1474,4,1100184348
15372,100,2420,4,1100184077
15373,100,1476,4,1100185876
15374,100,1479,4,1100184416
15375,100,98,4,1100185854
15376,100,99,4,1100185861
15377,100,102,4,1100185878
15378,100,1009,3,1100184117
15379,100,834,3,1100184098
15380,100,2181,4,1100186254
15381,100,1114,4,1100184264
15382,100,110,4,1100184536
15383,100,730,3,1100183762
15384,100,3022,4,1100186251
15385,100,379,3,1100183784
15386,100,4175,5,1100186258
15387,100,1171,3,1100183740
15388,100,382,4,1100185874
15389,100,119,4,1100186255
15390,100,122,4,1100185865
15391,100,998,3,1100184827
15392,100,1564,3,1100184281
15393,100,3288,4,1100184300
15394,100,1583,4,1100186146
15395,100,1584,3,1100184085
15396,100,4176,4,1100186135
15397,100,147,4,1100184833
15398,100,148,4,1100186142
15399,100,1609,4,1100184087
15400,100,155,4,1100184250
15401,100,1614,5,1100186118
15402,100,1622,3,1100186104
15403,100,1624,4,1100186122
15404,100,163,4,1100184810
15405,100,1625,2,1100186111
15406,100,1627,4,1100186099
15407,100,732,4,1100184261
15408,100,400,3,1100183767
15409,100,1179,3,1100184816
15410,100,1643,2,1100277691
15411,100,181,3,1100184818
15412,100,1653,3,1100184831
15413,100,2595,4,1100186085
15414,100,4177,4,1100184414
15415,100,2601,4,1100186037
15416,100,2602,4,1100184332
15417,100,2690,4,1100186044
15418,100,1039,2,1100186048
15419,100,1791,4,1100184143
15420,100,1734,4,1100184302
15421,100,1015,4,1100186056
15422,100,1016,4,1100184808
15423,100,430,3,1100186007
15424,100,434,3,1100184091
15425,100,2616,5,1100184235
15426,100,1810,4,1100186004
15427,100,447,4,1100184518
15428,100,451,4,1100186012
15429,100,1146,3,1100186026
15430,100,1879,4,1100187132
15431,100,2647,3,1100187138
15432,100,748,4,1100186018
15433,100,755,4,1100184053
15434,100,1834,3,1100185970
15435,100,1842,3,1100184120
15436,100,4178,4,1100184334
15437,100,871,5,1100186982
15438,100,2772,4,1100186786
15439,100,766,4,1100185975
15440,100,3616,4,1100186774
15441,100,4179,4,1100184242
15442,100,876,4,1100185965
15443,100,4180,4,1100184338
15444,100,2963,4,1100186781
15445,100,879,3,1100184159
15446,100,887,4,1100184289
15447,100,783,4,1100186770
15448,101,13,4,968440895
15449,101,4181,4,968440983
15450,101,614,2,968443787
15451,101,619,2,968440698
15452,101,1430,3,968441058
15453,101,266,5,968440947
15454,101,67,4,968440828
15455,101,74,4,968440698
15456,101,367,5,968443804
15457,101,3598,5,968441029
15458,101,4182,3,968443714
15459,101,396,3,968441080
15460,101,154,5,968441198
15461,101,1609,4,968441198
15462,101,2577,3,968440895
15463,101,1115,2,968441120
15464,101,162,1,968440828
15465,101,163,3,968441120
15466,101,1010,3,968440914
15467,101,3293,4,968441171
15468,101,168,4,968441029
15469,101,2583,2,968441139
15470,101,399,5,968440947
15471,101,4154,4,968443749
15472,101,400,3,968440850
15473,101,179,4,968441171
15474,101,1003,3,968440874
15475,101,180,4,968441198
15476,101,2584,4,968442375
15477,101,1179,4,968440828
15478,101,1116,4,968440850
15479,101,401,5,968440983
15480,101,181,4,968441005
15481,101,1646,3,968440914
15482,101,1117,2,968441102
15483,101,402,4,968441198
15484,101,404,2,968440874
15485,101,2188,3,968442375
15486,101,185,4,968440828
15487,101,2189,4,968440874
15488,101,193,5,968440983
15489,101,198,5,968440850
15490,101,1671,2,968440874
15491,101,1183,4,968441198
15492,101,1787,4,968440983
15493,101,415,4,968441080
15494,101,1121,5,968441080
15495,101,416,4,968441005
15496,101,4183,3,968440828
15497,101,1691,4,968440914
15498,101,1693,4,968441120
15499,101,2511,4,968440850
15500,101,2603,4,968440874
15501,101,1710,1,968440719
15502,101,220,4,968441029
15503,101,738,1,968441102
15504,101,1015,4,968441029
15505,101,1187,4,968440720
15506,101,1757,2,968441080
15507,101,2207,4,968440698
15508,101,229,4,968443749
15509,102,2,5,840635033
15510,102,3,3,835877535
15511,102,292,3,835876107
15512,102,2164,3,835877570
15513,102,463,3,835876151
15514,102,4,5,835876045
15515,102,464,3,835875691
15516,102,465,3,835875790
15517,102,528,3,835876534
15518,102,530,3,835876194
15519,102,531,3,835875943
15520,102,11,3,835877307
15521,102,532,3,835875790
15522,102,1027,3,835876471
15523,102,1405,2,835876239
15524,102,541,3,835876384
15525,102,547,2,835876471
15526,102,13,5,835877270
15527,102,14,3,835875836
15528,102,561,3,835876272
15529,102,562,3,835877307
15530,102,466,3,835875992
15531,102,468,3,835876194
15532,102,585,4,835876045
15533,102,589,3,835876384
15534,102,17,5,835875691
15535,102,597,3,835876239
15536,102,233,4,835875836
15537,102,600,2,835877081
15538,102,471,4,835875790
15539,102,20,4,835875790
15540,102,609,3,835876384
15541,102,21,5,835876195
15542,102,472,4,835876151
15543,102,622,3,835876318
15544,102,473,3,835875691
15545,102,1414,3,835877190
15546,102,633,3,835876239
15547,102,634,3,835875943
15548,102,637,3,835876318
15549,102,639,4,835876151
15550,102,26,4,835875992
15551,102,475,4,835877535
15552,102,27,3,835876239
15553,102,28,4,835877244
15554,102,322,3,835877244
15555,102,665,1,835877588
15556,102,31,3,835877342
15557,102,32,4,835876272
15558,102,828,4,835877270
15559,102,323,4,835875790
15560,102,479,4,835876272
15561,102,33,4,835875690
15562,102,34,3,835875690
15563,102,35,4,835875943
15564,102,697,3,840635071
15565,103,1,4,1431954238
15566,103,482,4,1431957270
15567,103,484,4,1431957598
15568,103,491,5,1450982615
15569,103,2658,5,1431969228
15570,103,493,3,1431957278
15571,103,461,4,1431957104
15572,103,462,4,1431957252
15573,103,1401,3,1431957563
15574,103,5,4,1431955220
15575,103,503,4,1431968436
15576,103,6,3,1431957632
15577,103,7,4,1431969655
15578,103,519,4,1431957331
15579,103,1403,3,1431968291
15580,103,8,4,1431957016
15581,103,1094,4,1431957192
15582,103,464,4,1431957022
15583,103,528,3,1431957583
15584,103,12,4,1431957990
15585,103,16,4,1431954922
15586,103,581,4,1450982770
15587,103,17,5,1431954439
15588,103,598,4,1431957402
15589,103,233,5,1431954380
15590,103,604,4,1431957343
15591,103,471,3,1431957046
15592,103,21,4,1431954248
15593,103,472,3,1431957059
15594,103,23,3,1522172093
15595,103,621,3,1432087064
15596,103,474,4,1431957336
15597,103,27,4,1431954240
15598,103,319,4,1431970359
15599,103,661,3,1431968121
15600,103,29,3,1431954472
15601,103,322,3,1431957145
15602,103,1420,4,1431957297
15603,103,1158,5,1431957445
15604,103,828,4,1431957135
15605,103,33,4,1431957038
15606,103,35,5,1431954229
15607,103,324,3,1431957062
15608,103,36,4,1431957572
15609,103,37,4,1431957042
15610,103,674,3,1431968086
15611,103,39,4,1431957763
15612,103,723,3,1431954454
15613,103,1026,3,1431957452
15614,103,1430,3,1431957768
15615,103,701,3,1431969072
15616,103,1028,4,1431954477
15617,103,336,5,1431954433
15618,103,337,4,1431957405
15619,103,46,4,1477519255
15620,103,724,4,1431957200
15621,103,2395,4,1431954365
15622,103,2143,4,1431957809
15623,103,1770,4,1431970102
15624,103,1772,3,1431970006
15625,103,53,4,1431969093
15626,103,863,4,1431957550
15627,103,54,4,1431957926
15628,103,57,4,1431968181
15629,103,2667,4,1431969698
15630,103,1775,4,1431957547
15631,103,1162,4,1431957797
15632,103,721,3,1431970300
15633,103,61,4,1431957110
15634,103,344,5,1431957888
15635,103,63,4,1432086525
15636,103,266,3,1431968141
15637,103,348,4,1440773393
15638,103,1102,4,1431954401
15639,103,69,4,1431955078
15640,103,70,3,1431954492
15641,103,71,3,1431957032
15642,103,1103,5,1431954445
15643,103,72,5,1477364701
15644,103,73,4,1431957246
15645,103,74,3,1431957028
15646,103,75,5,1431954394
15647,103,1137,4,1431954396
15648,103,79,5,1477364699
15649,103,1138,5,1431957900
15650,103,1106,4,1432086587
15651,103,2901,4,1431968039
15652,103,1165,5,1431968899
15653,103,865,4,1431957381
15654,103,1107,4,1431957466
15655,103,84,4,1432137354
15656,103,2177,4,1431957950
15657,103,88,5,1431957456
15658,103,89,3,1431957628
15659,103,360,4,1431957401
15660,103,90,4,1431957092
15661,103,3000,4,1431957813
15662,103,3708,3,1431968438
15663,103,92,4,1431969973
15664,103,977,4,1431957585
15665,103,1468,3,1431957998
15666,103,2147,4,1431957264
15667,103,1475,4,1431957447
15668,103,364,4,1431957801
15669,103,1493,4,1431969305
15670,103,1496,4,1431969602
15671,103,728,3,1431957286
15672,103,729,4,1431957209
15673,103,1508,4,1431969969
15674,103,987,4,1431969376
15675,103,1511,3,1431969755
15676,103,234,4,1431957130
15677,103,1169,4,1431957716
15678,103,109,5,1432086520
15679,103,2091,4,1431968228
15680,103,1536,4,1431957966
15681,103,2401,4,1522172361
15682,103,116,5,1431957501
15683,103,1171,5,1440773613
15684,103,382,4,1431957248
15685,103,1543,4,1431957928
15686,103,1777,3,1431957566
15687,103,121,3,1522172366
15688,103,122,4,1431957058
15689,103,126,3,1431957358
15690,103,1778,3,1431970225
15691,103,128,4,1431957973
15692,103,272,3,1431957821
15693,103,1780,5,1431968251
15694,103,1561,4,1431970091
15695,103,132,4,1431968485
15696,103,2680,4,1431968113
15697,103,1572,4,1431958000
15698,103,141,3,1431957850
15699,103,142,4,1431957295
15700,103,1141,5,1431957424
15701,103,2184,5,1431968370
15702,103,147,4,1431957280
15703,103,1593,4,1431957820
15704,103,148,5,1440773468
15705,103,1599,4,1431968907
15706,103,3642,4,1431969123
15707,103,1609,5,1431957212
15708,103,1173,4,1431969127
15709,103,1174,4,1431969244
15710,103,1175,4,1431969339
15711,103,999,3,1522172157
15712,103,1614,5,1431968901
15713,103,2471,4,1431968208
15714,103,165,3,1431957659
15715,103,167,4,1431954260
15716,103,172,3,1431957094
15717,103,1640,2,1431969185
15718,103,1179,3,1431957231
15719,103,1643,3,1431957310
15720,103,401,4,1440773606
15721,103,181,3,1431957148
15722,103,1645,3,1431969711
15723,103,182,3,1431968046
15724,103,405,3,1431957320
15725,103,183,4,1431957304
15726,103,1653,5,1431957623
15727,103,1180,5,1431957241
15728,103,1181,4,1431968489
15729,103,1182,5,1431968351
15730,103,193,5,1431954432
15731,103,198,5,1462084162
15732,103,200,4,1431969476
15733,103,1183,4,1431957609
15734,103,1685,4,1431969097
15735,103,415,5,1477364736
15736,103,1121,4,1431968191
15737,103,206,4,1431957558
15738,103,216,3,1431968936
15739,103,3506,5,1431969791
15740,103,423,4,1440773438
15741,103,1041,4,1431968148
15742,103,2606,4,1431957993
15743,103,1004,4,1431970335
15744,103,223,4,1431957804
15745,103,1145,5,1431969554
15746,103,843,5,1431969685
15747,103,1187,4,1431957391
15748,103,278,5,1431957513
15749,103,1800,3,1431969057
15750,103,433,4,1431968260
15751,103,1022,4,1431957351
15752,103,1803,3,1431969168
15753,103,1804,5,1431968894
15754,103,437,5,1431957315
15755,103,1023,3,1431968312
15756,103,445,5,1431954594
15757,103,1811,2,1431969802
15758,103,4092,3,1522172173
15759,103,1191,5,1431957877
15760,103,745,3,1431957080
15761,103,3319,3,1431970057
15762,103,1877,4,1431969595
15763,103,3321,4,1522172168
15764,103,1824,4,1431968881
15765,103,1195,3,1431968287
15766,103,1829,5,1440773368
15767,103,4184,5,1431970392
15768,103,457,5,1431969702
15769,103,752,3,1431957215
15770,103,458,2,1431957373
15771,103,1126,5,1431954565
15772,103,754,4,1431955231
15773,103,2220,4,1431957891
15774,103,1835,4,1431970322
15775,103,1837,4,1431970148
15776,103,756,3,1431957737
15777,103,757,3,1431957240
15778,103,758,3,1431957388
15779,103,1845,4,1431968885
15780,103,3328,4,1431969562
15781,103,763,4,1431954589
15782,103,1202,3,1431957703
15783,103,2046,4,1448753463
15784,103,2772,4,1431969397
15785,103,764,2,1431957518
15786,103,765,3,1431970503
15787,103,857,5,1431968450
15788,103,1147,5,1431954407
15789,103,1209,3,1431957980
15790,103,876,3,1431957229
15791,103,1211,4,1431970115
15792,103,770,3,1431969444
15793,103,771,4,1431957197
15794,103,2237,4,1431969414
15795,103,2047,5,1431957425
15796,103,1148,4,1431968165
15797,103,2963,4,1477364928
15798,103,235,4,1431957262
15799,103,3195,5,1431969576
15800,103,2245,4,1431970073
15801,103,775,4,1431955214
15802,103,1130,4,1431957254
15803,103,4185,3,1477364901
15804,103,1048,5,1431970574
15805,103,779,3,1431957504
15806,103,780,2,1431957616
15807,103,3146,5,1431968854
15808,103,783,3,1431957433
15809,103,1227,4,1431969308
15810,103,3351,4,1431970127
15811,103,1230,4,1431969278
15812,103,795,3,1431957306
15813,103,797,4,1431968494
15814,103,798,3,1431969469
15815,103,3073,3,1431970170
15816,103,1237,3,1431968286
15817,103,1150,4,1431969137
15818,103,809,2,1431957697
15819,103,810,4,1431957328
15820,103,2052,4,1431970451
15821,103,2127,3,1431957935
15822,103,1246,4,1431969626
15823,103,1247,3,1440773482
15824,103,1894,4,1431957906
15825,103,897,4,1431968863
15826,103,1895,3,1431968361
15827,103,2300,4,1431969086
15828,103,818,3,1431969581
15829,103,1255,4,1431957916
15830,103,2311,4,1431969676
15831,103,238,4,1522172129
15832,103,1052,4,1431957780
15833,103,1053,4,1431954362
15834,103,4186,3,1477364912
15835,103,1264,4,1431969172
15836,103,2519,2,1431968897
15837,103,1272,5,1431969406
15838,103,2059,4,1431957871
15839,103,904,3,1431957829
15840,103,1276,4,1431970089
15841,103,2061,4,1477364740
15842,103,4187,3,1431956974
15843,103,239,5,1431954562
15844,103,2351,4,1440773176
15845,103,4188,3,1431956316
15846,103,4189,4,1431955536
15847,103,1055,1,1431957691
15848,103,1282,2,1431969635
15849,103,1283,3,1431969490
15850,103,1284,3,1431955306
15851,103,1056,4,1431955134
15852,103,3808,2,1431956747
15853,103,240,4,1431955403
15854,103,2064,4,1477364893
15855,103,4190,4,1431956239
15856,103,3445,3,1431955515
15857,103,4191,1,1431956615
15858,103,1058,5,1522172064
15859,103,4192,3,1431955687
15860,103,4193,3,1431956250
15861,103,4194,2,1431955821
15862,103,241,5,1440990360
15863,103,916,3,1431954988
15864,103,1297,4,1431968235
15865,103,4195,4,1522172162
15866,103,918,1,1431969586
15867,103,4196,4,1431956125
15868,103,4173,3,1431955479
15869,103,3520,4,1431955348
15870,103,924,2,1431955494
15871,103,1922,4,1431955337
15872,103,927,3,1431957882
15873,103,928,4,1431969047
15874,103,3826,2,1431956245
15875,103,3831,2,1431956382
15876,103,1308,3,1431970351
15877,103,4197,3,1431956434
15878,103,4198,0,1431956137
15879,103,1313,0,1431969639
15880,103,1314,2,1440773258
15881,103,1134,3,1431968941
15882,103,931,2,1431955587
15883,103,932,4,1431955281
15884,103,245,4,1431957494
15885,103,1928,3,1431955808
15886,103,4199,2,1431956868
15887,103,1153,4,1431969220
15888,103,4200,4,1431956719
15889,103,4201,3,1431956446
15890,103,4202,4,1431956024
15891,103,4203,4,1431956042
15892,103,1934,2,1431969741
15893,103,1154,5,1462084167
15894,103,3842,3,1431956278
15895,103,3847,4,1431955459
15896,103,2818,2,1431956261
15897,103,4204,3,1431956891
15898,103,3851,3,1431955754
15899,103,4205,3,1431956596
15900,103,2132,4,1477519404
15901,103,4206,3,1431956477
15902,103,941,3,1431955580
15903,103,4207,3,1431956837
15904,103,1939,2,1431969679
15905,103,1941,3,1431955319
15906,103,943,3,1431955378
15907,103,3487,4,1431955558
15908,103,3095,4,1431955333
15909,103,1067,3,1431969271
15910,103,249,4,1431955564
15911,103,2820,4,1431956311
15912,103,3097,4,1431955383
15913,103,4208,4,1431956407
15914,103,4209,4,1431956061
15915,103,1068,3,1431970014
15916,103,250,4,1431969361
15917,103,1334,4,1431955325
15918,103,4210,3,1431956017
15919,103,4211,1,1431956774
15920,103,4212,3,1431955827
15921,103,951,4,1431970406
15922,103,4213,4,1477364754
15923,103,252,4,1431955015
15924,103,4214,3,1431954625
15925,103,1970,4,1431955066
15926,103,4215,3,1477364924
15927,103,962,4,1432086538
15928,103,254,4,1431955250
15929,103,1991,4,1440773645
15930,103,1077,4,1431955249
15931,103,4216,4,1477364747
15932,103,2001,4,1440773703
15933,103,258,4,1431970494
15934,103,1081,2,1477364372
15935,103,4217,1,1440773794
15936,103,1086,3,1440773774
15937,103,4218,5,1440773409
15938,103,2023,3,1440773846
15939,103,2744,4,1440773817
15940,103,1379,5,1477364363
15941,103,3122,3,1522172079
15942,104,482,3,1114809641
15943,104,487,3,1048595683
15944,104,260,4,1049135743
15945,104,463,4,1048587379
15946,104,4,0,1053336550
15947,104,511,3,1048795372
15948,104,520,4,1048595377
15949,104,8,1,1090595910
15950,104,16,3,1049044730
15951,104,589,4,1110558303
15952,104,310,4,1048587404
15953,104,21,4,1048586269
15954,104,314,5,1048587390
15955,104,616,3,1136331301
15956,104,472,4,1048589315
15957,104,23,3,1048587616
15958,104,473,3,1090595885
15959,104,2552,1,1055630122
15960,104,643,3,1146222486
15961,104,644,3,1053336519
15962,104,2426,4,1238111129
15963,104,28,3,1048587670
15964,104,476,3,1098565936
15965,104,29,4,1053336374
15966,104,662,3,1048587682
15967,104,322,4,1048587616
15968,104,828,3,1048595309
15969,104,323,4,1048589315
15970,104,34,3,1113078373
15971,104,480,4,1048590891
15972,104,324,5,1048589291
15973,104,481,4,1048590395
15974,104,37,4,1292698035
15975,104,674,3,1048589218
15976,104,1425,3,1048787617
15977,104,685,3,1048589254
15978,104,41,3,1049205396
15979,104,1428,2,1293832255
15980,104,1097,5,1048587333
15981,104,43,4,1048595468
15982,104,693,3,1048589315
15983,104,701,3,1294417428
15984,104,702,4,1049291806
15985,104,1028,1,1055630130
15986,104,3728,4,1048589829
15987,104,265,4,1048586285
15988,104,3730,3,1257078112
15989,104,45,3,1090595804
15990,104,2665,3,1053336487
15991,104,3731,3,1056228966
15992,104,4219,3,1161675732
15993,104,1774,4,1048590907
15994,104,864,3,1048590956
15995,104,68,4,1292699463
15996,104,1100,5,1048587333
15997,104,72,3,1048795254
15998,104,78,4,1053207006
15999,104,1105,4,1048587352
16000,104,726,4,1048586355
16001,104,865,4,1048595744
16002,104,2176,3,1048795314
16003,104,85,4,1048587352
16004,104,86,2,1048586355
16005,104,87,3,1048586355
16006,104,360,4,1048590877
16007,104,1467,3,1048794551
16008,104,1474,4,1053336368
16009,104,362,3,1048586375
16010,104,95,3,1050049986
16011,104,2563,3,1048587616
16012,104,99,2,1048590063
16013,104,1493,4,1051308383
16014,104,1494,4,1053336412
16015,104,102,3,1048586389
16016,104,366,4,1048587417
16017,104,1032,3,1048793980
16018,104,1114,4,1048795093
16019,104,1508,3,1048589328
16020,104,2398,4,1053207018
16021,104,110,3,1053336503
16022,104,4220,2,1079946599
16023,104,990,2,1048595156
16024,104,380,4,1048590891
16025,104,2906,0,1053336552
16026,104,1553,3,1048793884
16027,104,128,4,1048590907
16028,104,272,3,1356553966
16029,104,1035,4,1048589254
16030,104,2679,3,1049044431
16031,104,1572,3,1136331316
16032,104,1574,2,1049135578
16033,104,1593,3,1048589315
16034,104,838,3,1048590877
16035,104,4221,3,1165481857
16036,104,1601,4,1048589315
16037,104,1609,3,1048587333
16038,104,1614,2,1136331431
16039,104,274,4,1053336380
16040,104,160,3,1048794772
16041,104,1000,3,1048590689
16042,104,163,3,1115412831
16043,104,4222,2,1101152649
16044,104,1001,5,1048586179
16045,104,1002,4,1056228899
16046,104,1635,3,1048595577
16047,104,172,3,1049044730
16048,104,732,5,1049044657
16049,104,400,3,1048590064
16050,104,2472,4,1090595943
16051,104,179,4,1078080941
16052,104,734,2,1048589904
16053,104,1865,4,1048590425
16054,104,1648,4,1048590956
16055,104,2490,3,1048794930
16056,104,2587,3,1048794930
16057,104,4223,3,1049103610
16058,104,195,4,1048589254
16059,104,199,4,1048589966
16060,104,200,4,1048589218
16061,104,412,4,1048587390
16062,104,4224,3,1123111563
16063,104,416,4,1062578622
16064,104,209,4,1048587596
16065,104,4225,2,1048586873
16066,104,422,4,1048586788
16067,104,218,3,1053336440
16068,104,223,3,1146222433
16069,104,3305,3,1257078093
16070,104,4226,2,1048586776
16071,104,4227,3,1345204971
16072,104,1187,4,1065511589
16073,104,2714,3,1377129899
16074,104,430,3,1345204917
16075,104,741,3,1062578084
16076,104,1803,4,1048586684
16077,104,743,3,1053336498
16078,104,1806,3,1325159242
16079,104,3312,4,1061389919
16080,104,445,4,1301182957
16081,104,447,4,1048586848
16082,104,2942,3,1053336453
16083,104,1813,3,1095373264
16084,104,745,4,1053336418
16085,104,451,5,1048586839
16086,104,868,4,1048590506
16087,104,4228,4,1048590374
16088,104,3320,3,1048590577
16089,104,454,2,1146222329
16090,104,4229,4,1048787768
16091,104,4230,3,1078081284
16092,104,749,4,1048590523
16093,104,4231,3,1082714338
16094,104,455,4,1048586588
16095,104,752,4,1048586617
16096,104,458,4,1053336345
16097,104,4232,3,1048590967
16098,104,4233,2,1079946642
16099,104,753,3,1416241898
16100,104,1126,5,1048586531
16101,104,754,3,1048586475
16102,104,1834,3,1129242175
16103,104,756,3,1071746233
16104,104,3648,3,1048590485
16105,104,1842,4,1048587103
16106,104,757,3,1101152665
16107,104,4178,4,1101152684
16108,104,4234,3,1050598939
16109,104,848,2,1048590064
16110,104,2702,4,1146222529
16111,104,3329,3,1146222498
16112,104,2227,1,1095373281
16113,104,763,4,1087721492
16114,104,1882,2,1371162646
16115,104,764,4,1053336400
16116,104,765,4,1048586462
16117,104,873,3,1146222373
16118,104,767,5,1048586982
16119,104,4235,3,1189089748
16120,104,4236,2,1048591010
16121,104,4237,4,1048587050
16122,104,4238,3,1048586218
16123,104,3189,2,1299097827
16124,104,3191,4,1113078164
16125,104,285,4,1048587200
16126,104,4168,4,1076898313
16127,104,876,4,1068925612
16128,104,877,3,1090595701
16129,104,771,3,1161675780
16130,104,4239,4,1060454905
16131,104,3662,4,1071746249
16132,104,2047,3,1161675752
16133,104,2107,3,1355593950
16134,104,2963,3,1294099837
16135,104,878,4,1068925595
16136,104,3262,2,1076898243
16137,104,4240,5,1076898196
16138,104,4241,3,1076898203
16139,104,4242,4,1292699703
16140,104,776,4,1074960132
16141,104,3756,4,1247007805
16142,104,3344,3,1123111555
16143,104,1130,2,1200096885
16144,104,884,3,1189089731
16145,104,4243,3,1325159204
16146,104,779,4,1292699503
16147,104,780,4,1087721472
16148,104,888,4,1377184795
16149,104,783,3,1136331284
16150,104,4244,2,1337121520
16151,104,4245,3,1090595771
16152,104,788,3,1292698099
16153,104,3353,3,1097062455
16154,104,795,4,1101152609
16155,104,798,4,1205534639
16156,104,4246,3,1257078081
16157,104,3073,2,1131231485
16158,104,1237,4,1129242195
16159,104,4247,3,1238331147
16160,104,1239,4,1294441573
16161,104,1240,3,1231167741
16162,104,1246,3,1357584407
16163,104,1248,5,1130609197
16164,104,1894,4,1136331474
16165,104,1895,4,1219930219
16166,104,3375,3,1292713922
16167,104,4248,4,1165920392
16168,104,1256,4,1293984190
16169,104,2312,4,1325962571
16170,104,1901,4,1416241932
16171,104,1052,4,1294573596
16172,104,826,4,1356553985
16173,104,1053,3,1193686193
16174,104,3403,4,1299188638
16175,104,2979,3,1199053725
16176,104,3407,4,1231167773
16177,104,1906,3,1292699507
16178,104,1264,3,1357584303
16179,104,4249,3,1313833961
16180,104,2519,4,1189089397
16181,104,3154,4,1355729646
16182,104,4250,3,1357855880
16183,104,3415,4,1371162628
16184,104,2060,4,1199053741
16185,104,904,4,1411775508
16186,104,1909,3,1332630156
16187,104,905,3,1325159191
16188,104,3080,3,1357584330
16189,104,909,4,1219930232
16190,104,916,4,1377129926
16191,104,4251,2,1351210057
16192,104,926,3,1351209937
16193,104,927,3,1292698887
16194,104,928,3,1292699792
16195,104,1308,3,1292698386
16196,104,1926,4,1416242008
16197,104,1312,4,1332630171
16198,104,1318,3,1377129885
16199,104,933,4,1332630178
16200,104,4252,4,1293920621
16201,104,1934,4,1377184813
16202,104,935,4,1352760302
16203,104,936,4,1351209920
16204,104,4253,2,1352760286
16205,104,3160,4,1325800092
16206,104,3161,4,1351210078
16207,104,1068,4,1347613115
16208,104,4254,3,1351209968
16209,104,4255,3,1357584388
16210,104,4256,4,1351210102
16211,104,4257,4,1351210039
16212,104,948,2,1416241957
16213,104,1980,3,1411775477
16214,104,1995,4,1411775490
16215,105,3,4,1446773632
16216,105,491,4,1446749417
16217,105,293,3,1446571805
16218,105,4,5,1446571714
16219,105,5,5,1446571713
16220,105,8,3,1446571835
16221,105,1094,4,1446571897
16222,105,4258,4,1446610221
16223,105,304,4,1447579944
16224,105,16,4,1446572093
16225,105,589,5,1446571797
16226,105,17,5,1446571768
16227,105,2508,5,1446572004
16228,105,2434,4,1446572181
16229,105,2435,4,1446572583
16230,105,233,5,1446571534
16231,105,21,3,1446572081
16232,105,1156,4,1447574282
16233,105,29,3,1446571560
16234,105,1095,4,1446571848
16235,105,479,4,1446571832
16236,105,35,4,1446571795
16237,105,37,4,1446571800
16238,105,4259,4,1447574325
16239,105,2172,4,1448196268
16240,105,723,4,1447574331
16241,105,1160,5,1447574041
16242,105,1028,5,1447574026
16243,105,1438,4,1447579797
16244,105,333,4,1447574553
16245,105,3729,4,1448195403
16246,105,2754,4,1447574396
16247,105,336,4,1447574048
16248,105,265,4,1448214363
16249,105,1441,4,1448214365
16250,105,831,4,1448195659
16251,105,46,4,1447574060
16252,105,724,4,1448214035
16253,105,3543,4,1447574054
16254,105,4260,4,1526207027
16255,105,63,5,1447586269
16256,105,4261,4,1448195945
16257,105,3499,4,1447574093
16258,105,4262,4,1447574111
16259,105,1102,4,1447574045
16260,105,71,4,1448196223
16261,105,351,4,1447574317
16262,105,1103,4,1448168233
16263,105,352,4,1447574052
16264,105,72,5,1447574118
16265,105,1104,4,1448168239
16266,105,73,5,1448168140
16267,105,353,4,1447586844
16268,105,75,5,1447574024
16269,105,76,4,1448195676
16270,105,77,4,1447574141
16271,105,1137,4,1447574027
16272,105,79,4,1447574057
16273,105,354,5,1448196381
16274,105,1164,4,1448195899
16275,105,1106,4,1447579516
16276,105,2079,4,1447574144
16277,105,1139,4,1448196037
16278,105,2900,3,1447574462
16279,105,2081,3,1448196240
16280,105,2901,5,1447574383
16281,105,865,4,1447579678
16282,105,84,4,1448168145
16283,105,356,4,1447574023
16284,105,1108,4,1447574222
16285,105,268,4,1448168170
16286,105,85,4,1447579905
16287,105,357,4,1448189177
16288,105,269,3,1447586906
16289,105,2084,3,1448214289
16290,105,1112,5,1447574313
16291,105,2757,4,1447586830
16292,105,3000,4,1448195772
16293,105,4263,4,1448647819
16294,105,1476,4,1448214382
16295,105,2452,4,1448210342
16296,105,364,4,1447574276
16297,105,104,4,1447586598
16298,105,234,4,1448196395
16299,105,2089,4,1447586646
16300,105,383,4,1447574114
16301,105,122,5,1448213999
16302,105,384,4,1447586857
16303,105,4264,5,1526207246
16304,105,392,3,1446571537
16305,105,148,4,1446571577
16306,105,394,4,1448195464
16307,105,3548,4,1448214688
16308,105,4265,5,1448214504
16309,105,163,3,1446774070
16310,105,166,5,1446749398
16311,105,167,4,1446571567
16312,105,180,4,1447563114
16313,105,401,4,1448647872
16314,105,2685,4,1448195454
16315,105,402,4,1448196106
16316,105,406,5,1447411148
16317,105,185,5,1446749499
16318,105,2761,3,1447411285
16319,105,4266,4,1447574097
16320,105,193,5,1446571567
16321,105,3231,4,1448210475
16322,105,201,4,1447574389
16323,105,1183,4,1448196150
16324,105,3550,4,1447411266
16325,105,204,5,1447411440
16326,105,2197,4,1448210238
16327,105,1185,4,1448189171
16328,105,2511,4,1446749891
16329,105,1701,3,1446573522
16330,105,4267,4,1447411512
16331,105,3551,5,1447574090
16332,105,4268,4,1447411199
16333,105,1012,4,1446750467
16334,105,2763,4,1446618593
16335,105,1186,4,1446618508
16336,105,1041,3,1446573431
16337,105,220,4,1446573294
16338,105,4269,4,1448214503
16339,105,3042,2,1447538104
16340,105,221,3,1446749809
16341,105,738,4,1446573346
16342,105,4270,4,1446621883
16343,105,3044,5,1447574450
16344,105,4271,4,1446618647
16345,105,1145,3,1446621926
16346,105,4272,5,1448214505
16347,105,1015,3,1446573402
16348,105,843,4,1448213971
16349,105,4273,4,1446618693
16350,105,1187,3,1446573657
16351,105,1757,3,1446573449
16352,105,1016,3,1446573700
16353,105,1188,4,1446749768
16354,105,229,3,1446573299
16355,105,4274,3,1446773259
16356,105,3722,4,1447538138
16357,105,740,4,1446573473
16358,105,1797,3,1446749731
16359,105,278,4,1446573676
16360,105,431,4,1446573475
16361,105,2512,3,1446750055
16362,105,2715,4,1446749904
16363,105,741,3,1446573662
16364,105,2209,4,1446750738
16365,105,1800,4,1446573616
16366,105,432,4,1446573308
16367,105,2475,3,1447563510
16368,105,1022,5,1446573339
16369,105,3310,3,1446749935
16370,105,743,3,1446749771
16371,105,1043,5,1446573334
16372,105,3176,3,1446750340
16373,105,1805,3,1446573412
16374,105,437,0,1447537867
16375,105,3312,2,1446750052
16376,105,744,4,1446573494
16377,105,445,3,1446573297
16378,105,1191,4,1446621878
16379,105,1812,4,1446573457
16380,105,1813,3,1446749880
16381,105,745,4,1446573295
16382,105,451,3,1446573372
16383,105,746,4,1446573442
16384,105,4275,4,1448196310
16385,105,2214,4,1446750355
16386,105,1814,3,1446750448
16387,105,1816,3,1446750406
16388,105,1817,4,1446573515
16389,105,3643,3,1447563468
16390,105,3319,4,1446750677
16391,105,1823,3,1446573444
16392,105,1044,4,1446573400
16393,105,1194,3,1446750768
16394,105,1824,4,1446573574
16395,105,1825,4,1446573453
16396,105,4276,5,1526207223
16397,105,3323,3,1446750774
16398,105,1830,4,1446750019
16399,105,751,5,1446749868
16400,105,1125,5,1446573336
16401,105,752,3,1446573310
16402,105,2513,3,1446750321
16403,105,458,3,1446573345
16404,105,753,4,1446573318
16405,105,1126,4,1446573302
16406,105,2696,3,1447563232
16407,105,754,4,1446573293
16408,105,755,4,1446573323
16409,105,2220,4,1446573388
16410,105,1835,4,1447574038
16411,105,3182,4,1446773487
16412,105,1197,4,1448196076
16413,105,2697,3,1447563161
16414,105,2222,4,1446750777
16415,105,1839,3,1447538197
16416,105,756,4,1446573368
16417,105,1881,3,1446749962
16418,105,3184,4,1446572194
16419,105,1843,3,1447563020
16420,105,757,3,1446573322
16421,105,4277,4,1447579895
16422,105,758,4,1446573660
16423,105,1199,3,1446571985
16424,105,759,3,1446749722
16425,105,760,4,1446573393
16426,105,1847,3,1446773485
16427,105,761,3,1446572075
16428,105,848,4,1446573435
16429,105,849,3,1446749986
16430,105,2045,4,1446750540
16431,105,763,4,1446571759
16432,105,1203,4,1446573415
16433,105,3186,5,1446572484
16434,105,1127,3,1446572013
16435,105,1851,3,1446773223
16436,105,2125,4,1446773501
16437,105,2772,3,1446750482
16438,105,764,3,1446573675
16439,105,852,4,1446749917
16440,105,3187,3,1446572143
16441,105,4278,5,1446610761
16442,105,4279,5,1526208160
16443,105,1204,4,1446573518
16444,105,4280,4,1446622239
16445,105,765,4,1446571726
16446,105,857,4,1446571944
16447,105,1045,4,1446571864
16448,105,766,4,1446571824
16449,105,1206,4,1446572114
16450,105,1147,5,1446571750
16451,105,4281,5,1446773622
16452,105,3190,4,1448647899
16453,105,2233,4,1446750480
16454,105,3564,4,1448647907
16455,105,768,4,1446749737
16456,105,1128,4,1446572337
16457,105,769,4,1446573345
16458,105,1209,4,1446573407
16459,105,876,3,1446573311
16460,105,3332,3,1446750650
16461,105,4282,5,1446572504
16462,105,1046,4,1446573365
16463,105,1883,3,1446750047
16464,105,2235,3,1446573433
16465,105,771,4,1446573300
16466,105,3070,3,1446750344
16467,105,3661,3,1447563242
16468,105,2480,4,1447563266
16469,105,4283,3,1448214183
16470,105,2514,4,1446571977
16471,105,2047,3,1446572030
16472,105,4284,3,1446572512
16473,105,772,3,1446749758
16474,105,1148,4,1448647507
16475,105,235,4,1446571806
16476,105,1216,3,1447563154
16477,105,773,4,1446573710
16478,105,878,4,1446749778
16479,105,4285,4,1446572291
16480,105,3142,4,1446750329
16481,105,2778,3,1446572261
16482,105,2251,4,1446572431
16483,105,1129,4,1446572369
16484,105,774,3,1446571612
16485,105,1218,3,1446571917
16486,105,775,4,1446571717
16487,105,3571,4,1447563397
16488,105,2516,3,1446773489
16489,105,1047,4,1446571915
16490,105,1219,4,1447563525
16491,105,1220,3,1446750799
16492,105,2781,4,1446572021
16493,105,4286,4,1447563002
16494,105,1130,5,1446571724
16495,105,4287,5,1446773455
16496,105,2782,3,1446610518
16497,105,1048,4,1446571808
16498,105,777,4,1446750493
16499,105,886,3,1446749862
16500,105,2115,4,1448647629
16501,105,3205,5,1446572161
16502,105,4288,4,1446622146
16503,105,4289,4,1446574118
16504,105,4290,4,1446572822
16505,105,779,4,1446573683
16506,105,1226,3,1446750435
16507,105,780,4,1446573691
16508,105,2048,4,1446749788
16509,105,4291,4,1447537575
16510,105,887,4,1446610509
16511,105,888,3,1466024353
16512,105,783,3,1446749736
16513,105,4292,4,1446572158
16514,105,1227,3,1447563108
16515,105,1049,3,1446571621
16516,105,4293,4,1446618786
16517,105,784,3,1446610324
16518,105,3147,4,1446572486
16519,105,2266,3,1446571605
16520,105,1229,1,1447538047
16521,105,1230,3,1446571860
16522,105,793,4,1446573619
16523,105,794,4,1446572532
16524,105,795,3,1446573326
16525,105,797,4,1446573545
16526,105,2518,4,1447538213
16527,105,799,4,1446749865
16528,105,4294,4,1447537728
16529,105,4295,4,1446573129
16530,105,4296,4,1446610414
16531,105,3763,3,1446573224
16532,105,3764,4,1446749639
16533,105,4297,4,1447579847
16534,105,4298,4,1448210552
16535,105,1890,4,1446619055
16536,105,4299,4,1446610558
16537,105,4300,3,1446618506
16538,105,3582,4,1446618617
16539,105,4301,5,1446573090
16540,105,4302,4,1446572709
16541,105,4303,5,1446618777
16542,105,4304,4,1446572250
16543,105,4305,4,1446573078
16544,105,3073,3,1447538161
16545,105,800,4,1446572644
16546,105,1132,5,1446571867
16547,105,4306,4,1446572246
16548,105,4307,4,1446572382
16549,105,4308,4,1446618893
16550,105,2050,4,1446572056
16551,105,891,4,1446572061
16552,105,1237,4,1446749803
16553,105,4309,4,1446572221
16554,105,801,4,1446572065
16555,105,1891,3,1446750009
16556,105,1150,4,1446573566
16557,105,893,4,1446750512
16558,105,2126,3,1446749995
16559,105,1238,5,1446618642
16560,105,807,4,1446571733
16561,105,2798,4,1446618662
16562,105,4310,5,1446610372
16563,105,2801,4,1446610827
16564,105,4311,3,1446774044
16565,105,808,3,1447562910
16566,105,809,4,1446573703
16567,105,1240,4,1446750675
16568,105,2288,4,1446750030
16569,105,810,4,1446572099
16570,105,812,3,1446749836
16571,105,3216,4,1446773466
16572,105,1241,3,1447538100
16573,105,813,3,1446749990
16574,105,2127,3,1446571627
16575,105,4312,4,1446610141
16576,105,4313,3,1447563513
16577,105,1244,4,1446571924
16578,105,1246,4,1446749985
16579,105,2292,5,1526207702
16580,105,1249,3,1446571935
16581,105,4314,4,1446619001
16582,105,2053,3,1446573636
16583,105,896,3,1446750684
16584,105,1894,3,1446571618
16585,105,1895,3,1446749814
16586,105,3374,3,1447563527
16587,105,4315,4,1446572696
16588,105,1250,4,1447538314
16589,105,1251,4,1446571719
16590,105,1253,3,1446571818
16591,105,1254,5,1446571852
16592,105,1897,4,1446573639
16593,105,817,4,1446573543
16594,105,818,4,1446750331
16595,105,3385,3,1446750657
16596,105,1255,4,1446571623
16597,105,1256,3,1446571955
16598,105,899,4,1446750049
16599,105,2128,3,1446571922
16600,105,3075,3,1446773247
16601,105,1050,4,1446773456
16602,105,2316,4,1446573460
16603,105,1133,3,1446571602
16604,105,238,5,1446571700
16605,105,1052,5,1446571710
16606,105,4316,4,1448647474
16607,105,824,4,1446573697
16608,105,825,4,1446773241
16609,105,2320,3,1446571902
16610,105,2984,4,1446572124
16611,105,1053,4,1446573385
16612,105,2326,3,1446749792
16613,105,1262,4,1446750537
16614,105,900,4,1446571609
16615,105,2056,5,1446750669
16616,105,3153,4,1446750652
16617,105,1906,4,1447563216
16618,105,1264,4,1446573586
16619,105,1907,4,1447538074
16620,105,2057,5,1447411231
16621,105,2335,4,1447563167
16622,105,2519,4,1446749833
16623,105,3154,3,1446749998
16624,105,1270,4,1446573622
16625,105,2987,4,1446773629
16626,105,2338,3,1466024366
16627,105,1272,5,1446572315
16628,105,3806,3,1446773215
16629,105,2344,4,1446572178
16630,105,1275,3,1446571938
16631,105,2059,3,1446571829
16632,105,2345,3,1447537518
16633,105,4317,4,1526207231
16634,105,2346,4,1447563590
16635,105,1054,4,1446750408
16636,105,904,3,1446573374
16637,105,1276,4,1446750654
16638,105,2061,4,1446572688
16639,105,4318,5,1526207441
16640,105,4319,4,1446572284
16641,105,1279,3,1446749884
16642,105,1910,3,1447563338
16643,105,4320,5,1446610286
16644,105,4321,2,1447535727
16645,105,239,3,1446571697
16646,105,2351,4,1446574452
16647,105,1055,3,1446571742
16648,105,1912,3,1446571747
16649,105,2354,3,1446572164
16650,105,1283,3,1446749910
16651,105,1056,5,1446573690
16652,105,3081,3,1446773508
16653,105,1286,3,1446573571
16654,105,4322,4,1446572263
16655,105,910,4,1447563482
16656,105,2366,3,1446572277
16657,105,2064,3,1446750001
16658,105,2377,4,1446571994
16659,105,2379,4,1447563575
16660,105,1916,4,1446572698
16661,105,912,4,1446750690
16662,105,4323,4,1447586806
16663,105,1057,4,1447563596
16664,105,913,3,1447562906
16665,105,1058,4,1446571899
16666,105,2383,4,1447411227
16667,105,1151,4,1446750027
16668,105,1290,4,1446571910
16669,105,914,3,1447563263
16670,105,4324,4,1446572420
16671,105,2990,4,1446572127
16672,105,2066,3,1446750714
16673,105,4325,3,1446572223
16674,105,1293,4,1446572430
16675,105,4326,4,1446618556
16676,105,241,4,1446571827
16677,105,1059,3,1446571906
16678,105,3085,4,1446574346
16679,105,916,3,1446571754
16680,105,1297,4,1446573427
16681,105,4327,5,1448647845
16682,105,4328,5,1448210557
16683,105,1921,4,1446574091
16684,105,4329,1,1447535451
16685,105,1060,5,1446573513
16686,105,918,4,1446749900
16687,105,1061,4,1446750380
16688,105,2525,4,1446572112
16689,105,242,4,1446749856
16690,105,1302,4,1446572395
16691,105,922,3,1446574065
16692,105,4330,4,1446573197
16693,105,3720,4,1446572736
16694,105,1922,4,1446773511
16695,105,927,4,1446571761
16696,105,928,5,1446573513
16697,105,4331,4,1446574063
16698,105,4332,4,1446622031
16699,105,243,5,1446571810
16700,105,4333,4,1446573115
16701,105,1308,4,1446750746
16702,105,4334,4,1526207946
16703,105,1926,5,1446573558
16704,105,1312,3,1446749887
16705,105,244,5,1446610793
16706,105,1313,3,1448698973
16707,105,1134,4,1446573503
16708,105,932,4,1446610448
16709,105,245,5,1446571569
16710,105,4335,4,1447574436
16711,105,3089,3,1446572508
16712,105,1318,4,1446750523
16713,105,4336,5,1526207580
16714,105,1153,4,1446571862
16715,105,2816,4,1446572068
16716,105,1932,3,1447563433
16717,105,1933,4,1446571912
16718,105,935,4,1446571722
16719,105,936,4,1446610230
16720,105,1154,4,1446572133
16721,105,3480,4,1446572622
16722,105,1064,4,1446750760
16723,105,4337,4,1446573186
16724,105,4338,4,1446621911
16725,105,1065,3,1447563459
16726,105,4339,3,1446572811
16727,105,1066,3,1446571766
16728,105,4340,4,1446572930
16729,105,2526,4,1446572374
16730,105,4341,4,1447411237
16731,105,4342,5,1448647783
16732,105,248,4,1526207720
16733,105,4343,4,1526207712
16734,105,3159,4,1446571951
16735,105,1326,4,1447574292
16736,105,2132,3,1446773459
16737,105,1939,4,1446749923
16738,105,1330,3,1446750702
16739,105,4344,4,1447537625
16740,105,4345,4,1446573197
16741,105,943,3,1446572309
16742,105,3095,3,1446572244
16743,105,1067,3,1446573513
16744,105,249,4,1446572614
16745,105,3096,4,1447563213
16746,105,3630,3,1447563417
16747,105,4346,3,1447579876
16748,105,1068,4,1446749940
16749,105,250,4,1446571703
16750,105,1334,4,1446750794
16751,105,251,4,1446571953
16752,105,945,5,1446571823
16753,105,3163,4,1526207715
16754,105,4347,4,1446574114
16755,105,1947,4,1447563112
16756,105,4257,2,1446572956
16757,105,3491,4,1446571998
16758,105,4348,5,1447410800
16759,105,4349,5,1446572743
16760,105,4350,4,1446572739
16761,105,4351,4,1446572593
16762,105,4352,5,1446572538
16763,105,3164,4,1446572640
16764,105,4353,4,1448000391
16765,105,4354,4,1447586495
16766,105,1338,4,1448189110
16767,105,2828,5,1446572580
16768,105,1070,4,1447538124
16769,105,2412,4,1448000525
16770,105,2531,5,1446572079
16771,105,2830,4,1446572197
16772,105,1340,4,1447563394
16773,105,2532,4,1447538228
16774,105,3165,4,1446571992
16775,105,4355,4,1526207111
16776,105,1343,4,1447538089
16777,105,252,4,1446571707
16778,105,4356,4,1446572586
16779,105,4357,3,1447563420
16780,105,4358,4,1446572398
16781,105,2533,4,1448687415
16782,105,4359,4,1526207190
16783,105,4360,4,1446610654
16784,105,2133,4,1447410950
16785,105,4361,4,1446573183
16786,105,4362,4,1446574109
16787,105,4363,4,1447579862
16788,105,3167,4,1526207800
16789,105,957,5,1446572423
16790,105,4364,5,1526207793
16791,105,1073,4,1447538114
16792,105,1352,4,1446572305
16793,105,2835,4,1446572314
16794,105,4365,5,1446773791
16795,105,1970,4,1446572552
16796,105,2736,4,1446572059
16797,105,1354,3,1446773232
16798,105,960,3,1447563589
16799,105,253,4,1446572166
16800,105,1975,4,1447516170
16801,105,1976,5,1446572055
16802,105,961,4,1446572703
16803,105,4366,4,1446610642
16804,105,4367,4,1526207117
16805,105,4368,4,1446574248
16806,105,4369,4,1446749658
16807,105,4370,4,1446572964
16808,105,4371,4,1448647827
16809,105,1981,3,1447563537
16810,105,4372,4,1448647811
16811,105,962,4,1446571895
16812,105,254,4,1446571650
16813,105,4373,5,1446572830
16814,105,4374,4,1447516176
16815,105,3107,3,1447563422
16816,105,4375,4,1446618478
16817,105,1076,3,1446571729
16818,105,964,4,1446610452
16819,105,1358,4,1446572001
16820,105,2538,4,1446572612
16821,105,1360,4,1447516183
16822,105,255,4,1446571942
16823,105,1077,4,1446572332
16824,105,1078,4,1446750017
16825,105,2539,4,1446572302
16826,105,1998,3,1446571658
16827,105,1999,4,1446572826
16828,105,4376,4,1446572972
16829,105,1362,4,1446571652
16830,105,2540,5,1526206932
16831,105,1364,4,1447580031
16832,105,4377,3,1446571659
16833,105,2004,3,1446573043
16834,105,4378,3,1447579841
16835,105,3114,4,1447580042
16836,105,4379,4,1526207345
16837,105,4380,4,1526207013
16838,105,4381,4,1447580057
16839,105,2006,3,1447563118
16840,105,967,4,1447580027
16841,105,4382,5,1526207544
16842,105,1080,4,1447580051
16843,105,4383,5,1526208288
16844,105,4384,4,1526208297
16845,105,258,4,1446572456
16846,105,1082,4,1466024382
16847,105,4385,4,1446573130
16848,105,4386,4,1446574318
16849,105,4387,5,1448214403
16850,105,3925,5,1447411223
16851,105,4388,4,1526207796
16852,105,4389,5,1526207655
16853,105,4390,5,1526207611
16854,105,4391,4,1447411141
16855,105,4392,5,1446621891
16856,105,4393,5,1446618937
16857,105,3950,4,1526207154
16858,105,4394,4,1526208028
16859,105,4395,4,1447579826
16860,105,4396,5,1526208073
16861,105,4397,5,1446610523
16862,105,2846,4,1446610801
16863,105,4398,4,1447410961
16864,105,4399,4,1447411191
16865,105,4400,4,1526207561
16866,105,4401,4,1447574669
16867,105,1086,4,1446571650
16868,105,4402,5,1526207433
16869,105,4403,5,1526208332
16870,105,2021,4,1447580030
16871,105,4404,5,1526207526
16872,105,4405,4,1526207048
16873,105,4406,5,1526207520
16874,105,4407,4,1526207286
16875,105,4408,5,1526207743
16876,105,4409,4,1526206975
16877,105,4410,4,1526207238
16878,105,3975,4,1526208235
16879,105,4411,4,1447411716
16880,105,4412,4,1446773905
16881,105,4413,5,1526207094
16882,105,4414,5,1526206951
16883,105,4415,5,1526207490
16884,105,4416,4,1448000401
16885,105,4417,5,1526207040
16886,105,4418,5,1526207354
16887,105,4419,4,1526207260
16888,105,4420,5,1526207037
16889,105,4421,5,1526207029
16890,105,4422,5,1526207948
16891,105,4423,5,1526207391
16892,105,4424,5,1526207403
16893,105,1380,5,1526206858
16894,105,4425,5,1526207987
16895,105,1089,4,1466024376
16896,105,4426,4,1526207741
16897,105,4427,2,1526208164
16898,105,4428,5,1526207290
16899,105,2747,5,1526206856
16900,105,4429,5,1526207463
16901,105,4430,5,1526207523
16902,105,4431,4,1526206894
16903,105,4432,5,1526207543
16904,105,2748,4,1526206935
16905,105,4433,5,1526208027
16906,105,4434,5,1526208204
16907,105,4435,5,1526208038
16908,105,4436,4,1526207357
16909,105,4437,5,1526207809
16910,105,2873,5,1526206853
16911,105,4438,5,1526206867
16912,105,2750,5,1526206897
16913,105,4439,5,1526207365
16914,105,4440,5,1526206863
16915,105,4441,5,1526206998
16916,105,4442,5,1526207575
16917,105,4443,5,1526207610
16918,105,4444,5,1526207514
16919,105,4445,5,1526208221
16920,105,4446,5,1526208125
16921,105,4447,4,1526207760
16922,105,4448,5,1526208041
16923,105,4449,5,1526207082
16924,105,4450,5,1526207151
16925,105,4451,4,1526206993
16926,105,4452,5,1526207164
16927,105,4453,5,1526207493
16928,105,4454,5,1526207135
16929,105,4455,5,1526208082
16930,105,4456,5,1526208157
16931,105,4457,5,1526207168
16932,105,4458,4,1526208173
16933,105,4459,5,1526208068
16934,105,4460,4,1526207160
16935,105,4461,4,1526207359
16936,105,4462,5,1526207351
16937,106,233,5,1489498472
16938,106,167,5,1467360688
16939,106,171,4,1467360753
16940,106,458,5,1467360453
16941,106,754,5,1467360286
16942,106,756,3,1467360466
16943,106,757,3,1467360748
16944,106,765,5,1467360288
16945,106,771,5,1467360730
16946,106,775,5,1467360283
16947,106,780,5,1467360422
16948,106,2126,2,1467360494
16949,106,1894,5,1467360423
16950,106,1895,3,1467360756
16951,106,1255,5,1467360760
16952,106,899,5,1484929568
16953,106,1264,5,1467360763
16954,106,1055,3,1467360729
16955,106,3080,3,1467360785
16956,106,1283,5,1467360438
16957,106,918,5,1467360420
16958,106,927,5,1467360456
16959,106,928,5,1467360745
16960,106,1311,3,1467360508
16961,106,1934,5,1467360419
16962,106,1066,3,1467360772
16963,106,1325,4,1467360481
16964,106,1327,4,1467360778
16965,106,1939,5,1467360720
16966,106,953,4,1467567463
16967,106,4463,5,1467567449
16968,106,959,5,1467360741
16969,106,1078,3,1467360714
16970,107,1,4,829322340
16971,107,482,5,829322340
16972,107,484,4,829322340
16973,107,488,5,829322340
16974,107,505,5,829322340
16975,107,519,3,829322340
16976,107,520,4,829322340
16977,107,8,5,832003811
16978,107,1094,4,832003891
16979,107,524,4,829322340
16980,107,525,5,829322340
16981,107,464,5,832003609
16982,107,465,3,832003644
16983,107,530,4,832003891
16984,107,531,4,832003700
16985,107,532,3,832003678
16986,107,540,4,832003754
16987,107,550,3,832003755
16988,107,14,3,832003701
16989,107,466,4,832003700
16990,107,468,4,832003845
16991,107,588,4,832003754
16992,107,17,3,832003609
16993,107,18,3,832003678
16994,107,598,4,832003891
16995,107,233,5,832003644
16996,107,600,3,832003678
16997,107,471,3,832003644
16998,107,20,4,832003644
16999,107,473,4,832003609
17000,107,474,3,832003845
17001,107,633,4,832003891
17002,107,634,3,832003700
17003,107,33,5,832003609
17004,108,496,4,1042838964
17005,108,2504,5,1042839636
17006,108,9,2,1042838877
17007,108,4464,4,1042840602
17008,108,645,4,1042838912
17009,108,27,4,1042838912
17010,108,654,3,1042841018
17011,108,657,4,1042840657
17012,108,320,5,1042839865
17013,108,1095,5,1042840111
17014,108,328,5,1042840740
17015,108,702,5,1042840302
17016,108,705,3,1042838964
17017,108,3543,3,1042839569
17018,108,343,5,1042840657
17019,108,833,2,1042839665
17020,108,66,5,1042840884
17021,108,2396,5,1042839907
17022,108,86,5,1042841018
17023,108,4465,5,1042840477
17024,108,988,4,1042838935
17025,108,731,2,1042840566
17026,108,3502,5,1042840682
17027,108,382,4,1042838877
17028,108,154,5,1042840227
17029,108,167,5,1042840183
17030,108,4466,4,1042840770
17031,108,409,3,1042839665
17032,108,190,3,1042841018
17033,108,1683,3,1042838877
17034,108,1791,3,1042841603
17035,108,1187,3,1042840627
17036,108,4467,5,1042840602
17037,108,3308,4,1042841746
17038,108,4468,1,1042841603
17039,108,437,5,1042841504
17040,108,443,4,1042841603
17041,108,4469,2,1042840682
17042,108,447,5,1042841626
17043,108,451,5,1042839946
17044,108,3317,5,1042841746
17045,108,3320,3,1042841782
17046,108,3323,3,1042841746
17047,108,1125,5,1042841559
17048,108,4470,3,1042838935
17049,108,1126,5,1042841603
17050,108,2717,4,1042841689
17051,108,4471,5,1042839833
17052,108,2952,4,1042841662
17053,108,754,3,1042839597
17054,108,4472,3,1042841689
17055,108,755,5,1042841603
17056,108,4473,4,1042841782
17057,108,4474,4,1042840627
17058,108,4475,3,1042841085
17059,108,4476,4,1042838912
17060,108,756,4,1042839273
17061,108,4477,5,1042839719
17062,108,4478,3,1042840682
17063,108,4479,4,1042841663
17064,108,757,5,1042841085
17065,108,758,3,1042839273
17066,108,4178,5,1042841716
17067,108,4480,5,1042839079
17068,108,759,5,1042839079
17069,108,4481,5,1042839079
17070,108,4482,3,1042841085
17071,108,762,2,1042839211
17072,108,2046,5,1042840264
17073,108,3559,5,1042839796
17074,108,4483,5,1042840085
17075,108,2231,5,1042840085
17076,108,765,3,1042839780
17077,108,766,5,1042839780
17078,108,3254,1,1042840859
17079,108,4484,4,1042840352
17080,109,3,3,841108665
17081,109,488,4,841108045
17082,109,3679,4,841109326
17083,109,491,4,841108751
17084,109,2658,3,841109921
17085,109,292,3,841107538
17086,109,496,5,841108589
17087,109,260,3,841108623
17088,109,293,4,841107643
17089,109,461,3,841107487
17090,109,462,5,841143673
17091,109,463,3,841107584
17092,109,294,3,841108914
17093,109,4,3,841107393
17094,109,5,4,841107584
17095,109,295,3,841109666
17096,109,505,5,841108564
17097,109,508,3,841151480
17098,109,519,2,842224863
17099,109,8,5,841106621
17100,109,2544,3,841109220
17101,109,523,3,841142066
17102,109,2545,3,841109781
17103,109,464,3,841106309
17104,109,9,4,841108346
17105,109,465,3,841106402
17106,109,3681,3,841109988
17107,109,531,3,841106509
17108,109,11,3,841108799
17109,109,532,3,841106402
17110,109,533,3,841108509
17111,109,1405,2,841107989
17112,109,2070,5,841109499
17113,109,3001,3,841109119
17114,109,12,2,841108967
17115,109,13,3,841108665
17116,109,559,3,841108877
17117,109,14,3,841106453
17118,109,4181,3,841109953
17119,109,15,3,841108410
17120,109,2425,3,841108799
17121,109,2433,4,842793725
17122,109,569,3,841108346
17123,109,466,3,841106550
17124,109,571,3,841108509
17125,109,468,3,841107725
17126,109,2071,3,841108751
17127,109,578,3,841108711
17128,109,4485,2,841275803
17129,109,585,5,841106621
17130,109,469,3,841189922
17131,109,17,5,841106309
17132,109,470,3,841107487
17133,109,597,2,841108045
17134,109,233,5,841106509
17135,109,309,3,841109187
17136,109,600,2,841106509
17137,109,471,2,841106402
17138,109,4486,4,841141700
17139,109,608,3,842744202
17140,109,312,3,841108835
17141,109,20,3,841106402
17142,109,611,3,841108564
17143,109,612,3,841109755
17144,109,613,3,841108665
17145,109,21,5,841106550
17146,109,314,4,841107725
17147,109,617,3,841109369
17148,109,472,3,841107487
17149,109,618,3,841151436
17150,109,23,3,841107487
17151,109,619,3,841108711
17152,109,620,3,841109144
17153,109,622,3,841107538
17154,109,473,3,841106309
17155,109,626,3,841109258
17156,109,474,3,841107393
17157,109,1415,3,841143258
17158,109,633,3,841107989
17159,109,636,2,841141958
17160,109,637,3,841107725
17161,109,1157,3,841108301
17162,109,639,3,841106621
17163,109,26,4,841106453
17164,109,475,3,841108346
17165,109,647,3,841109063
17166,109,27,3,841106621
17167,109,2169,3,841109838
17168,109,648,2,841108711
17169,109,650,3,841143195
17170,109,28,3,841107538
17171,109,2170,4,841275346
17172,109,2509,3,841109326
17173,109,659,3,841142032
17174,109,661,3,841109953
17175,109,29,3,841107643
17176,109,4487,3,841275665
17177,109,3220,3,841109643
17178,109,664,3,841141448
17179,109,665,3,841109119
17180,109,30,3,841109119
17181,109,1420,3,841108509
17182,109,32,5,841107923
17183,109,1158,4,841108564
17184,109,828,3,841107584
17185,109,671,3,841107643
17186,109,323,3,841106402
17187,109,479,3,841107487
17188,109,33,3,841107357
17189,109,34,4,841106309
17190,109,35,4,841106453
17191,109,481,3,841107643
17192,109,1422,3,841616485
17193,109,41,3,844079136
17194,109,1428,3,841142066
17195,109,1160,4,841441442
17196,109,43,3,841108877
17197,109,1431,3,841142141
17198,109,697,4,841109615
17199,109,2444,4,841189685
17200,109,706,3,841189749
17201,109,1772,3,841152134
17202,109,1161,3,841152033
17203,109,1448,3,841152071
17204,109,2446,3,841151934
17205,109,57,3,841152033
17206,109,2667,3,841152104
17207,110,4,4,1175330162
17208,110,8,3,1175329878
17209,110,1094,4,1175330211
17210,110,2546,1,1175329490
17211,110,306,3,1175329437
17212,110,17,4,1175330118
17213,110,621,1,1175329527
17214,110,29,4,1175330162
17215,110,1095,4,1175329865
17216,110,37,4,1175329957
17217,110,1160,3,1175330233
17218,110,2754,4,1175329520
17219,110,335,4,1175330185
17220,110,716,3,1175329574
17221,110,63,4,1175330137
17222,110,1102,4,1175330077
17223,110,71,3,1175330124
17224,110,73,4,1175329843
17225,110,79,4,1175329966
17226,110,1111,5,1175329928
17227,110,358,4,1175329680
17228,110,1112,4,1175329986
17229,110,990,1,1175329457
17230,110,122,3,1175330156
17231,110,3642,3,1175329510
17232,110,1615,1,1175329501
17233,110,1622,3,1175329589
17234,110,167,4,1175330041
17235,110,179,4,1175330145
17236,110,402,3,1175330177
17237,110,1650,4,1175329840
17238,110,185,4,1175329831
17239,110,193,4,1175329962
17240,110,2689,3,1175329720
17241,110,1186,3,1175330045
17242,110,4270,4,1175329983
17243,110,278,4,1175330135
17244,110,1022,3,1175330180
17245,110,457,4,1175329579
17246,110,1126,5,1175329835
17247,110,760,2,1175329445
17248,110,1147,4,1175329902
17249,110,4488,5,1175330140
17250,110,2720,3,1175329624
17251,110,2516,3,1175329735
17252,110,3205,4,1175330195
17253,110,4489,5,1175330106
17254,110,1132,4,1175330071
17255,110,4490,3,1175329885
17256,110,1256,3,1175330026
17257,110,2312,4,1175330121
17258,111,484,3,1517441319
17259,111,491,4,1518640768
17260,111,495,2,1518640854
17261,111,461,2,1516153818
17262,111,463,4,1516153474
17263,111,1401,3,1518640791
17264,111,506,3,1518640926
17265,111,519,3,1518640683
17266,111,526,4,1516155003
17267,111,538,2,1516154589
17268,111,1024,3,1518640862
17269,111,2424,3,1518640918
17270,111,233,4,1518640631
17271,111,599,2,1518640870
17272,111,21,5,1516140793
17273,111,472,3,1518661552
17274,111,474,4,1517441305
17275,111,27,2,1516140723
17276,111,28,4,1516156095
17277,111,1420,4,1518661412
17278,111,2501,2,1518640830
17279,111,323,4,1516156189
17280,111,35,0,1516140707
17281,111,324,3,1518661479
17282,111,481,4,1516154072
17283,111,40,2,1516156379
17284,111,688,4,1518640859
17285,111,1026,2,1518640784
17286,111,701,4,1518640907
17287,111,1161,4,1517441262
17288,111,863,4,1517441192
17289,111,57,3,1518661672
17290,111,1135,2,1516140654
17291,111,60,1,1518640833
17292,111,864,3,1516153967
17293,111,70,3,1516155000
17294,111,72,1,1516153663
17295,111,89,4,1518661649
17296,111,1468,2,1518640841
17297,111,1476,0,1518640778
17298,111,1485,3,1516156299
17299,111,2563,3,1518903920
17300,111,99,4,1518902690
17301,111,1168,2,1518640783
17302,111,1492,3,1518640828
17303,111,1493,3,1518640882
17304,111,1494,3,1516155051
17305,111,102,3,1516140709
17306,111,1496,3,1518903975
17307,111,107,0,1518640852
17308,111,108,2,1518640781
17309,111,729,4,1516156052
17310,111,1511,4,1518903976
17311,111,234,4,1518661708
17312,111,988,4,1518902680
17313,111,110,3,1516154997
17314,111,113,3,1518640856
17315,111,4491,4,1518812562
17316,111,2091,3,1516156140
17317,111,375,4,1517441190
17318,111,376,3,1518640826
17319,111,1534,3,1518640865
17320,111,119,2,1518661573
17321,111,128,3,1517440229
17322,111,1035,3,1518661792
17323,111,2680,4,1516156208
17324,111,3288,3,1516468579
17325,111,386,3,1517441355
17326,111,1575,3,1518640804
17327,111,142,4,1517441184
17328,111,1593,2,1518903905
17329,111,148,3,1516140740
17330,111,1599,3,1516156286
17331,111,1601,4,1516156241
17332,111,1615,2,1518640902
17333,111,4492,4,1516156222
17334,111,1000,4,1516156099
17335,111,1627,3,1516468535
17336,111,1010,4,1516153859
17337,111,167,0,1516140656
17338,111,1001,4,1516153699
17339,111,1002,4,1516155924
17340,111,171,3,1516140777
17341,111,400,3,1516156295
17342,111,1003,3,1518903909
17343,111,180,3,1516154511
17344,111,734,4,1518903902
17345,111,735,2,1517441464
17346,111,2684,4,1518904009
17347,111,185,4,1518902665
17348,111,188,3,1516140796
17349,111,1180,3,1517441254
17350,111,193,5,1516140759
17351,111,195,3,1517441437
17352,111,201,5,1516153898
17353,111,1121,4,1518903923
17354,111,416,3,1518902708
17355,111,2598,4,1516151963
17356,111,2599,4,1518903955
17357,111,277,2,1517695752
17358,111,208,3,1516156060
17359,111,209,5,1516156177
17360,111,1697,3,1517441281
17361,111,418,4,1516153866
17362,111,210,0,1516143870
17363,111,1185,5,1516153377
17364,111,1701,4,1516143339
17365,111,422,3,1516140880
17366,111,218,3,1516156038
17367,111,1041,3,1516140996
17368,111,221,3,1516141056
17369,111,2607,2,1516144087
17370,111,1757,3,1516143267
17371,111,1188,2,1516141003
17372,111,4274,1,1516144046
17373,111,1764,3,1516143948
17374,111,2496,2,1516144092
17375,111,867,4,1516143924
17376,111,429,4,1516143164
17377,111,1797,1,1516143175
17378,111,278,3,1516143165
17379,111,741,3,1516140878
17380,111,4493,1,1516144021
17381,111,2209,3,1516144010
17382,111,1800,3,1516141094
17383,111,1022,3,1519415306
17384,111,3310,3,1516141153
17385,111,1803,2,1516141085
17386,111,743,3,1516140994
17387,111,1805,3,1516143239
17388,111,1807,2,1516144048
17389,111,3311,4,1516152847
17390,111,3312,2,1516141205
17391,111,1023,0,1516141050
17392,111,3238,2,1516144223
17393,111,445,3,1516153842
17394,111,4494,2,1516151595
17395,111,446,3,1516143293
17396,111,447,4,1516140902
17397,111,4495,3,1516141686
17398,111,2940,2,1516151602
17399,111,1191,2,1516154010
17400,111,1812,3,1516141010
17401,111,1813,3,1516141092
17402,111,745,3,1516140840
17403,111,451,2,1516140952
17404,111,2943,2,1516151403
17405,111,1816,3,1516141042
17406,111,3319,0,1516141237
17407,111,868,3,1516140982
17408,111,3179,3,1516141239
17409,111,1878,3,1517441447
17410,111,4496,4,1516152350
17411,111,749,3,1516143978
17412,111,1823,2,1516141013
17413,111,1824,3,1516143868
17414,111,1195,3,1516141025
17415,111,1830,3,1516141201
17416,111,1125,4,1516140863
17417,111,752,3,1516140848
17418,111,2513,3,1516141155
17419,111,458,4,1516140868
17420,111,4497,4,1516153877
17421,111,753,4,1516140855
17422,111,2696,1,1516141433
17423,111,3644,5,1516152890
17424,111,755,4,1516140854
17425,111,4498,3,1516141691
17426,111,869,1,1516141826
17427,111,1838,4,1516141326
17428,111,756,3,1516140890
17429,111,2699,4,1516144182
17430,111,4499,3,1516152507
17431,111,1199,0,1516140860
17432,111,759,2,1516140766
17433,111,2477,3,1516144003
17434,111,848,3,1516141007
17435,111,4500,3,1516152705
17436,111,4501,3,1518640673
17437,111,2703,3,1516141186
17438,111,4502,3,1516153070
17439,111,871,3,1516141264
17440,111,1849,0,1516141121
17441,111,1851,5,1516141300
17442,111,2772,4,1516141116
17443,111,764,4,1516143170
17444,111,3651,4,1516153658
17445,111,4503,3,1516151924
17446,111,872,3,1516141463
17447,111,766,4,1516140866
17448,111,767,2,1516141015
17449,111,4504,4,1516468531
17450,111,3653,2,1516151650
17451,111,874,4,1516141181
17452,111,4281,3,1516144177
17453,111,3189,4,1516141123
17454,111,1207,3,1516141165
17455,111,1857,3,1516141385
17456,111,769,1,1519415307
17457,111,1209,3,1516140954
17458,111,876,4,1516140849
17459,111,4505,1,1516151600
17460,111,1883,3,1516143939
17461,111,771,3,1516140846
17462,111,1212,3,1516144001
17463,111,3071,3,1516141271
17464,111,3661,1,1516141365
17465,111,3259,3,1516141143
17466,111,3668,3,1516155078
17467,111,772,3,1516140966
17468,111,235,3,1516140851
17469,111,1216,0,1516141368
17470,111,3195,4,1516141112
17471,111,3196,4,1516156138
17472,111,3617,0,1516141689
17473,111,2245,0,1516141230
17474,111,2720,2,1516143997
17475,111,4506,4,1517440172
17476,111,1047,0,1516140916
17477,111,4507,3,1516141854
17478,111,883,4,1516223103
17479,111,1219,3,1516141388
17480,111,3269,3,1516143980
17481,111,3344,3,1516141379
17482,111,4286,0,1516141332
17483,111,1130,3,1516140853
17484,111,1222,3,1516141065
17485,111,1048,3,1516140862
17486,111,4508,3,1516144232
17487,111,885,4,1516143860
17488,111,779,2,1516140875
17489,111,1226,1,1516223109
17490,111,780,4,1516143167
17491,111,3146,3,1516141039
17492,111,782,4,1516141095
17493,111,4509,3,1516151474
17494,111,888,2,1516141086
17495,111,1227,4,1516141070
17496,111,3351,4,1516141222
17497,111,3760,3,1516152451
17498,111,1229,3,1516141151
17499,111,1230,3,1516141076
17500,111,793,0,1516141066
17501,111,795,1,1516140859
17502,111,890,3,1516141389
17503,111,798,3,1516143338
17504,111,799,4,1516141046
17505,111,3073,3,1516141220
17506,111,1237,1,1516141000
17507,111,1891,0,1516141135
17508,111,892,3,1516152602
17509,111,893,3,1516141090
17510,111,2126,3,1516140805
17511,111,4510,2,1516153275
17512,111,3366,3,1516152250
17513,111,1240,3,1516143912
17514,111,2983,4,1516155239
17515,111,895,3,1516140817
17516,111,810,2,1516140679
17517,111,1892,4,1516141022
17518,111,4511,2,1516152245
17519,111,4512,2,1516152767
17520,111,2127,3,1516140956
17521,111,4313,4,1516141458
17522,111,3780,5,1516152279
17523,111,1246,2,1516143882
17524,111,3600,0,1516141306
17525,111,1893,0,1516151910
17526,111,4513,4,1516152390
17527,111,1894,4,1516140892
17528,111,897,4,1516141060
17529,111,3375,3,1516152208
17530,111,4514,2,1516152645
17531,111,3786,3,1516154507
17532,111,3380,4,1516151822
17533,111,1250,3,1516143982
17534,111,4515,2,1516153280
17535,111,4516,0,1516151609
17536,111,1897,4,1516141057
17537,111,3384,3,1516151383
17538,111,2977,3,1516151592
17539,111,1898,3,1516141245
17540,111,3385,4,1516141101
17541,111,1255,3,1516140909
17542,111,3389,0,1516151720
17543,111,237,5,1516141334
17544,111,1899,3,1516143941
17545,111,3511,4,1516154933
17546,111,3512,3,1516151598
17547,111,2128,3,1516143261
17548,111,4517,4,1516152263
17549,111,1901,1,1516144057
17550,111,4518,5,1516153342
17551,111,2316,2,1516153506
17552,111,1133,3,1516223017
17553,111,238,4,1516140731
17554,111,3794,4,1516152919
17555,111,1052,4,1516143173
17556,111,826,4,1516141360
17557,111,4519,4,1516151901
17558,111,1902,0,1516152461
17559,111,1053,3,1516223064
17560,111,3079,0,1516141824
17561,111,3802,3,1516152194
17562,111,900,4,1516140798
17563,111,2328,3,1516144014
17564,111,2986,3,1516141425
17565,111,2056,3,1519339003
17566,111,1905,3,1516141088
17567,111,1906,2,1516144007
17568,111,1264,3,1516140807
17569,111,1907,3,1516141114
17570,111,3515,3,1516152382
17571,111,2057,3,1519339020
17572,111,2335,0,1516141317
17573,111,2710,2,1516141835
17574,111,2519,4,1516143242
17575,111,3409,4,1516151866
17576,111,4148,4,1516141857
17577,111,903,3,1516140675
17578,111,2058,4,1516141002
17579,111,4520,3,1516152883
17580,111,2987,3,1519339026
17581,111,4521,4,1516152641
17582,111,4522,2,1516153607
17583,111,1273,4,1519339024
17584,111,4523,3,1516152241
17585,111,1054,2,1516143236
17586,111,1276,3,1516141158
17587,111,1909,3,1516141286
17588,111,4524,2,1516152430
17589,111,905,2,1516144069
17590,111,3429,3,1517441450
17591,111,4525,3,1516152505
17592,111,239,4,1516140842
17593,111,1911,5,1516141157
17594,111,4189,3,1516151566
17595,111,4526,4,1518812619
17596,111,3437,4,1516152478
17597,111,1055,2,1516140680
17598,111,907,3,1516152760
17599,111,2522,2,1516151558
17600,111,1283,2,1516141029
17601,111,1056,3,1516140737
17602,111,3081,4,1516141234
17603,111,3082,3,1516141430
17604,111,240,5,1516141362
17605,111,2130,5,1516141215
17606,111,2131,3,1516141146
17607,111,911,3,1516152711
17608,111,4527,4,1516153844
17609,111,2064,2,1517441208
17610,111,3442,3,1516151658
17611,111,1287,3,1516141421
17612,111,4528,4,1516153863
17613,111,1288,4,1516140705
17614,111,4529,4,1516152703
17615,111,913,1,1516143943
17616,111,1917,3,1516153969
17617,111,1151,4,1516143910
17618,111,4192,4,1516152300
17619,111,2386,3,1516152206
17620,111,2524,2,1517441446
17621,111,4530,3,1516152447
17622,111,915,2,1516151398
17623,111,3450,3,1516141349
17624,111,1293,3,1519339011
17625,111,241,4,1516143172
17626,111,3085,4,1516141304
17627,111,916,4,1516139571
17628,111,1297,4,1516140914
17629,111,917,3,1516141323
17630,111,4531,4,1516152357
17631,111,918,4,1516140986
17632,111,919,3,1516151622
17633,111,4532,4,1518640625
17634,111,4533,3,1516154940
17635,111,1062,1,1516144107
17636,111,4534,0,1516152698
17637,111,242,3,1516140991
17638,111,4535,4,1516152773
17639,111,4536,3,1516141888
17640,111,3465,5,1516152757
17641,111,924,1,1516141802
17642,111,927,2,1516140751
17643,111,928,3,1516140967
17644,111,4537,2,1516152801
17645,111,3469,4,1516156122
17646,111,4538,2,1516152401
17647,111,243,3,1516143203
17648,111,4539,5,1516155906
17649,111,3472,3,1516152321
17650,111,3522,3,1516152501
17651,111,1310,4,1516141807
17652,111,1312,3,1516223101
17653,111,3523,3,1516151578
17654,111,4540,1,1516153265
17655,111,4541,5,1516151469
17656,111,931,1,1516141819
17657,111,932,3,1516141074
17658,111,245,4,1516140844
17659,111,1928,5,1516151917
17660,111,4542,3,1516155080
17661,111,1316,3,1516141839
17662,111,1318,3,1516141083
17663,111,4543,5,1516153440
17664,111,1930,3,1516152708
17665,111,1153,3,1516140981
17666,111,246,3,1516140726
17667,111,4202,5,1516153068
17668,111,1931,4,1516141256
17669,111,3841,3,1516151406
17670,111,1932,2,1516141247
17671,111,1933,3,1516140988
17672,111,1934,4,1516140989
17673,111,936,1,1516141132
17674,111,4544,1,1516152440
17675,111,3479,3,1517441249
17676,111,1321,3,1516156322
17677,111,1064,3,1518661690
17678,111,939,2,1516151579
17679,111,3481,3,1516141589
17680,111,4545,4,1516152852
17681,111,4546,5,1516153855
17682,111,3482,4,1517441181
17683,111,3483,3,1517441253
17684,111,3485,4,1516141359
17685,111,1327,3,1516141248
17686,111,3093,3,1516141354
17687,111,4547,3,1516155247
17688,111,3524,3,1516151619
17689,111,4548,5,1516156030
17690,111,4549,4,1516155233
17691,111,2528,4,1516141284
17692,111,1939,4,1516153598
17693,111,1940,3,1516144123
17694,111,3855,3,1516152915
17695,111,944,1,1516151718
17696,111,4550,4,1517441418
17697,111,250,3,1516140713
17698,111,1334,4,1516141098
17699,111,251,3,1516143873
17700,111,4551,3,1516155074
17701,111,4552,1,1516152647
17702,111,2827,3,1516152324
17703,111,4553,4,1519081475
17704,111,1945,5,1516141212
17705,111,4554,1,1516152515
17706,111,4555,4,1516151853
17707,111,1948,1,1516140763
17708,111,4556,4,1516154994
17709,111,1336,2,1516141259
17710,111,950,3,1516152203
17711,111,4557,4,1517441434
17712,111,3495,3,1516154908
17713,111,1337,3,1516152616
17714,111,1953,4,1516141427
17715,111,4558,4,1516155004
17716,111,4559,2,1516156129
17717,111,3870,3,1516153673
17718,111,1954,3,1516141188
17719,111,4560,5,1516153402
17720,111,954,1,1516152167
17721,111,4561,2,1516151605
17722,111,252,4,1516140887
17723,111,3872,3,1516153185
17724,111,4562,2,1517441307
17725,111,4563,4,1516154573
17726,111,3876,4,1516152911
17727,111,3877,4,1516154043
17728,111,4564,3,1516151905
17729,111,3100,4,1516141858
17730,111,2133,3,1516141346
17731,111,1956,4,1516152160
17732,111,3880,3,1516154009
17733,111,4565,3,1516153315
17734,111,1348,5,1516141204
17735,111,955,4,1516141319
17736,111,1961,3,1516152122
17737,111,1964,4,1516151997
17738,111,1967,4,1516141597
17739,111,4566,4,1516154964
17740,111,1351,2,1516151647
17741,111,4567,0,1517441300
17742,111,4568,5,1516153603
17743,111,1973,3,1516153846
17744,111,253,5,1516140978
17745,111,1974,3,1518640634
17746,111,1975,4,1516141922
17747,111,3105,2,1516151946
17748,111,1979,3,1518640638
17749,111,4569,3,1518812144
17750,111,3530,2,1517441274
17751,111,4570,4,1518812734
17752,111,4571,4,1516154905
17753,111,4572,0,1516156099
17754,111,1988,4,1516151714
17755,111,4573,2,1517441352
17756,111,1989,5,1516153480
17757,111,2536,2,1516144129
17758,111,1990,2,1516154972
17759,111,1993,4,1516141454
17760,111,4574,3,1516154961
17761,111,1077,4,1516143257
17762,111,3533,2,1516156057
17763,111,1078,4,1516143215
17764,111,3897,4,1516153690
17765,111,1079,4,1516141278
17766,111,1998,3,1516141049
17767,111,4575,2,1516152600
17768,111,2003,3,1516152290
17769,111,2004,3,1516156036
17770,111,4379,4,1517440309
17771,111,4576,4,1517441102
17772,111,2006,4,1516141867
17773,111,967,5,1516141107
17774,111,4577,4,1517441167
17775,111,2007,3,1516152412
17776,111,4578,4,1517440334
17777,111,4579,4,1517440588
17778,111,4580,3,1516155084
17779,111,258,4,1516143259
17780,111,2009,3,1516152736
17781,111,1367,3,1518661474
17782,111,1082,5,1516141018
17783,111,1368,4,1516140666
17784,111,4581,4,1516468597
17785,111,2010,4,1516153550
17786,111,4582,4,1517017782
17787,111,4583,4,1518812549
17788,111,4584,4,1517441199
17789,111,4585,4,1516156131
17790,111,4586,4,1517440338
17791,111,3538,5,1517440323
17792,111,4587,5,1516154005
17793,111,4588,3,1516156182
17794,111,3935,2,1516151775
17795,111,4589,2,1516156154
17796,111,4590,3,1517441246
17797,111,3938,4,1516152612
17798,111,3539,5,1516152809
17799,111,3944,4,1516156316
17800,111,2013,3,1516152351
17801,111,2014,5,1516151386
17802,111,2015,3,1516152201
17803,111,1086,2,1516140998
17804,111,4591,2,1516154900
17805,111,4592,4,1516152610
17806,111,4593,2,1516153517
17807,111,2017,4,1516141883
17808,111,2018,2,1516152286
17809,111,2019,3,1516151589
17810,111,2850,2,1516152695
17811,111,4594,1,1516154911
17812,111,4595,3,1518812095
17813,111,4596,2,1516156349
17814,111,4597,4,1516153520
17815,111,971,4,1516141864
17816,111,2744,4,1518640686
17817,111,4598,4,1516153547
17818,111,2862,1,1516152423
17819,111,4599,4,1517441257
17820,111,1379,5,1516141184
17821,111,4600,3,1516153652
17822,111,4601,4,1516153382
17823,111,3993,4,1517441156
17824,111,3541,4,1516153930
17825,111,1380,4,1516141804
17826,111,3542,4,1516153545
17827,111,1089,2,1516140736
17828,111,4602,4,1516156390
17829,111,4603,4,1516468503
17830,111,4604,2,1516153694
17831,111,4002,4,1516151381
17832,111,4605,3,1516153573
17833,111,4606,4,1516152764
17834,111,4607,2,1516153857
17835,111,1090,0,1516152353
17836,111,1386,4,1516141954
17837,111,4608,4,1517441228
17838,111,4609,4,1516153411
17839,111,4610,1,1516154500
17840,111,4611,3,1516154833
17841,111,4612,5,1516152850
17842,111,4613,4,1518812627
17843,111,4007,4,1516154665
17844,111,4614,4,1517441197
17845,111,3120,4,1516141918
17846,111,4615,4,1516153346
17847,111,4616,5,1516154577
17848,111,4617,4,1516154885
17849,111,4618,4,1516153304
17850,111,4619,4,1516154574
17851,111,4620,4,1517441316
17852,111,4621,0,1516156050
17853,111,4622,4,1518812112
17854,111,4623,4,1517439943
17855,111,4624,4,1516154513
17856,111,4625,4,1516151400
17857,111,2034,4,1516153370
17858,111,3121,0,1516141946
17859,111,4012,4,1516141949
17860,111,2035,4,1516153691
17861,111,4626,4,1516153933
17862,111,4627,3,1516468575
17863,111,4628,4,1516156395
17864,111,2036,4,1516141936
17865,111,4629,4,1517440858
17866,111,4630,4,1516153655
17867,111,4631,4,1517441031
17868,111,4632,4,1516154968
17869,111,4016,2,1516156268
17870,111,4633,4,1517440967
17871,111,4634,4,1516153478
17872,111,4635,3,1516153472
17873,111,4636,4,1516153444
17874,111,4637,4,1517440905
17875,111,4638,2,1517440937
17876,111,4639,3,1517440974
17877,111,4640,3,1517440869
17878,111,4641,4,1518812389
17879,111,4642,1,1517440909
17880,111,4643,4,1517440867
17881,111,4644,3,1517440199
17882,111,4645,3,1516156387
17883,111,4646,4,1516154838
17884,111,4647,2,1517440897
17885,111,4648,4,1517440969
17886,111,4649,3,1516153469
17887,111,4650,1,1517440862
17888,111,1395,4,1516154835
17889,111,4651,4,1517440844
17890,111,4652,3,1518812200
17891,111,4028,3,1516154871
17892,111,4653,4,1516155015
17893,111,4654,3,1518640589
17894,111,4655,4,1518661395
17895,111,4029,3,1517440756
17896,111,4656,1,1517440808
17897,111,4657,2,1517440686
17898,111,4658,2,1517440678
17899,111,4659,3,1517440660
17900,111,4660,3,1517440658
17901,111,4661,4,1517440654
17902,111,4662,3,1518640587
17903,111,4663,4,1518812074
17904,112,1,3,1442535639
17905,112,482,1,1513989948
17906,112,3,4,1513989933
17907,112,491,4,1513990003
17908,112,492,0,1513989967
17909,112,493,4,1513989970
17910,112,292,2,1513989975
17911,112,496,2,1513989973
17912,112,293,5,1442535842
17913,112,462,0,1513989966
17914,112,463,0,1513989927
17915,112,4,5,1442535846
17916,112,5,5,1442535839
17917,112,505,4,1513989987
17918,112,516,1,1513989977
17919,112,519,4,1513989997
17920,112,8,3,1442535826
17921,112,525,4,1513989961
17922,112,464,4,1442535835
17923,112,531,1,1513989954
17924,112,540,2,1513989947
17925,112,550,2,1513989909
17926,112,13,1,1513989951
17927,112,466,4,1513989915
17928,112,16,5,1442535777
17929,112,585,4,1513989961
17930,112,588,4,1513989930
17931,112,470,0,1513989999
17932,112,600,2,1513989925
17933,112,605,1,1513989982
17934,112,21,3,1442535627
17935,112,314,0,1513989921
17936,112,634,0,1513989941
17937,112,639,4,1513989944
17938,112,27,5,1442535631
17939,112,657,4,1513989990
17940,112,1420,3,1513989983
17941,112,35,4,1442535629
17942,112,1160,3,1513989917
17943,112,43,5,1442535837
17944,112,1431,1,1513989994
17945,112,69,5,1442535776
17946,112,71,5,1442535778
17947,112,74,5,1442535785
17948,112,86,4,1442535641
17949,112,1166,4,1513989988
17950,112,2420,4,1513989973
17951,112,731,5,1444606649
17952,112,122,5,1442535853
17953,112,167,5,1442535637
17954,112,204,5,1444606653
17955,112,1015,4,1513990140
17956,112,754,5,1442535783
17957,112,765,5,1442535787
17958,112,775,5,1442535781
17959,112,239,5,1442535780
17960,112,241,4,1518888241
17961,112,916,4,1518888237
17962,112,1061,3,1518888248
17963,112,927,4,1518888239
17964,112,245,4,1518888233
17965,112,250,5,1518888246
17966,112,252,4,1518888243
17967,112,254,5,1444606663
17968,112,1998,3,1444606676
17969,113,488,3,980051838
17970,113,496,1,980051660
17971,113,463,3,980051704
17972,113,501,3,980051838
17973,113,1402,2,980051988
17974,113,4664,1,980051522
17975,113,2421,3,980051922
17976,113,1094,4,980087884
17977,113,549,3,980051546
17978,113,305,4,980051734
17979,113,557,3,980051862
17980,113,16,4,980087884
17981,113,308,5,980051660
17982,113,589,5,980051638
17983,113,313,5,980051862
17984,113,21,4,980051894
17985,113,314,4,980051777
17986,113,650,3,980051499
17987,113,320,5,980051801
17988,113,322,3,980051961
17989,113,30,2,980051922
17990,113,2554,2,980051988
17991,113,671,3,980051938
17992,113,35,4,980051263
17993,113,481,4,980051777
17994,113,4665,3,980051988
17995,113,44,3,980051922
17996,113,702,4,980051757
17997,113,1028,4,980087838
17998,113,332,5,980306846
17999,113,1438,4,980307343
18000,113,333,5,980307343
18001,113,2754,4,980307093
18002,113,336,5,980307023
18003,113,1441,5,980306937
18004,113,2997,5,980306890
18005,113,3280,5,980306923
18006,113,1444,5,980306890
18007,113,48,5,980307023
18008,113,2143,5,980306890
18009,113,1771,5,980307165
18010,113,2899,5,980307201
18011,113,1773,3,980307261
18012,113,4666,2,980051894
18013,113,61,5,980087938
18014,113,342,3,980087902
18015,113,345,4,980307343
18016,113,346,5,980051638
18017,113,1451,4,980051459
18018,113,349,5,980051704
18019,113,1102,5,980087865
18020,113,1106,5,980087838
18021,113,2078,2,980307379
18022,113,2900,5,980087865
18023,113,2901,4,980306983
18024,113,865,4,980306846
18025,113,85,3,980051734
18026,113,1111,4,980307113
18027,113,89,4,980051320
18028,113,3705,4,980051421
18029,113,1462,4,980051961
18030,113,994,5,980051757
18031,113,1474,3,980306983
18032,113,2420,1,980051638
18033,113,2179,2,980307560
18034,113,364,3,980051341
18035,113,3018,5,980051894
18036,113,1494,4,980051922
18037,113,4667,2,980307560
18038,113,4668,4,980051480
18039,113,104,5,980307528
18040,113,1009,2,980051638
18041,113,1501,1,980307560
18042,113,1114,3,980051734
18043,113,3717,5,980051734
18044,113,988,4,980051838
18045,113,368,4,980051862
18046,113,4669,2,980051704
18047,113,110,4,980051838
18048,113,4670,3,980051757
18049,113,4671,4,980051961
18050,113,3022,5,980051704
18051,113,3059,4,980306890
18052,113,3501,4,980087938
18053,113,2905,4,980051368
18054,113,3024,5,980306846
18055,113,384,4,980307456
18056,113,272,5,980306890
18057,113,1564,4,980051801
18058,113,4672,5,980307093
18059,113,1782,5,980051522
18060,113,4673,3,980051734
18061,113,1172,4,980307343
18062,113,4674,4,980051801
18063,113,3290,1,980051894
18064,113,274,3,980051988
18065,113,4675,5,980307472
18066,113,398,5,980307560
18067,113,732,2,980051922
18068,113,1641,1,980051234
18069,113,1865,2,980051234
18070,113,4676,4,980307472
18071,113,2926,3,980307472
18072,113,4677,5,980307201
18073,113,405,1,980051368
18074,113,4678,1,980307560
18075,113,185,5,980051320
18076,113,4679,5,980306846
18077,113,2927,3,980051660
18078,113,411,3,980307528
18079,113,4680,5,980306983
18080,113,4681,2,980051988
18081,113,1120,2,980051704
18082,113,205,4,980307140
18083,113,4682,3,980051263
18084,113,4177,3,980306983
18085,113,4683,4,980307456
18086,113,4684,5,980307140
18087,113,3505,4,980087865
18088,113,2159,5,980307165
18089,113,3506,4,980307140
18090,113,1723,4,980307528
18091,113,3065,4,980087902
18092,113,3066,4,980087865
18093,113,4685,5,980051546
18094,113,4686,5,980307165
18095,113,1737,4,980087865
18096,113,2122,3,980051421
18097,113,1004,5,980306846
18098,113,3305,4,980051480
18099,113,1752,4,980307456
18100,113,843,4,980087838
18101,113,1795,1,980051459
18102,113,2611,2,980051565
18103,113,4687,5,980051421
18104,113,4688,3,980051546
18105,113,1190,4,980051421
18106,113,1875,3,980051522
18107,113,2616,5,980051421
18108,113,2617,5,980051421
18109,113,4689,4,980051499
18110,113,4690,4,980087736
18111,113,2619,1,980087736
18112,113,1876,3,980087736
18113,113,1808,3,980051234
18114,113,4090,1,980087693
18115,113,3313,1,980087663
18116,113,4157,4,980087663
18117,113,3177,3,980087663
18118,113,4691,2,980087663
18119,114,16,3,1485387458
18120,114,35,3,1485387708
18121,114,68,3,1485390580
18122,114,74,3,1485388367
18123,114,147,4,1485390946
18124,114,204,4,1485387728
18125,114,745,2,1485391393
18126,114,458,4,1485388146
18127,114,757,4,1485391411
18128,114,764,4,1485388209
18129,114,876,3,1485391404
18130,114,780,4,1485387906
18131,114,783,4,1485388167
18132,114,795,3,1485388105
18133,114,1894,3,1485388153
18134,114,2979,4,1485388542
18135,114,2519,4,1485388273
18136,114,1056,3,1485387711
18137,114,918,2,1485387886
18138,114,1318,3,1485387657
18139,114,1934,3,1485387866
18140,114,1939,2,1485387480
18141,114,949,0,1485388534
18142,114,253,4,1485388020
18143,114,258,3,1485388142
18144,114,1081,2,1485388121
18145,114,1082,3,1485387872
18146,114,4692,3,1485387585
18147,114,4693,5,1485387538
18148,114,1089,3,1485387499
18149,114,4694,3,1485387617
18150,115,292,4,970756771
18151,115,293,5,958574098
18152,115,461,2,957760059
18153,115,8,3,958574203
18154,115,521,2,970756534
18155,115,465,3,957647972
18156,115,545,4,957648436
18157,115,16,5,959800922
18158,115,17,5,944954937
18159,115,472,4,944950805
18160,115,315,4,944951378
18161,115,619,4,970839149
18162,115,473,1,957647313
18163,115,626,2,944951450
18164,115,26,4,970756771
18165,115,27,5,944953733
18166,115,4695,5,944951378
18167,115,32,5,944951378
18168,115,323,4,948322710
18169,115,479,5,958574098
18170,115,33,3,944951378
18171,115,34,5,957647972
18172,115,35,5,966978103
18173,115,480,3,944958085
18174,115,324,4,948322663
18175,115,1159,2,944953733
18176,115,42,1,957647314
18177,115,43,2,970838729
18178,115,45,4,944958086
18179,115,69,5,949126947
18180,115,71,4,944950887
18181,115,1029,5,959801035
18182,115,73,5,966978689
18183,115,79,5,944959028
18184,115,82,5,959801072
18185,115,4056,1,957759878
18186,115,357,5,944951378
18187,115,361,5,959800922
18188,115,1462,2,957648380
18189,115,93,1,959800666
18190,115,1473,5,944951378
18191,115,2147,5,959800946
18192,115,362,2,970838690
18193,115,1476,5,944952139
18194,115,1492,2,959800666
18195,115,1493,5,944953733
18196,115,102,4,944953431
18197,115,728,5,958574203
18198,115,1500,3,972251571
18199,115,104,4,944950887
18200,115,1501,4,957648208
18201,115,729,4,965425190
18202,115,1512,4,957647369
18203,115,988,4,957647634
18204,115,110,3,977610853
18205,115,376,5,948322710
18206,115,379,5,977610946
18207,115,992,3,944950739
18208,115,993,2,965425136
18209,115,122,5,944950805
18210,115,1573,4,963848471
18211,115,146,4,970423947
18212,115,1597,4,965425392
18213,115,4221,4,966977847
18214,115,1601,3,948322711
18215,115,1608,3,948322747
18216,115,1614,5,944958832
18217,115,157,2,957647396
18218,115,167,3,955845509
18219,115,171,4,944958662
18220,115,1640,3,948322663
18221,115,733,4,959800759
18222,115,1003,2,945304932
18223,115,180,4,957647531
18224,115,734,2,955845457
18225,115,1644,3,958345549
18226,115,1117,4,957647342
18227,115,402,3,957647483
18228,115,404,3,963848249
18229,115,4696,1,965425111
18230,115,3606,5,944950887
18231,115,1653,5,944950887
18232,115,2188,4,959800880
18233,115,185,1,959800667
18234,115,1661,4,963848350
18235,115,188,3,944953571
18236,115,408,5,970838955
18237,115,190,4,959801072
18238,115,195,5,957647602
18239,115,1670,3,963706776
18240,115,2157,5,970838871
18241,115,201,3,966977811
18242,115,1183,3,970423896
18243,115,736,5,948322663
18244,115,1689,4,948322397
18245,115,416,4,965425216
18246,115,1699,4,957648404
18247,115,210,4,963706826
18248,115,1701,4,970423833
18249,115,737,3,970838690
18250,115,1039,5,957648208
18251,115,424,5,970838955
18252,115,1042,5,972251868
18253,115,220,5,977610136
18254,115,1014,4,972251638
18255,115,223,5,970838852
18256,115,225,3,959800971
18257,115,1187,3,977610102
18258,115,1757,4,977610599
18259,115,1016,4,977610173
18260,115,1188,4,977610244
18261,115,229,5,977610040
18262,116,2,3,1337200325
18263,116,4,3,1337199584
18264,116,464,1,1337199701
18265,116,530,4,1337200317
18266,116,531,4,1337199965
18267,116,532,3,1337199802
18268,116,14,2,1337199840
18269,116,605,4,1337199980
18270,116,609,4,1337200251
18271,116,21,4,1337199672
18272,116,23,5,1337199834
18273,116,622,3,1337199774
18274,116,26,3,1337199695
18275,116,27,4,1337199676
18276,116,28,3,1337199829
18277,116,29,2,1337199734
18278,116,322,4,1337199887
18279,116,1095,5,1337199338
18280,116,828,3,1337199910
18281,116,479,4,1337199708
18282,116,33,4,1337199720
18283,116,35,2,1337199284
18284,116,481,4,1337199369
18285,116,42,4,1337199815
18286,116,43,2,1337199715
18287,116,1028,1,1337199795
18288,116,331,3,1337195933
18289,116,337,1,1337200265
18290,116,54,3,1337195966
18291,116,1775,5,1337200404
18292,116,1135,3,1337199890
18293,116,1162,1,1337195837
18294,116,864,4,1337195649
18295,116,725,5,1337200060
18296,116,349,3,1337200232
18297,116,1102,4,1337199877
18298,116,71,5,1337199765
18299,116,77,2,1337199455
18300,116,354,3,1337200139
18301,116,865,2,1337200259
18302,116,86,4,1337199782
18303,116,1111,3,1337199396
18304,116,90,4,1337199881
18305,116,3000,3,1337195909
18306,116,1113,1,1337199432
18307,116,1462,4,1337195944
18308,116,1474,4,1337200241
18309,116,2147,5,1337200040
18310,116,2420,2,1337200011
18311,116,1476,3,1337200215
18312,116,1168,4,1337200350
18313,116,1492,3,1337195975
18314,116,1494,3,1337195952
18315,116,365,4,1337195721
18316,116,234,3,1337199937
18317,116,988,4,1337199824
18318,116,116,3,1337200360
18319,116,1171,4,1337199946
18320,116,118,4,1337200219
18321,116,992,3,1337196051
18322,116,1777,5,1337200394
18323,116,126,2,1337200195
18324,116,272,3,1337195923
18325,116,135,4,1337200069
18326,116,142,1,1337200075
18327,116,155,4,1337200338
18328,116,1632,4,1337196091
18329,116,171,2,1337200223
18330,116,178,3,1337200381
18331,116,400,0,1337199960
18332,116,181,3,1337199899
18333,116,1865,5,1337196130
18334,116,183,3,1337200152
18335,116,1667,3,1337196211
18336,116,194,2,1337200378
18337,116,1683,2,1337196056
18338,116,220,4,1337199860
18339,116,432,2,1337199976
18340,116,4697,2,1337197329
18341,116,753,4,1337200051
18342,116,757,3,1337200037
18343,116,1206,3,1337199544
18344,116,771,4,1337200005
18345,116,779,4,1337200417
18346,116,891,4,1337199535
18347,116,2127,2,1337197582
18348,116,4698,4,1337197383
18349,117,482,3,844163002
18350,117,2,3,844163663
18351,117,484,3,844163754
18352,117,3,3,844163102
18353,117,485,4,844163615
18354,117,487,3,844162850
18355,117,488,4,844162970
18356,117,492,3,844163037
18357,117,493,2,844162892
18358,117,292,4,844162913
18359,117,497,4,844163712
18360,117,260,3,844163204
18361,117,293,3,844162955
18362,117,461,3,844163454
18363,117,462,3,844163102
18364,117,463,3,844162955
18365,117,499,4,844163693
18366,117,972,2,844163037
18367,117,4,4,844162892
18368,117,1401,3,844163082
18369,117,5,4,844162933
18370,117,503,3,844163754
18371,117,505,4,844163122
18372,117,4699,4,844163663
18373,117,520,3,844163693
18374,117,8,5,844162850
18375,117,525,4,844163019
18376,117,464,4,844162743
18377,117,9,3,844163019
18378,117,465,3,844162770
18379,117,528,3,844163061
18380,117,530,3,844162955
18381,117,531,3,844162832
18382,117,532,3,844162770
18383,117,533,3,844163061
18384,117,1027,3,844163061
18385,117,540,3,844162832
18386,117,541,3,844163019
18387,117,1024,2,844163102
18388,117,547,3,844163082
18389,117,557,4,844163122
18390,117,558,3,844162913
18391,117,2546,3,844163216
18392,117,559,3,844163734
18393,117,14,2,844162793
18394,117,15,3,844163082
18395,117,561,3,844162985
18396,117,562,3,844163156
18397,117,2433,4,844163543
18398,117,569,4,844163019
18399,117,466,4,844162832
18400,117,571,3,844163082
18401,117,467,3,844163061
18402,117,574,3,844163663
18403,117,468,4,844162970
18404,117,2071,4,844163156
18405,117,578,3,844163156
18406,117,581,4,844163204
18407,117,3052,3,844163543
18408,117,584,3,844163002
18409,117,585,2,844162850
18410,117,588,4,844162811
18411,117,589,3,844163082
18412,117,17,4,844162744
18413,117,470,4,844162870
18414,117,597,3,844162970
18415,117,18,3,844162811
18416,117,598,3,844163454
18417,117,233,5,844162811
18418,117,600,3,844162793
18419,117,19,3,844163136
18420,117,605,3,844162832
18421,117,471,2,844162770
18422,117,20,3,844162793
18423,117,609,3,844162955
18424,117,611,3,844163121
18425,117,21,4,844162810
18426,117,314,3,844162955
18427,117,22,4,844163543
18428,117,472,4,844162870
18429,117,23,3,844162892
18430,117,315,4,844163136
18431,117,622,3,844162892
18432,117,473,4,844162744
18433,117,474,3,844162870
18434,117,1414,3,844162933
18435,117,633,3,844162985
18436,117,634,3,844162810
18437,117,637,4,844162970
18438,117,1157,3,844163002
18439,117,639,3,844162850
18440,117,26,4,844162793
18441,117,475,3,844163002
18442,117,318,3,844163511
18443,117,27,4,844162832
18444,117,648,3,844163102
18445,117,651,5,844163664
18446,117,654,4,844163168
18447,117,28,4,844162892
18448,117,657,3,844163019
18449,117,476,4,844163615
18450,117,660,3,844163156
18451,117,661,3,844163712
18452,117,29,5,844162933
18453,117,975,3,844163511
18454,117,477,3,844163615
18455,117,478,3,844163663
18456,117,322,4,844162933
18457,117,1420,4,844163037
18458,117,31,4,844163693
18459,117,32,4,844162985
18460,117,1158,2,844163102
18461,117,2501,3,844163121
18462,117,828,4,844162913
18463,117,671,4,844162913
18464,117,323,4,844162770
18465,117,479,4,844162870
18466,117,33,4,844162743
18467,117,34,3,844162743
18468,117,35,5,844162770
18469,117,480,4,844163204
18470,117,324,4,844162793
18471,117,36,4,844163454
18472,117,481,3,844162913
18473,117,37,3,844163511
18474,117,1422,3,844163712
18475,117,674,4,844163615
18476,117,261,3,844163511
18477,117,38,3,844163136
18478,117,1159,3,844163821
18479,117,4700,3,844163962
18480,117,39,3,844163858
18481,117,682,3,844163962
18482,117,326,3,844163770
18483,117,688,4,844163870
18484,117,41,3,844163216
18485,117,42,2,844163121
18486,117,1097,4,844163693
18487,117,689,3,844163992
18488,117,690,3,844163977
18489,117,691,3,844163896
18490,117,1160,3,844163821
18491,117,43,3,844163204
18492,117,2556,3,844163943
18493,117,693,4,844163543
18494,117,2427,3,844163821
18495,117,1431,3,844163896
18496,117,695,4,844163896
18497,117,697,3,844163543
18498,117,44,3,844163929
18499,117,2444,4,844163454
18500,117,2656,3,844163929
18501,117,705,3,844163896
18502,117,264,3,844163962
18503,117,706,3,844163870
18504,117,3006,3,844163858
18505,117,708,3,844163977
18506,117,714,3,844163896
18507,117,1774,4,844163734
18508,117,51,3,844163734
18509,117,2446,3,844163770
18510,117,863,4,844163734
18511,117,1775,4,844163615
18512,117,1135,3,844163454
18513,117,343,4,844163734
18514,118,496,2,944924731
18515,118,465,2,944923703
18516,118,17,4,944924487
18517,118,29,4,944923926
18518,118,33,4,944923926
18519,118,37,4,944924329
18520,118,1028,5,944923703
18521,118,1162,3,944923551
18522,118,2428,4,944924487
18523,118,69,4,944924329
18524,118,75,5,944924360
18525,118,1137,5,944924276
18526,118,2558,4,944924731
18527,118,2903,3,944923926
18528,118,106,4,944924731
18529,118,2566,4,944923926
18530,118,1171,5,944923926
18531,118,122,4,944924731
18532,118,1037,4,944923703
18533,118,148,3,944924731
18534,118,1862,3,944923551
18535,118,1180,4,944923989
18536,119,1,3,1435942468
18537,119,487,4,1435943180
18538,119,972,3,1435943918
18539,119,534,5,1435943952
18540,119,1405,3,1435943284
18541,119,589,5,1435943240
18542,119,17,4,1436563596
18543,119,597,4,1435943910
18544,119,233,4,1468432386
18545,119,21,4,1435942470
18546,119,472,5,1437815672
18547,119,634,4,1435943225
18548,119,1157,4,1435943269
18549,119,65,4,1435943914
18550,119,86,4,1435942458
18551,119,102,4,1437815683
18552,119,109,4,1435944296
18553,119,1575,4,1435944444
18554,119,392,5,1435943985
18555,119,148,4,1435942698
18556,119,150,3,1435944400
18557,119,167,4,1435942472
18558,119,400,4,1435944283
18559,119,734,3,1435944456
18560,119,1183,4,1435944417
18561,119,204,5,1435944293
18562,119,1185,4,1438547758
18563,119,3301,5,1435944634
18564,119,220,5,1435944175
18565,119,229,4,1435944274
18566,119,3310,4,1435944618
18567,119,1023,3,1435944551
18568,119,1810,4,1435944630
18569,119,446,4,1435944545
18570,119,1813,4,1436563660
18571,119,745,4,1435944180
18572,119,1814,4,1435944586
18573,119,1816,4,1435944543
18574,119,1817,5,1435944563
18575,119,747,3,1435944431
18576,119,3318,4,1436563749
18577,119,1819,3,1435944575
18578,119,748,4,1435944492
18579,119,1823,4,1435944509
18580,119,1825,4,1435944523
18581,119,752,4,1443813263
18582,119,753,5,1435944285
18583,119,754,5,1435944174
18584,119,755,5,1435944289
18585,119,2220,4,1435944440
18586,119,2124,4,1438440197
18587,119,756,4,1436563338
18588,119,1199,4,1435944994
18589,119,1200,4,1436563806
18590,119,2772,3,1436563580
18591,119,765,4,1435944765
18592,119,766,4,1437850946
18593,119,1206,4,1439148522
18594,119,769,4,1439153846
18595,119,876,4,1436008346
18596,119,1210,4,1440881479
18597,119,771,4,1436563804
18598,119,773,4,1436563334
18599,119,775,5,1435944759
18600,119,3345,3,1455448434
18601,119,886,4,1505333121
18602,119,2048,3,1505073169
18603,119,2049,3,1505333113
18604,119,1049,4,1440881475
18605,119,795,4,1436008305
18606,119,2050,5,1436563812
18607,119,2051,4,1438440230
18608,119,893,4,1447664555
18609,119,807,4,1439153850
18610,119,1240,4,1436007538
18611,119,2288,4,1436007517
18612,119,810,3,1450537446
18613,119,2127,4,1438440151
18614,119,2297,4,1436007546
18615,119,1250,3,1436007573
18616,119,1251,4,1435944755
18617,119,818,4,1436007488
18618,119,4701,4,1440879687
18619,119,2311,3,1436007513
18620,119,899,4,1436007530
18621,119,238,4,1436563627
18622,119,1051,4,1453664029
18623,119,824,5,1435944762
18624,119,1053,4,1455448362
18625,119,2985,3,1455448458
18626,119,900,5,1437859236
18627,119,2979,3,1436007497
18628,119,1270,4,1437763246
18629,119,903,4,1435944763
18630,119,1272,4,1436006088
18631,119,1054,4,1455448369
18632,119,239,4,1437850702
18633,119,1912,4,1437941156
18634,119,1283,4,1436006076
18635,119,1056,4,1437850727
18636,119,3081,3,1436007571
18637,119,1285,3,1436007555
18638,119,2064,3,1447664552
18639,119,1916,5,1438439640
18640,119,912,4,1436007552
18641,119,1058,4,1436563837
18642,119,1151,3,1468432412
18643,119,2066,3,1439148560
18644,119,4702,5,1448742228
18645,119,1293,5,1505072352
18646,119,241,4,1438439642
18647,119,1296,4,1436122200
18648,119,916,5,1436008357
18649,119,1297,5,1438439652
18650,119,1061,4,1438439649
18651,119,927,5,1437859238
18652,119,928,4,1438439656
18653,119,1304,4,1451491358
18654,119,243,4,1436007606
18655,119,1926,4,1437763251
18656,119,1314,3,1442823834
18657,119,1134,3,1436007608
18658,119,932,5,1436008311
18659,119,245,4,1436007604
18660,119,1153,5,1436007615
18661,119,1931,4,1436563840
18662,119,935,4,1436007612
18663,119,1155,4,1435944138
18664,119,1322,4,1438547722
18665,119,4703,4,1439059231
18666,119,2132,3,1438440531
18667,119,3093,5,1447664496
18668,119,1328,4,1435944131
18669,119,2528,4,1438440214
18670,119,942,4,1448750538
18671,119,1941,4,1438440527
18672,119,3486,4,1459195755
18673,119,250,4,1436007619
18674,119,1334,4,1450537060
18675,119,251,5,1439495481
18676,119,945,4,1436007689
18677,119,4704,4,1439059096
18678,119,1336,4,1438440166
18679,119,951,3,1436122207
18680,119,3098,5,1437859100
18681,119,4705,4,1436563613
18682,119,252,4,1438547766
18683,119,4564,4,1436042420
18684,119,1956,4,1437850978
18685,119,1348,5,1436123447
18686,119,1959,4,1438440162
18687,119,955,5,1436008297
18688,119,4706,5,1453712826
18689,119,1073,3,1439495694
18690,119,2835,5,1436007907
18691,119,1074,5,1441486258
18692,119,1970,4,1448750575
18693,119,1972,4,1442168751
18694,119,253,4,1449440654
18695,119,1975,4,1436563670
18696,119,1976,5,1438354968
18697,119,4707,4,1455448426
18698,119,1981,4,1436008461
18699,119,962,3,1436563795
18700,119,4708,5,1438439321
18701,119,4709,4,1463949118
18702,119,4710,4,1455657237
18703,119,1991,4,1450612021
18704,119,1358,3,1437814564
18705,119,255,4,1505073183
18706,119,4711,4,1438440095
18707,119,4712,3,1447664445
18708,119,3109,5,1436563651
18709,119,4713,4,1455448437
18710,119,1079,4,1436563084
18711,119,1998,5,1435943203
18712,119,257,4,1440277383
18713,119,1362,5,1435944261
18714,119,1363,4,1437859195
18715,119,1364,5,1436007654
18716,119,4714,4,1455448488
18717,119,4715,4,1447664471
18718,119,967,4,1445850607
18719,119,4716,4,1437859125
18720,119,258,4,1442647731
18721,119,1082,4,1468093264
18722,119,4717,4,1440881447
18723,119,4718,3,1439836951
18724,119,1371,3,1448742203
18725,119,3935,4,1459195875
18726,119,3938,3,1438452592
18727,119,4719,4,1441486270
18728,119,4720,4,1459195846
18729,119,4721,4,1447664459
18730,119,2012,3,1439495525
18731,119,1086,4,1455448380
18732,119,4722,4,1459195778
18733,119,2018,3,1448652763
18734,119,2019,4,1447664578
18735,119,4723,3,1459195741
18736,119,4597,5,1459195916
18737,119,4724,3,1442168643
18738,119,2021,4,1450536964
18739,119,4725,5,1499021338
18740,119,1373,4,1468432442
18741,119,2023,4,1505073229
18742,119,3971,1,1459195688
18743,119,4726,4,1505072481
18744,119,1376,4,1468093246
18745,119,1379,5,1468093256
18746,119,4606,4,1505072383
18747,119,1389,4,1505072367
18748,119,4727,4,1505072429
18749,119,4625,4,1505072348
18750,119,1393,4,1505073384
18751,120,484,4,860070029
18752,120,1400,3,860070182
18753,120,293,3,860069973
18754,120,295,3,860070065
18755,120,525,3,860069973
18756,120,16,5,860070065
18757,120,37,5,860070029
18758,120,676,3,860070216
18759,120,38,3,860069973
18760,120,1159,3,860070065
18761,120,41,4,860070029
18762,120,42,3,860069973
18763,120,1428,3,860070141
18764,120,691,3,860070306
18765,120,43,2,860069973
18766,120,693,3,860070141
18767,120,697,4,860070101
18768,120,706,2,860070141
18769,120,1028,5,860070306
18770,120,61,2,860070029
18771,120,74,5,860070182
18772,120,1468,4,860070258
18773,121,1,4,847656180
18774,121,484,3,847656405
18775,121,3,5,847656264
18776,121,488,4,847656100
18777,121,491,5,847656340
18778,121,493,2,847656045
18779,121,494,3,847656357
18780,121,496,4,847656224
18781,121,463,4,847656062
18782,121,972,1,847656224
18783,121,4,3,847656010
18784,121,505,5,847656203
18785,121,516,3,847656129
18786,121,8,4,847655980
18787,121,525,4,847656180
18788,121,464,3,847655899
18789,121,531,3,847655980
18790,121,11,4,847656374
18791,121,541,3,847656203
18792,121,558,3,847656062
18793,121,562,4,847656357
18794,121,2425,3,847656374
18795,121,569,3,847656203
18796,121,466,3,847655996
18797,121,308,2,847656245
18798,121,468,3,847656077
18799,121,2071,1,847656374
18800,121,584,3,847656113
18801,121,585,4,847655996
18802,121,588,3,847655960
18803,121,17,4,847655899
18804,121,470,3,847656027
18805,121,18,3,847655945
18806,121,233,5,847655960
18807,121,604,4,847656180
18808,121,471,3,847655927
18809,121,20,3,847655945
18810,121,611,3,847656245
18811,121,21,4,847655945
18812,121,622,3,847656010
18813,121,473,3,847655899
18814,121,633,2,847656100
18815,121,634,3,847655960
18816,121,635,2,847656100
18817,121,637,4,847656077
18818,121,639,3,847655996
18819,121,26,3,847655927
18820,121,475,3,847656113
18821,121,654,3,847656316
18822,121,657,3,847656129
18823,121,29,3,847656045
18824,121,322,4,847656045
18825,121,1158,4,847656290
18826,121,33,4,847655899
18827,121,34,3,847655899
18828,121,324,3,847655945
18829,121,481,3,847656027
18830,121,43,4,847656203
18831,122,482,4,1461561176
18832,122,493,3,1461562132
18833,122,293,5,1461561526
18834,122,4,4,1461561420
18835,122,5,5,1461561151
18836,122,6,4,1461562250
18837,122,519,4,1461562198
18838,122,1094,5,1461561504
18839,122,532,5,1461562066
18840,122,14,4,1461562094
18841,122,466,4,1461562158
18842,122,16,5,1461561351
18843,122,585,5,1461562373
18844,122,588,4,1461563011
18845,122,17,5,1461561354
18846,122,233,5,1461561133
18847,122,21,5,1461561332
18848,122,1157,4,1461562544
18849,122,27,4,1461561380
18850,122,660,4,1461562759
18851,122,1420,5,1461562043
18852,122,1158,4,1461562546
18853,122,479,5,1461561440
18854,122,34,4,1461562201
18855,122,35,5,1461561148
18856,122,37,5,1461561468
18857,122,2172,5,1461562845
18858,122,1160,5,1461561523
18859,122,43,4,1461561583
18860,122,1026,5,1461562570
18861,122,1028,5,1461561142
18862,122,46,5,1461562092
18863,122,61,5,1461562395
18864,122,62,5,1461561803
18865,122,63,5,1461561470
18866,122,64,5,1461562305
18867,122,68,5,1461561527
18868,122,69,5,1461561368
18869,122,70,5,1461561484
18870,122,351,5,1461562127
18871,122,1029,5,1461561520
18872,122,73,5,1461561687
18873,122,74,5,1461561411
18874,122,75,5,1461561146
18875,122,76,5,1461561511
18876,122,77,4,1461561765
18877,122,78,4,1461562308
18878,122,79,5,1461561649
18879,122,2080,5,1461562724
18880,122,865,5,1461561850
18881,122,268,5,1461562766
18882,122,85,5,1461561524
18883,122,86,5,1461561374
18884,122,87,4,1461563213
18885,122,1111,5,1461562773
18886,122,1464,4,1461562873
18887,122,93,4,1461562595
18888,122,362,5,1461562311
18889,122,1475,5,1461562978
18890,122,1492,3,1461562647
18891,122,2461,5,1461562720
18892,122,108,4,1461562121
18893,122,729,5,1461561457
18894,122,1169,4,1461562385
18895,122,109,5,1461561502
18896,122,1516,5,1461562430
18897,122,1536,4,1461562426
18898,122,379,4,1461562164
18899,122,1171,5,1461561680
18900,122,382,4,1461561753
18901,122,1544,4,1461562916
18902,122,836,4,1461561777
18903,122,120,4,1461562055
18904,122,384,5,1461562669
18905,122,2040,5,1461562816
18906,122,1580,4,1461562390
18907,122,147,5,1461561849
18908,122,1601,4,1461561799
18909,122,1618,5,1461562864
18910,122,163,5,1461561661
18911,122,166,5,1461561648
18912,122,167,5,1461561331
18913,122,179,4,1461561716
18914,122,1643,4,1461562263
18915,122,182,4,1461562398
18916,122,402,5,1461561426
18917,122,1653,5,1461562662
18918,122,188,5,1461562061
18919,122,1180,4,1461561653
18920,122,193,5,1461561144
18921,122,195,4,1461562489
18922,122,198,5,1461561615
18923,122,2191,4,1461563017
18924,122,3550,5,1461562948
18925,122,736,5,1461561618
18926,122,415,5,1461562377
18927,122,416,4,1461562375
18928,122,209,4,1461562566
18929,122,1185,4,1461562123
18930,122,1012,4,1461562379
18931,122,1186,5,1461562327
18932,122,423,4,1461562196
18933,122,1039,4,1461562891
18934,122,1041,5,1461561720
18935,122,223,4,1461562679
18936,122,224,4,1461562556
18937,122,229,4,1461561497
18938,122,1019,4,1461562808
18939,122,430,5,1461562690
18940,122,278,5,1461561463
18941,122,2512,4,1461562875
18942,122,1022,5,1461561476
18943,122,1803,4,1461562284
18944,122,437,5,1461561613
18945,122,1023,4,1461562249
18946,122,446,4,1461562346
18947,122,1191,5,1461561671
18948,122,2214,4,1461562735
18949,122,454,4,1461562692
18950,122,748,4,1461562189
18951,122,1825,5,1461562030
18952,122,1195,4,1461561829
18953,122,4184,4,1461563247
18954,122,751,4,1461562276
18955,122,752,5,1461561432
18956,122,753,4,1461561478
18957,122,2717,4,1461561861
18958,122,1832,5,1461561706
18959,122,1838,5,1461562986
18960,122,1839,3,1461563005
18961,122,1881,4,1461562245
18962,122,1849,4,1461562387
18963,122,1202,4,1461562136
18964,122,2046,4,1461562740
18965,122,2772,4,1461562233
18966,122,766,4,1461561485
18967,122,3189,4,1461562434
18968,122,768,4,1461561626
18969,122,876,4,1461561401
18970,122,1046,5,1461561646
18971,122,1215,5,1461562420
18972,122,3195,4,1461562152
18973,122,2245,4,1461562716
18974,122,3142,4,1461562401
18975,122,1222,4,1461561770
18976,122,3144,5,1461563238
18977,122,1048,5,1461561437
18978,122,885,4,1461561791
18979,122,2048,4,1461562068
18980,122,1227,4,1461561805
18981,122,1049,4,1461561518
18982,122,3351,4,1461562476
18983,122,2266,5,1461561501
18984,122,1229,5,1461562356
18985,122,3072,5,1461562621
18986,122,3073,4,1461562404
18987,122,1132,4,1461561548
18988,122,1235,4,1461562881
18989,122,3149,4,1461562456
18990,122,3150,4,1461562209
18991,122,1150,5,1461561631
18992,122,1239,4,1461561774
18993,122,895,4,1461561557
18994,122,2052,4,1461562901
18995,122,2053,5,1461562085
18996,122,2054,4,1461562518
18997,122,821,4,1461562439
18998,122,1256,5,1461561473
18999,122,237,4,1461562638
19000,122,1901,5,1461562465
19001,122,3075,4,1461562320
19002,122,2316,4,1461561623
19003,122,238,5,1461561397
19004,122,1051,5,1461561551
19005,122,1052,5,1461561434
19006,122,824,4,1461561459
19007,122,2326,5,1461561588
19008,122,1262,5,1461561867
19009,122,2056,5,1461562414
19010,122,4728,4,1461562790
19011,122,3153,3,1461562258
19012,122,2057,4,1461562360
19013,122,2335,4,1461562577
19014,122,2058,5,1461561611
19015,122,2987,5,1461562598
19016,122,1272,4,1461561578
19017,122,3806,4,1461562354
19018,122,1275,5,1461562137
19019,122,2059,5,1461561494
19020,122,1054,4,1461561537
19021,122,2061,5,1461561669
19022,122,1277,4,1461562746
19023,122,239,4,1461561340
19024,122,1911,4,1461562143
19025,122,2354,4,1461562762
19026,122,1056,5,1461561372
19027,122,1285,3,1461561757
19028,122,1286,4,1461561586
19029,122,2523,4,1461562161
19030,122,2064,5,1461561807
19031,122,912,4,1461561761
19032,122,1288,4,1461562625
19033,122,1290,4,1461561589
19034,122,2066,4,1461562169
19035,122,3450,4,1461562515
19036,122,1059,5,1461561560
19037,122,916,5,1461561370
19038,122,1297,4,1461561481
19039,122,2991,4,1461561728
19040,122,3459,4,1461562686
19041,122,4729,4,1461563190
19042,122,4730,3,1461562512
19043,122,242,4,1461561508
19044,122,3520,5,1461562096
19045,122,924,2,1461562587
19046,122,927,4,1461561389
19047,122,243,5,1461561407
19048,122,1312,4,1461561555
19049,122,1313,4,1461561531
19050,122,4731,3,1461562672
19051,122,4541,4,1461562787
19052,122,245,4,1461561337
19053,122,1316,4,1461562659
19054,122,1318,5,1461561683
19055,122,1153,5,1461563274
19056,122,1931,3,1461562027
19057,122,3841,4,1461562657
19058,122,1933,5,1461561472
19059,122,1324,3,1461562529
19060,122,3851,3,1461563186
19061,122,248,5,1461562702
19062,122,4343,5,1461562877
19063,122,3484,5,1461562642
19064,122,3485,5,1461562287
19065,122,1328,5,1461561514
19066,122,2410,4,1461562175
19067,122,2528,3,1461562082
19068,122,3487,4,1461562819
19069,122,250,4,1461561387
19070,122,1943,4,1461562323
19071,122,251,4,1461561573
19072,122,3163,5,1461562563
19073,122,1945,4,1461561794
19074,122,2530,5,1461561802
19075,122,1947,4,1461562569
19076,122,1069,4,1461561643
19077,122,3491,5,1461561608
19078,122,4732,4,1461562795
19079,122,951,4,1461561540
19080,122,4213,5,1461563036
19081,122,4733,5,1461562301
19082,122,4734,4,1461562618
19083,122,4561,3,1461562731
19084,122,252,5,1461561375
19085,122,4564,4,1461563008
19086,122,1071,4,1461561788
19087,122,3101,4,1461561822
19088,122,1959,4,1461562207
19089,122,1960,4,1461561859
19090,122,1349,4,1461561811
19091,122,3102,5,1461562446
19092,122,1350,4,1461562340
19093,122,1073,4,1461561466
19094,122,3104,3,1461562216
19095,122,253,5,1461561445
19096,122,1976,5,1461561493
19097,122,3106,4,1461562058
19098,122,1981,4,1461561651
19099,122,254,5,1461561347
19100,122,4735,4,1461562764
19101,122,1078,4,1461561415
19102,122,3109,3,1461561742
19103,122,4736,5,1461562651
19104,122,2539,4,1461561575
19105,122,1998,4,1461561417
19106,122,4216,4,1461563054
19107,122,2001,4,1461561277
19108,122,967,4,1461561499
19109,122,1080,5,1461562139
19110,122,4737,5,1461562536
19111,122,258,5,1461561216
19112,122,1081,5,1461561194
19113,122,1367,4,1461561662
19114,122,2542,5,1461561234
19115,122,1085,4,1461561189
19116,122,2846,4,1461561257
19117,122,2014,3,1461561251
19118,122,1373,5,1461561218
19119,122,4738,4,1461561286
19120,122,4600,3,1461561313
19121,122,1088,4,1461561222
19122,122,1089,4,1461561191
19123,123,4,4,1447291940
19124,123,16,4,1447269141
19125,123,589,3,1447291133
19126,123,17,4,1447291797
19127,123,233,4,1447269105
19128,123,35,4,1447291739
19129,123,69,4,1447291880
19130,123,148,4,1447269130
19131,123,167,4,1447269089
19132,123,185,3,1447291736
19133,123,193,4,1447269071
19134,123,445,4,1447291885
19135,123,1825,4,1448836068
19136,123,752,4,1447292485
19137,123,754,3,1447269095
19138,123,765,3,1447269135
19139,123,1147,3,1447291746
19140,123,775,3,1447269086
19141,123,1252,4,1447292466
19142,123,1052,4,1447291944
19143,123,1262,4,1448836008
19144,123,903,3,1447292338
19145,123,1275,4,1448836045
19146,123,2351,4,1448382292
19147,123,1055,4,1447292423
19148,123,1286,4,1448382175
19149,123,914,4,1448382314
19150,123,241,4,1447292276
19151,123,3085,4,1448382333
19152,123,4739,4,1448836089
19153,123,1926,4,1447292258
19154,123,245,4,1447269091
19155,123,1153,4,1448382173
19156,123,4740,4,1448836073
19157,123,1064,4,1448382242
19158,123,1066,4,1448382206
19159,123,1328,4,1448382195
19160,123,1067,4,1447292422
19161,123,1068,3,1448382200
19162,123,1334,4,1448382255
19163,123,2531,4,1447291823
19164,123,2734,4,1448836052
19165,123,252,4,1447291764
19166,123,1352,4,1447292408
19167,123,2835,3,1447292488
19168,123,1976,3,1447292445
19169,123,254,4,1447291938
19170,123,1076,4,1448382232
19171,123,4741,3,1448836057
19172,123,255,3,1447291816
19173,123,1077,4,1447292383
19174,123,1078,4,1447292431
19175,123,2539,4,1448382344
19176,123,1998,3,1447292401
19177,123,1362,4,1447292250
19178,123,4742,4,1448381953
19179,124,1,4,1336584336
19180,124,5,4,1336412889
19181,124,8,3,1336584326
19182,124,2070,4,1336409774
19183,124,571,3,1336409649
19184,124,16,4,1336423436
19185,124,17,4,1336423393
19186,124,233,4,1336412895
19187,124,471,3,1336584451
19188,124,21,5,1336423402
19189,124,27,3,1336423441
19190,124,660,4,1336409551
19191,124,30,3,1336409602
19192,124,35,4,1336423449
19193,124,37,5,1336412883
19194,124,3698,3,1336409751
19195,124,65,4,1336409634
19196,124,69,4,1336584447
19197,124,74,4,1336584462
19198,124,1105,4,1336409689
19199,124,977,5,1336409590
19200,124,995,4,1336409664
19201,124,99,4,1336409879
19202,124,104,4,1336584445
19203,124,107,2,1336409697
19204,124,730,4,1336412860
19205,124,2091,4,1336584611
19206,124,1171,4,1336412878
19207,124,141,3,1336409645
19208,124,148,4,1336412851
19209,124,150,3,1336409557
19210,124,400,4,1336409883
19211,124,401,3,1336409579
19212,124,185,5,1336584459
19213,124,204,4,1336412867
19214,124,2200,4,1336409712
19215,124,1143,4,1336409741
19216,124,842,4,1336413358
19217,124,2122,4,1336584597
19218,124,278,5,1336413175
19219,124,445,4,1336413304
19220,124,755,4,1336584442
19221,124,1201,4,1336413269
19222,124,3189,4,1336409872
19223,124,876,5,1336584435
19224,124,1130,5,1336413015
19225,124,1227,3,1336409867
19226,124,1053,4,1336584602
19227,124,2346,0,1336409918
19228,124,1316,2,1336409828
19229,125,482,4,1474311709
19230,125,4037,3,1474415153
19231,125,8,4,1474311613
19232,125,550,4,1474483295
19233,125,13,5,1474295267
19234,125,585,5,1474294680
19235,125,17,4,1474141538
19236,125,233,4,1474141490
19237,125,604,5,1474294944
19238,125,21,5,1474142139
19239,125,4743,4,1474295924
19240,125,2896,3,1474414944
19241,125,1158,4,1474411255
19242,125,479,4,1474289503
19243,125,35,4,1474296735
19244,125,37,3,1474311629
19245,125,1028,4,1474141453
19246,125,4046,4,1474411436
19247,125,344,4,1474295245
19248,125,2174,4,1474592639
19249,125,1102,5,1474141468
19250,125,72,4,1474371143
19251,125,74,4,1474289493
19252,125,1452,4,1474412961
19253,125,1137,4,1474289973
19254,125,82,4,1474289509
19255,125,1109,4,1474411870
19256,125,85,4,1474413801
19257,125,86,5,1474282985
19258,125,1456,3,1474412064
19259,125,102,4,1474569886
19260,125,1007,2,1474295046
19261,125,106,5,1474375054
19262,125,2565,4,1474483288
19263,125,109,4,1474411921
19264,125,4744,4,1474296148
19265,125,2904,3,1474415220
19266,125,3598,3,1474495364
19267,125,1597,5,1474294743
19268,125,152,4,1474382209
19269,125,167,5,1474141548
19270,125,169,4,1474591407
19271,125,4154,5,1474294595
19272,125,178,2,1476107406
19273,125,179,4,1474413375
19274,125,406,4,1474460123
19275,125,185,5,1474294616
19276,125,1180,4,1474311698
19277,125,193,5,1474141464
19278,125,201,5,1474591641
19279,125,414,4,1474470031
19280,125,204,4,1474470150
19281,125,4745,5,1474294671
19282,125,3302,3,1474415167
19283,125,278,2,1474459811
19284,125,1043,3,1474470187
19285,125,4746,5,1474294877
19286,125,445,4,1474413424
19287,125,447,2,1474289799
19288,125,748,4,1475407893
19289,125,4747,4,1474412893
19290,125,1829,4,1474460274
19291,125,4748,2,1474295204
19292,125,1125,4,1474376373
19293,125,1126,0,1474141865
19294,125,1832,4,1474296034
19295,125,755,4,1474470121
19296,125,4749,5,1474141620
19297,125,756,3,1474289877
19298,125,1881,3,1474415136
19299,125,760,3,1474569899
19300,125,2045,4,1474412496
19301,125,764,3,1474289902
19302,125,1204,3,1474482157
19303,125,857,4,1475411070
19304,125,1147,4,1474412458
19305,125,1046,3,1474483502
19306,125,771,4,1474481294
19307,125,2047,3,1474295337
19308,125,235,4,1474311683
19309,125,4750,4,1474375238
19310,125,3617,3,1474415234
19311,125,4751,5,1474294576
19312,125,3142,5,1474294895
19313,125,1047,5,1474289782
19314,125,4752,5,1474294802
19315,125,1130,4,1474311680
19316,125,4287,5,1474141692
19317,125,1048,4,1474311716
19318,125,4753,5,1474294926
19319,125,779,3,1474289753
19320,125,780,3,1474289904
19321,125,3146,4,1475411087
19322,125,784,3,1474415015
19323,125,3351,3,1474295383
19324,125,793,5,1474141821
19325,125,4294,5,1474283090
19326,125,2973,5,1474141776
19327,125,4754,3,1474414992
19328,125,4755,4,1474411587
19329,125,4756,4,1474295654
19330,125,1132,4,1474381667
19331,125,2280,4,1474413778
19332,125,1238,4,1474592918
19333,125,894,3,1474414919
19334,125,4757,4,1474296002
19335,125,1240,3,1474415203
19336,125,810,4,1507490380
19337,125,2127,4,1474371820
19338,125,4313,3,1474415250
19339,125,4758,2,1474294862
19340,125,3217,5,1474294717
19341,125,4759,2,1474295075
19342,125,1251,3,1474482342
19343,125,2307,4,1474412205
19344,125,2486,4,1475177594
19345,125,4760,4,1474295545
19346,125,1255,3,1474481214
19347,125,1259,4,1474295671
19348,125,1901,4,1474482144
19349,125,2316,4,1474295946
19350,125,238,4,1474481000
19351,125,1051,4,1474481147
19352,125,4761,4,1474296363
19353,125,2331,2,1474414706
19354,125,1905,4,1474371699
19355,125,1264,4,1474481324
19356,125,4148,5,1474294909
19357,125,903,2,1474414649
19358,125,2058,4,1474296090
19359,125,1272,3,1494785283
19360,125,4762,4,1474296324
19361,125,2059,0,1474481096
19362,125,2345,4,1474479976
19363,125,1054,2,1474295135
19364,125,4763,5,1474294530
19365,125,239,4,1474296807
19366,125,1911,2,1474414431
19367,125,1055,3,1474480944
19368,125,1283,4,1474424744
19369,125,1056,4,1474480962
19370,125,3081,4,1474481392
19371,125,1286,3,1474482238
19372,125,240,4,1474371969
19373,125,910,5,1474591720
19374,125,2064,2,1474295108
19375,125,2809,4,1474374208
19376,125,1287,4,1474371925
19377,125,4528,4,1474296021
19378,125,3083,3,1474482122
19379,125,4764,4,1474470262
19380,125,4765,5,1474294959
19381,125,2990,4,1474296551
19382,125,4766,4,1474375988
19383,125,3450,2,1474294990
19384,125,4767,5,1474294341
19385,125,241,2,1474481035
19386,125,1059,3,1474482294
19387,125,1152,3,1474481128
19388,125,916,4,1474481051
19389,125,4768,2,1474414673
19390,125,1298,2,1474295232
19391,125,1060,1,1474141907
19392,125,1061,4,1474481068
19393,125,1062,4,1474482104
19394,125,1063,4,1474295986
19395,125,4769,4,1474412767
19396,125,4770,4,1474294502
19397,125,4771,4,1474296426
19398,125,4730,2,1474295157
19399,125,922,4,1474495294
19400,125,3520,5,1474294644
19401,125,927,4,1474480904
19402,125,4772,2,1474414479
19403,125,1308,2,1474295022
19404,125,4773,4,1474296269
19405,125,1310,3,1474570118
19406,125,1926,4,1474283299
19407,125,1312,4,1474283323
19408,125,3523,2,1474414576
19409,125,4774,3,1474414895
19410,125,3622,3,1474376427
19411,125,245,4,1474297303
19412,125,3089,4,1474412922
19413,125,4775,3,1474371006
19414,125,1316,4,1474570484
19415,125,1318,4,1474142151
19416,125,933,3,1474569979
19417,125,2816,4,1474495255
19418,125,1321,3,1474415103
19419,125,1064,3,1474375091
19420,125,3481,3,1474570132
19421,125,4776,4,1474495717
19422,125,1065,3,1474376620
19423,125,1324,3,1474415043
19424,125,1325,3,1474295314
19425,125,4777,5,1474294373
19426,125,2528,4,1474481433
19427,125,1330,4,1474294429
19428,125,1331,3,1474295360
19429,125,942,4,1474570184
19430,125,1941,4,1474480730
19431,125,4778,3,1474414844
19432,125,4779,2,1474414622
19433,125,4780,4,1474296069
19434,125,1068,2,1474283308
19435,125,1334,3,1474485429
19436,125,4781,4,1474295492
19437,125,4782,4,1474296231
19438,125,945,4,1474283757
19439,125,3489,4,1474296305
19440,125,4783,4,1474295966
19441,125,1945,4,1474570525
19442,125,2530,4,1474296376
19443,125,4784,4,1474294459
19444,125,1947,4,1474296461
19445,125,4785,3,1474591943
19446,125,3491,5,1474141666
19447,125,4732,3,1474413158
19448,125,947,3,1474570008
19449,125,1336,4,1474296341
19450,125,4786,4,1474296445
19451,125,4787,4,1474294397
19452,125,1953,4,1476314010
19453,125,2531,4,1474295813
19454,125,1340,4,1474482227
19455,125,1954,3,1474570322
19456,125,953,4,1474495239
19457,125,4788,4,1474296285
19458,125,4561,4,1474296047
19459,125,252,4,1474283226
19460,125,3872,4,1474371841
19461,125,4789,4,1474296112
19462,125,1345,4,1474289963
19463,125,4562,5,1474141969
19464,125,4790,4,1474295849
19465,125,4791,4,1475843429
19466,125,3102,4,1474295694
19467,125,957,4,1474413912
19468,125,1968,4,1474295525
19469,125,253,4,1474283367
19470,125,1975,4,1474570416
19471,125,1976,4,1474283659
19472,125,4792,4,1474296214
19473,125,4371,4,1474592613
19474,125,1981,3,1474569953
19475,125,254,3,1474482084
19476,125,4793,4,1474296253
19477,125,4794,4,1474295613
19478,125,1988,4,1474371981
19479,125,1990,4,1474374125
19480,125,1076,4,1474283560
19481,125,1358,4,1474283809
19482,125,255,4,1474414167
19483,125,4795,4,1475446231
19484,125,3108,4,1474375614
19485,125,3111,4,1474375014
19486,125,1998,4,1474570310
19487,125,3113,4,1474375757
19488,125,2540,4,1474295720
19489,125,4796,3,1474425049
19490,125,2006,4,1474382076
19491,125,967,4,1474570052
19492,125,1080,3,1475407828
19493,125,258,4,1474283369
19494,125,4797,3,1481392791
19495,125,1366,3,1474414820
19496,125,1082,4,1474283798
19497,125,1368,3,1494785239
19498,125,1083,4,1480789759
19499,125,4798,4,1474432471
19500,125,4692,4,1474591366
19501,125,3537,4,1474626817
19502,125,2542,4,1474284240
19503,125,1371,4,1476224234
19504,125,4799,3,1474414778
19505,125,4800,3,1474414744
19506,125,4801,4,1474295590
19507,125,4802,3,1474636359
19508,125,4803,3,1474295446
19509,125,1085,4,1474283297
19510,125,2846,4,1474413228
19511,125,2015,4,1474371799
19512,125,2848,3,1480789755
19513,125,4593,3,1475361905
19514,125,4804,2,1485508720
19515,125,2019,3,1474414799
19516,125,2543,2,1474414553
19517,125,2853,3,1480789748
19518,125,2021,4,1474283878
19519,125,1373,3,1474284127
19520,125,4805,3,1480790078
19521,125,2856,3,1478197237
19522,125,4806,4,1475174917
19523,125,3973,4,1474374637
19524,125,3117,4,1475147204
19525,125,4807,2,1474495187
19526,125,4598,4,1475361892
19527,125,4808,4,1474295630
19528,125,4809,4,1474295566
19529,125,3118,3,1513697325
19530,125,4810,3,1474414866
19531,125,1379,3,1474424812
19532,125,4601,3,1476002354
19533,125,4811,4,1475264557
19534,125,4812,4,1475264558
19535,125,3541,3,1475361944
19536,125,4813,4,1474295465
19537,125,4814,2,1476224175
19538,125,4815,4,1485622301
19539,125,4816,4,1474836315
19540,125,1088,4,1474425167
19541,125,1089,4,1474289567
19542,125,4817,4,1481392782
19543,125,4818,4,1474411738
19544,125,4819,3,1474627030
19545,125,4820,4,1481392558
19546,125,4821,2,1485508707
19547,125,4602,4,1476313973
19548,125,4822,4,1474469682
19549,125,4823,3,1476903871
19550,125,1384,4,1474425213
19551,125,4824,4,1489005130
19552,125,1090,5,1474141733
19553,125,3119,4,1474295426
19554,125,1385,3,1494785115
19555,125,4825,4,1476903864
19556,125,4826,3,1478197208
19557,125,4611,3,1475283110
19558,125,4612,3,1476903881
19559,125,4827,3,1476904043
19560,125,4007,3,1480790359
19561,125,3120,3,1480789738
19562,125,4615,3,1481393033
19563,125,1388,4,1494785040
19564,125,4828,2,1474414524
19565,125,4829,4,1481486017
19566,125,4830,3,1474569053
19567,125,1389,3,1483633893
19568,125,4617,4,1475625942
19569,125,4831,3,1477574933
19570,125,4431,4,1495649423
19571,125,2748,4,1494785105
19572,125,1391,3,1480789721
19573,125,4832,1,1476002239
19574,125,2033,4,1489005105
19575,125,4625,4,1489005099
19576,125,2034,2,1481374463
19577,125,1092,3,1485508572
19578,125,1093,4,1513697360
19579,125,4627,4,1513774320
19580,125,4833,3,1483633961
19581,125,3122,4,1494785011
19582,125,1393,3,1494785017
19583,125,4834,4,1495649436
19584,125,3124,5,1513697215
19585,125,3127,5,1513697142
19586,125,2879,3,1513697168
19587,125,3128,3,1513697368
19588,125,2137,3,1513697172
19589,126,461,3,845925854
19590,126,4,5,845925822
19591,126,8,4,845925785
19592,126,464,4,845925577
19593,126,465,4,845925615
19594,126,531,3,845925732
19595,126,532,4,845925615
19596,126,540,3,845925732
19597,126,550,2,845925732
19598,126,14,1,845925656
19599,126,466,1,845925785
19600,126,585,1,845925822
19601,126,588,3,845925732
19602,126,17,1,845925577
19603,126,470,2,845925854
19604,126,18,1,845925656
19605,126,233,5,845925690
19606,126,600,4,845925690
19607,126,605,3,845925785
19608,126,471,1,845925615
19609,126,20,4,845925656
19610,126,21,4,845925690
19611,126,472,5,845925822
19612,126,23,5,845925854
19613,126,622,5,845925822
19614,126,473,5,845925577
19615,126,474,2,845925854
19616,126,634,3,845925690
19617,126,639,5,845925785
19618,126,26,5,845925656
19619,126,27,3,845925690
19620,126,28,4,845925854
19621,126,323,3,845925615
19622,126,479,3,845925822
19623,126,33,4,845925577
19624,126,34,3,845925577
19625,126,35,3,845925615
19626,126,324,4,845925656
19627,127,2071,3,1263527148
19628,127,1438,3,1263527011
19629,127,335,4,1263527087
19630,127,1098,5,1263527066
19631,127,1111,4,1263527076
19632,127,270,2,1263527044
19633,127,1515,4,1263527080
19634,127,380,4,1263527174
19635,127,3503,3,1263527180
19636,127,998,2,1263527048
19637,127,1572,2,1263527188
19638,127,1618,1,1263527108
19639,127,403,4,1263527039
19640,127,1667,2,1263527194
19641,127,1142,4,1263527135
19642,127,1686,1,1263527055
19643,127,223,4,1263527112
19644,127,445,2,1263527337
19645,127,232,5,1263527031
19646,127,2290,4,1263527372
19647,127,1273,5,1263527385
19648,127,916,0,1263527555
19649,128,8,5,899032847
19650,128,16,5,899033269
19651,128,35,5,899032763
19652,128,37,5,899033437
19653,128,330,5,899032763
19654,128,333,5,899033229
19655,128,3729,5,899033229
19656,128,334,5,899032847
19657,128,1440,4,899033506
19658,128,336,5,899032763
19659,128,46,4,899033269
19660,128,3543,5,899033362
19661,128,4260,5,899032806
19662,128,47,5,899032847
19663,128,3008,4,899033506
19664,128,48,4,899033565
19665,128,3732,5,899033565
19666,128,1445,4,899033362
19667,128,1135,3,899033127
19668,128,4835,5,899032763
19669,128,62,4,899033506
19670,128,68,4,899033506
19671,128,1102,3,899033127
19672,128,69,4,899033229
19673,128,71,5,899032806
19674,128,1138,4,899032763
19675,128,2085,5,899033642
19676,128,90,4,899033269
19677,128,1166,4,899033437
19678,128,2147,3,899033437
19679,128,1476,4,899032493
19680,128,104,3,899032461
19681,128,988,4,899032461
19682,129,4,3,1167376335
19683,129,8,4,1167375621
19684,129,530,3,1167377871
19685,129,540,3,1167376444
19686,129,550,4,1167375487
19687,129,563,4,1167378257
19688,129,466,3,1167376383
19689,129,16,4,1167375413
19690,129,588,3,1167376332
19691,129,18,4,1167375456
19692,129,27,3,1167375959
19693,129,648,3,1167375509
19694,129,1095,3,1167376597
19695,129,323,3,1167375395
19696,129,481,4,1167376309
19697,129,38,4,1167376093
19698,129,1159,3,1167377810
19699,129,41,4,1167376166
19700,129,42,4,1167376173
19701,129,43,3,1167375481
19702,129,61,4,1167376169
19703,129,725,4,1167375540
19704,129,68,3,1167375403
19705,129,69,4,1167375417
19706,129,70,5,1167376218
19707,129,74,4,1167375407
19708,129,79,4,1167377073
19709,129,977,0,1167377801
19710,129,1474,4,1167377566
19711,129,99,3,1167376485
19712,129,1031,4,1167376349
19713,129,1168,4,1167377553
19714,129,101,3,1167375444
19715,129,106,4,1167377597
19716,129,108,5,1167375460
19717,129,1510,3,1167375498
19718,129,988,3,1167375999
19719,129,376,4,1167378161
19720,129,382,3,1167376325
19721,129,2183,3,1167375528
19722,129,122,4,1167375631
19723,129,134,4,1167378226
19724,129,4066,4,1167378132
19725,129,138,3,1167378117
19726,129,1575,4,1167375439
19727,129,142,4,1167376688
19728,129,1609,4,1167376074
19729,129,167,4,1167375624
19730,129,172,3,1167376125
19731,129,400,3,1167376301
19732,129,179,4,1167376892
19733,129,1179,3,1167375468
19734,129,405,4,1167376396
19735,129,185,4,1167375658
19736,129,2593,4,1167377837
19737,129,188,4,1167376303
19738,129,193,4,1167376127
19739,129,195,4,1167376685
19740,129,1118,4,1167378075
19741,129,200,4,1167378135
19742,129,1718,4,1167377668
19743,129,2122,5,1167375426
19744,129,220,4,1167375964
19745,129,738,3,1167376286
19746,129,1747,4,1167375538
19747,129,1756,4,1167378297
19748,129,229,4,1167375944
19749,129,1797,3,1167376580
19750,129,741,3,1167375474
19751,129,432,4,1167376110
19752,129,1805,3,1167377804
19753,129,1808,4,1167378195
19754,129,445,3,1167375933
19755,129,745,3,1167375918
19756,129,451,4,1167375447
19757,129,746,4,1167377890
19758,129,747,2,1167375496
19759,129,1819,4,1167378249
19760,129,868,3,1167377734
19761,129,1125,2,1167376533
19762,129,752,4,1167375848
19763,129,458,4,1167376436
19764,129,753,4,1167376120
19765,129,754,4,1167375869
19766,129,2220,4,1167377234
19767,129,4836,4,1167378246
19768,129,758,3,1167375484
19769,129,1199,4,1167376195
19770,129,759,4,1167375910
19771,129,848,2,1167377687
19772,129,762,4,1167376607
19773,129,763,4,1167377037
19774,129,1203,2,1167376727
19775,129,764,4,1167376264
19776,129,765,4,1167375628
19777,129,4837,4,1167378152
19778,129,3191,4,1167377076
19779,129,768,4,1167375988
19780,129,769,4,1167375997
19781,129,1210,4,1167376574
19782,129,1046,3,1167376742
19783,129,2235,3,1167376814
19784,129,771,4,1167375893
19785,129,2047,4,1167376068
19786,129,772,4,1167376699
19787,129,235,4,1167375854
19788,129,773,3,1167376365
19789,129,1129,4,1167378073
19790,129,774,5,1167376536
19791,129,775,4,1167376071
19792,129,1048,4,1167376056
19793,129,886,3,1167377906
19794,129,2260,4,1167378419
19795,129,780,4,1167376400
19796,129,1049,4,1167376704
19797,129,784,4,1167378423
19798,129,2266,4,1167376683
19799,129,3072,4,1167378109
19800,129,1237,3,1167376460
19801,129,2485,4,1167378126
19802,129,1150,4,1167378071
19803,129,807,4,1167376045
19804,129,1239,3,1167377482
19805,129,2286,5,1167376429
19806,129,809,3,1167375908
19807,129,1240,3,1167378219
19808,129,895,5,1167377052
19809,129,810,4,1167376147
19810,129,812,3,1167376772
19811,129,2127,4,1167376636
19812,129,4838,4,1167378148
19813,129,2053,4,1167376707
19814,129,1894,4,1167376410
19815,129,897,4,1167376463
19816,129,1895,4,1167376364
19817,129,1251,4,1167375970
19818,129,1896,4,1167377822
19819,129,817,4,1167376478
19820,129,1255,4,1167376152
19821,129,3077,2,1167375947
19822,130,1,3,832589610
19823,130,8,5,832589660
19824,130,464,4,832589516
19825,130,465,4,832589546
19826,130,531,4,832589610
19827,130,532,4,832589546
19828,130,540,3,832589634
19829,130,550,3,832589634
19830,130,558,5,832589660
19831,130,14,4,832589583
19832,130,466,4,832589635
19833,130,588,5,832589635
19834,130,17,4,832589516
19835,130,470,3,832589634
19836,130,18,3,832589583
19837,130,598,3,832589692
19838,130,233,5,832589583
19839,130,600,3,832589583
19840,130,605,4,832589610
19841,130,471,4,832589546
19842,130,20,2,832589546
19843,130,473,3,832589516
19844,130,474,4,832589660
19845,130,634,3,832589610
19846,130,323,2,832589546
19847,130,33,3,832589516
19848,130,34,3,832589516
19849,130,324,2,832589583
19850,131,260,3,1349838570
19851,131,4,4,1349840567
19852,131,5,4,1349840171
19853,131,8,2,1349840503
19854,131,1094,4,1349840160
19855,131,16,2,1349840250
19856,131,589,4,1349840551
19857,131,17,4,1349840345
19858,131,233,4,1349840163
19859,131,21,3,1349840626
19860,131,1095,4,1349840347
19861,131,35,4,1349840279
19862,131,37,4,1349840158
19863,131,1160,4,1349840763
19864,131,1028,4,1349840197
19865,131,334,4,1349839865
19866,131,2143,3,1349840182
19867,131,720,3,1349838589
19868,131,63,4,1349840429
19869,131,2428,4,1349838654
19870,131,68,3,1349840276
19871,131,1102,3,1349840190
19872,131,69,2,1349840282
19873,131,1029,3,1349840772
19874,131,75,4,1349840259
19875,131,76,4,1349840573
19876,131,1137,4,1349840201
19877,131,1138,4,1349840156
19878,131,2079,4,1349840367
19879,131,1111,4,1349840212
19880,131,360,3,1349840636
19881,131,104,4,1349840439
19882,131,122,2,1349840456
19883,131,146,2,1349838587
19884,131,1596,2,1349838954
19885,131,148,3,1349840312
19886,131,1607,3,1349838598
19887,131,167,3,1349840252
19888,131,1646,1,1349838625
19889,131,185,3,1349840284
19890,131,2592,4,1349838608
19891,131,2196,3,1349838715
19892,131,2403,3,1349838628
19893,131,1014,2,1349838636
19894,131,1765,2,1349838642
19895,131,278,2,1349840556
19896,131,1022,3,1349840633
19897,131,445,4,1349840254
19898,131,1125,1,1349840594
19899,131,754,3,1349840317
19900,131,2219,3,1349838951
19901,131,1127,4,1349840397
19902,131,765,3,1349840393
19903,131,4839,2,1349838973
19904,131,1147,4,1349840193
19905,131,2243,3,1349838662
19906,131,775,3,1349840319
19907,131,3342,3,1349840498
19908,131,1130,3,1349840371
19909,131,1131,3,1349840483
19910,131,238,3,1349840409
19911,131,1052,3,1349840736
19912,131,239,4,1349840215
19913,131,2809,3,1349840540
19914,131,1058,3,1349840720
19915,131,1059,3,1349840757
19916,131,245,4,1349840241
19917,131,1067,4,1349840436
19918,131,250,4,1349840536
19919,132,1,2,1157921785
19920,132,492,3,1157922698
19921,132,2069,2,1157924165
19922,132,293,3,1329983726
19923,132,461,1,1157921395
19924,132,463,3,1157921453
19925,132,294,2,1157923125
19926,132,4,4,1157921243
19927,132,1401,3,1157919960
19928,132,5,4,1157920377
19929,132,296,2,1157919923
19930,132,6,2,1157923053
19931,132,513,2,1157997580
19932,132,525,3,1159428730
19933,132,528,2,1157922952
19934,132,11,2,1157919918
19935,132,534,3,1157968958
19936,132,2070,3,1157982515
19937,132,549,2,1157979087
19938,132,15,3,1157919810
19939,132,307,3,1157923560
19940,132,466,2,1157922662
19941,132,571,1,1157968600
19942,132,16,2,1157920586
19943,132,467,4,1157923139
19944,132,585,4,1157922712
19945,132,589,4,1157922745
19946,132,17,4,1329983943
19947,132,2508,3,1157968905
19948,132,2434,4,1157978985
19949,132,2435,2,1157979712
19950,132,233,4,1329983827
19951,132,309,2,1157923770
19952,132,604,3,1159428859
19953,132,471,1,1157922631
19954,132,311,4,1157923088
19955,132,611,3,1157919859
19956,132,613,2,1157923325
19957,132,21,4,1157920481
19958,132,314,3,1157921441
19959,132,472,4,1157921351
19960,132,4840,2,1161799601
19961,132,474,3,1157967526
19962,132,654,2,1157919871
19963,132,28,2,1157922641
19964,132,660,1,1157967999
19965,132,322,3,1157922655
19966,132,1420,3,1157922289
19967,132,1158,3,1157922900
19968,132,2440,2,1157978934
19969,132,4841,2,1157992669
19970,132,828,2,1157922708
19971,132,323,3,1157921180
19972,132,34,2,1157920531
19973,132,35,3,1329983852
19974,132,480,3,1157922805
19975,132,324,4,1329983927
19976,132,36,2,1157923028
19977,132,4041,2,1174935055
19978,132,40,2,1157923360
19979,132,1160,3,1157922796
19980,132,1431,2,1157922765
19981,132,701,3,1157968411
19982,132,702,2,1157923556
19983,132,1028,3,1157920986
19984,132,1436,3,1157978820
19985,132,331,4,1157923354
19986,132,332,3,1157923328
19987,132,333,4,1157919926
19988,132,335,4,1157923212
19989,132,336,3,1157920920
19990,132,265,3,1157923450
19991,132,1441,2,1174934846
19992,132,2997,3,1157979635
19993,132,45,3,1157922721
19994,132,337,3,1157919867
19995,132,863,4,1157923009
19996,132,1775,3,1157922959
19997,132,58,3,1157923521
19998,132,1162,3,1329984112
19999,132,61,3,1329983931
20000,132,343,3,1157922774
20001,132,864,4,1329984080
20002,132,63,3,1157920267
20003,132,66,3,1157921390
20004,132,2998,3,1157979739
20005,132,3499,4,1157923504
20006,132,69,2,1157922624
20007,132,72,3,1157922800
20008,132,74,2,1157921254
20009,132,77,4,1157922823
20010,132,1137,3,1157920997
20011,132,2901,2,1157921151
20012,132,726,3,1157921863
20013,132,2083,3,1329983774
20014,132,84,4,1157919831
20015,132,356,3,1157922770
20016,132,86,3,1157921202
20017,132,2177,3,1157923484
20018,132,3708,2,1157978896
20019,132,91,3,1157924223
20020,132,866,3,1157922737
20021,132,4842,2,1174935480
20022,132,1461,2,1163148030
20023,132,1464,3,1157968863
20024,132,1474,3,1157922879
20025,132,362,2,1157922851
20026,132,2451,3,1174935354
20027,132,1476,2,1157967944
20028,132,1479,3,1157922314
20029,132,2087,4,1157923634
20030,132,1485,2,1157922857
20031,132,99,3,1157922753
20032,132,1031,3,1329983549
20033,132,4843,2,1157924234
20034,132,1492,1,1157923590
20035,132,3286,3,1157979238
20036,132,107,1,1157978978
20037,132,729,3,1329983628
20038,132,234,3,1157921515
20039,132,988,3,1157921273
20040,132,1169,4,1157922370
20041,132,109,2,1329983666
20042,132,1516,3,1329983783
20043,132,110,2,1157968136
20044,132,730,2,1157921506
20045,132,4744,3,1157992654
20046,132,731,3,1157922785
20047,132,379,2,1157922732
20048,132,382,4,1329984101
20049,132,836,3,1157922830
20050,132,120,3,1157919800
20051,132,837,3,1157923210
20052,132,384,3,1157923640
20053,132,128,3,1157968835
20054,132,1035,2,1157922948
20055,132,1564,3,1157968789
20056,132,2680,3,1157967524
20057,132,1572,3,1329983524
20058,132,142,4,1157921400
20059,132,147,4,1329983923
20060,132,1597,3,1157922956
20061,132,392,4,1157921872
20062,132,148,4,1157920389
20063,132,3290,3,1161800168
20064,132,3642,1,1157979788
20065,132,1609,3,1157921317
20066,132,274,3,1157923260
20067,132,2682,4,1157979560
20068,132,160,3,1157923115
20069,132,1010,3,1157968897
20070,132,3294,2,1157997384
20071,132,167,4,1157920630
20072,132,1001,4,1157923396
20073,132,1002,3,1157978948
20074,132,172,2,1157922681
20075,132,178,4,1329983916
20076,132,732,3,1157923091
20077,132,400,3,1157921458
20078,132,1641,1,1157919951
20079,132,1179,2,1157922783
20080,132,4844,3,1329983732
20081,132,183,2,1159428826
20082,132,185,4,1157922636
20083,132,2189,3,1157968929
20084,132,1182,2,1157979248
20085,132,193,4,1329984076
20086,132,195,3,1157921264
20087,132,198,4,1157921214
20088,132,201,2,1174935197
20089,132,412,3,1157979587
20090,132,4845,3,1157992657
20091,132,1183,3,1157922292
20092,132,414,3,1157920829
20093,132,2929,3,1157979076
20094,132,415,3,1157923222
20095,132,206,3,1157923020
20096,132,2599,4,1157997280
20097,132,2602,2,1161799366
20098,132,3235,2,1329983495
20099,132,1699,1,1174935074
20100,132,1185,3,1329983750
20101,132,419,3,1157978989
20102,132,1717,3,1157923062
20103,132,423,4,1157921445
20104,132,218,2,1157978877
20105,132,2122,4,1157924198
20106,132,221,1,1157979100
20107,132,1015,2,1157968793
20108,132,1187,3,1157922894
20109,132,1188,1,1157978806
20110,132,229,3,1157921437
20111,132,1019,3,1157978804
20112,132,867,2,1157997411
20113,132,429,3,1157922853
20114,132,1797,2,1157923067
20115,132,278,4,1157920746
20116,132,431,3,1157979038
20117,132,741,2,1157922922
20118,132,432,4,1157921278
20119,132,434,3,1157922303
20120,132,1803,2,1161799351
20121,132,743,3,1157978825
20122,132,437,1,1157921363
20123,132,440,2,1157921729
20124,132,4846,2,1157992619
20125,132,445,4,1157920977
20126,132,2102,2,1157920761
20127,132,446,2,1157920854
20128,132,447,4,1157923351
20129,132,745,3,1157921397
20130,132,451,4,1329984011
20131,132,2634,3,1157978800
20132,132,868,2,1157978930
20133,132,454,4,1157924941
20134,132,748,1,1157978871
20135,132,749,3,1161799533
20136,132,1044,3,1157924155
20137,132,4158,2,1174935095
20138,132,455,3,1161799502
20139,132,750,4,1157924838
20140,132,1829,4,1157923637
20141,132,1830,3,1157922326
20142,132,751,4,1174935021
20143,132,1125,3,1157920657
20144,132,752,3,1157922876
20145,132,458,3,1157921367
20146,132,753,3,1157921240
20147,132,1126,4,1329984107
20148,132,2717,3,1157979189
20149,132,754,4,1157920555
20150,132,755,3,1157921525
20151,132,2220,2,1161799663
20152,132,1839,2,1161799712
20153,132,756,3,1157978809
20154,132,3183,3,1157920768
20155,132,4847,2,1174935399
20156,132,1842,3,1157923601
20157,132,757,3,1157921227
20158,132,870,3,1157968979
20159,132,761,2,1157978973
20160,132,848,3,1157979384
20161,132,762,2,1157968868
20162,132,4848,3,1157924787
20163,132,763,3,1157920690
20164,132,871,2,1161799481
20165,132,1202,3,1157921475
20166,132,2046,2,1157982799
20167,132,1203,3,1157924214
20168,132,2125,3,1157924181
20169,132,764,3,1157921268
20170,132,3187,3,1157920819
20171,132,765,3,1157920621
20172,132,857,1,1157979888
20173,132,4849,2,1157996783
20174,132,4850,3,1157996778
20175,132,1045,3,1157920697
20176,132,767,4,1157924892
20177,132,4851,4,1161799624
20178,132,874,3,1174939831
20179,132,1854,3,1161799768
20180,132,3191,3,1157979608
20181,132,4852,2,1161800252
20182,132,4853,3,1157924194
20183,132,2958,3,1157924990
20184,132,768,3,1157923216
20185,132,1128,2,1161799275
20186,132,769,3,1157921282
20187,132,4168,3,1161799862
20188,132,876,3,1157923069
20189,132,771,3,1157920895
20190,132,3662,3,1157996808
20191,132,2047,4,1157923468
20192,132,4854,3,1329983688
20193,132,772,4,1174935132
20194,132,235,4,1157922367
20195,132,773,3,1157979112
20196,132,878,4,1157979979
20197,132,3142,3,1329983555
20198,132,4240,3,1157993516
20199,132,2251,3,1157924134
20200,132,3197,4,1329983678
20201,132,1218,3,1157921374
20202,132,775,4,1157919901
20203,132,3343,3,1174939636
20204,132,1221,3,1157924142
20205,132,1130,4,1157920648
20206,132,4287,3,1161799622
20207,132,1048,4,1157921205
20208,132,2517,3,1174935539
20209,132,4855,4,1157924253
20210,132,779,3,1157968847
20211,132,780,3,1157921298
20212,132,781,3,1161799438
20213,132,2048,2,1157924358
20214,132,4292,4,1329983580
20215,132,787,2,1164646078
20216,132,3147,2,1174935181
20217,132,2266,3,1329983684
20218,132,795,3,1157920903
20219,132,890,4,1157924870
20220,132,797,3,1157920874
20221,132,4856,4,1157920795
20222,132,2272,3,1157924140
20223,132,4857,2,1161799273
20224,132,3583,3,1329983565
20225,132,4858,3,1174935162
20226,132,4307,3,1174935506
20227,132,891,4,1157920397
20228,132,1237,3,1329984085
20229,132,1150,4,1161799252
20230,132,2126,2,1161799751
20231,132,807,4,1157921320
20232,132,895,2,1161800140
20233,132,810,3,1157920542
20234,132,2290,2,1164646156
20235,132,1246,3,1159428948
20236,132,1249,2,1329983541
20237,132,2053,3,1329984094
20238,132,897,3,1329983606
20239,132,3374,4,1329983951
20240,132,1250,2,1161799379
20241,132,1251,3,1329983574
20242,132,4859,2,1329983723
20243,132,817,3,1157921423
20244,132,3385,3,1161799231
20245,132,1255,3,1157920047
20246,132,2805,3,1163147982
20247,132,1256,4,1329983919
20248,132,2055,4,1329983938
20249,132,4860,3,1174935253
20250,132,1133,3,1329983538
20251,132,238,3,1329983583
20252,132,1052,3,1329983602
20253,132,823,3,1174935289
20254,132,1053,3,1329983821
20255,132,2056,4,1329983471
20256,132,3806,2,1329983502
20257,132,904,3,1329983441
20258,132,2061,2,1329983587
20259,132,239,3,1329983669
20260,132,1056,0,1329983716
20261,132,1916,3,1329983505
20262,132,1151,2,1329983498
20263,132,241,3,1329983509
20264,132,916,3,1329983748
20265,132,245,3,1329983560
20266,133,293,4,843491488
20267,133,4,4,843491396
20268,133,5,3,843491446
20269,133,8,3,843491209
20270,133,464,3,843490780
20271,133,465,1,843490845
20272,133,540,2,843491209
20273,133,13,3,843491446
20274,133,466,2,843491249
20275,133,585,2,843491249
20276,133,17,3,843490780
20277,133,470,3,843491793
20278,133,233,4,843490980
20279,133,20,2,843490845
20280,133,21,4,843490980
20281,133,23,3,843491396
20282,133,622,3,843491793
20283,133,473,3,843490781
20284,133,639,3,843491396
20285,133,26,4,843490862
20286,133,2426,4,843491793
20287,133,475,3,843491514
20288,133,27,3,843491209
20289,133,661,3,843491580
20290,133,29,4,843491514
20291,133,975,3,843491514
20292,133,322,3,843491579
20293,133,1158,3,843491488
20294,133,323,3,843490845
20295,133,479,3,843491249
20296,133,33,2,843490780
20297,133,34,3,843490780
20298,133,35,3,843490862
20299,133,43,3,843491793
20300,133,1135,3,843491446
20301,134,1,3,832841103
20302,134,4,4,832841168
20303,134,1401,3,832841524
20304,134,8,5,832841168
20305,134,465,4,832841003
20306,134,530,3,832841215
20307,134,531,4,832841103
20308,134,11,3,832841704
20309,134,1405,3,832841267
20310,134,541,3,832841423
20311,134,1024,3,832841586
20312,134,550,4,832841137
20313,134,2546,3,832841633
20314,134,14,3,832841046
20315,134,466,4,832841137
20316,134,578,3,832841687
20317,134,585,4,832841168
20318,134,17,4,832840929
20319,134,597,3,832841244
20320,134,18,4,832841046
20321,134,471,3,832841003
20322,134,20,4,832841003
20323,134,472,3,832841586
20324,134,23,3,832841687
20325,134,473,2,832840929
20326,134,634,3,832841103
20327,134,1157,4,832841791
20328,134,639,4,832841586
20329,134,320,4,832841747
20330,134,32,4,832841400
20331,134,323,3,832841003
20332,134,33,5,832840928
20333,134,34,3,832840928
20334,134,35,5,832841244
20335,134,324,5,832841046
20336,135,1,4,1009691859
20337,135,482,3,1009692764
20338,135,292,3,1009691915
20339,135,293,5,1009691695
20340,135,4,5,1009691144
20341,135,506,1,1009692359
20342,135,8,4,1009692826
20343,135,521,4,1009692910
20344,135,525,4,1009692048
20345,135,465,1,1009692987
20346,135,10,2,1009692345
20347,135,531,5,1009691186
20348,135,532,1,1009691403
20349,135,538,4,1009692060
20350,135,13,5,1009691897
20351,135,14,2,1009691066
20352,135,16,4,1009693267
20353,135,575,2,1009692359
20354,135,585,3,1009691292
20355,135,588,4,1009692890
20356,135,589,4,1009691164
20357,135,17,4,1009693583
20358,135,470,4,1009693815
20359,135,233,5,1009693583
20360,135,600,2,1009691746
20361,135,20,2,1009691292
20362,135,23,4,1009692764
20363,135,622,4,1009691186
20364,135,473,3,1009692038
20365,135,4861,3,1009693004
20366,135,474,4,1009692210
20367,135,1414,3,1009692393
20368,135,1416,3,1009691529
20369,135,26,4,1009691164
20370,135,643,3,1009692159
20371,135,27,5,1009692855
20372,135,648,5,1009692293
20373,135,2509,3,1009691948
20374,135,660,3,1009692237
20375,135,29,5,1009690817
20376,135,1420,4,1009694763
20377,135,671,4,1009691307
20378,135,479,4,1009691144
20379,135,34,5,1009693068
20380,135,35,5,1009691122
20381,135,37,4,1009691122
20382,135,38,4,1009692865
20383,135,2659,4,1009691935
20384,135,1424,4,1009692001
20385,135,40,2,1009692359
20386,135,1427,4,1009691432
20387,135,43,3,1009691746
20388,135,1430,4,1009692137
20389,135,1431,4,1009692784
20390,135,1434,3,1009692406
20391,135,1435,4,1009691256
20392,135,1028,4,1009694067
20393,135,4862,5,1009693889
20394,135,336,4,1009694264
20395,135,45,5,1009693267
20396,135,50,4,1009693387
20397,135,1135,5,1009693055
20398,135,61,5,1009693290
20399,135,342,4,1009694118
20400,135,66,4,1009690752
20401,135,1451,4,1009693087
20402,135,68,5,1009694275
20403,135,69,4,1009693055
20404,135,70,5,1009693055
20405,135,71,4,1009690737
20406,135,351,5,1009694796
20407,135,1029,5,1009691562
20408,135,352,5,1009694318
20409,135,72,5,1009694121
20410,135,74,4,1009693068
20411,135,75,4,1009693602
20412,135,76,4,1009694067
20413,135,1452,5,1009691695
20414,135,78,4,1009693108
20415,135,354,3,1009694318
20416,135,1106,4,1009690802
20417,135,82,5,1009691562
20418,135,356,5,1009693280
20419,135,1109,3,1009693305
20420,135,85,5,1009691846
20421,135,90,4,1009693055
20422,135,2751,4,1009691421
20423,135,2558,3,1009691207
20424,135,1166,2,1009691726
20425,135,977,5,1009691144
20426,135,978,2,1009691292
20427,135,1469,1,1009691746
20428,135,1167,4,1009693087
20429,135,1140,3,1009693161
20430,135,1471,3,1009693108
20431,135,93,2,1009692098
20432,135,1472,4,1009693144
20433,135,1473,4,1009692249
20434,135,979,3,1009692920
20435,135,2147,5,1009690990
20436,135,362,3,1009691778
20437,135,2420,3,1009693826
20438,135,1476,4,1009691207
20439,135,4863,4,1009691357
20440,135,2429,4,1009692901
20441,135,363,4,1009691859
20442,135,2179,4,1009691456
20443,135,2561,5,1009692320
20444,135,2180,3,1009691378
20445,135,4864,4,1009691378
20446,135,3285,2,1009691491
20447,135,99,5,1009690931
20448,135,1168,1,1009691445
20449,135,100,2,1009691378
20450,135,1492,2,1009693022
20451,135,101,4,1009690990
20452,135,102,4,1009691695
20453,135,727,3,1009691695
20454,135,365,4,1009692875
20455,135,728,3,1009691144
20456,135,1500,3,1009691989
20457,135,106,3,1009691207
20458,135,1009,4,1009693612
20459,135,1032,5,1009691186
20460,135,834,4,1009691562
20461,135,108,3,1009691761
20462,135,729,4,1009691026
20463,135,1510,3,1009691761
20464,135,3718,1,1009693676
20465,135,1512,3,1009691421
20466,135,988,2,1009690782
20467,135,1514,1,1009691292
20468,135,109,4,1009691207
20469,135,1517,5,1009691256
20470,135,2673,2,1009691378
20471,135,2399,2,1009691393
20472,135,1525,5,1009691222
20473,135,996,2,1009691726
20474,135,372,5,1009691915
20475,135,374,4,1009691322
20476,135,731,1,1009691761
20477,135,991,2,1009692118
20478,135,1536,5,1009691222
20479,135,379,5,1009691873
20480,135,116,4,1009694067
20481,135,117,4,1009691048
20482,135,382,4,1009693921
20483,135,118,5,1009693087
20484,135,1034,3,1009693129
20485,135,992,3,1009692173
20486,135,1545,4,1009692173
20487,135,3023,3,1009694132
20488,135,3060,4,1009693950
20489,135,122,4,1009692826
20490,135,2678,5,1009694504
20491,135,384,4,1009693935
20492,135,1561,3,1009693406
20493,135,134,3,1009693161
20494,135,135,4,1009693108
20495,135,1567,3,1009690817
20496,135,2680,4,1009690765
20497,135,141,3,1009693348
20498,135,1575,4,1009692840
20499,135,143,2,1009693129
20500,135,1584,3,1009693950
20501,135,144,2,1009692784
20502,135,146,4,1009691256
20503,135,838,5,1009694290
20504,135,1594,4,1009691925
20505,135,1596,3,1009691339
20506,135,1597,2,1009694854
20507,135,392,4,1009693631
20508,135,150,3,1009691236
20509,135,152,4,1009692259
20510,135,2469,5,1009691186
20511,135,1607,2,1009690895
20512,135,154,3,1009691859
20513,135,155,4,1009693317
20514,135,1610,3,1009690943
20515,135,1173,5,1009694080
20516,135,1176,3,1009693014
20517,135,156,3,1009693348
20518,135,1618,3,1009690737
20519,135,1622,2,1009691649
20520,135,160,3,1009693377
20521,135,163,4,1009692001
20522,135,2580,3,1009691467
20523,135,3293,3,1009691078
20524,135,167,5,1009691144
20525,135,399,3,1009691873
20526,135,1632,3,1009691339
20527,135,172,2,1009691726
20528,135,400,4,1009692098
20529,135,179,4,1009692826
20530,135,180,5,1009691915
20531,135,1179,4,1009692024
20532,135,1116,2,1009691256
20533,135,1117,4,1009692129
20534,135,2489,4,1009693484
20535,135,1648,4,1009694943
20536,135,402,3,1009691122
20537,135,403,4,1009691307
20538,135,405,5,1009694539
20539,135,3606,4,1009694539
20540,135,4865,1,1009690782
20541,135,1653,5,1009693910
20542,135,2188,4,1009691164
20543,135,185,4,1009691833
20544,135,188,4,1009691186
20545,135,193,5,1009693602
20546,135,1669,4,1009693331
20547,135,194,4,1009693129
20548,135,195,5,1009693305
20549,135,198,4,1009691846
20550,135,1671,4,1009691292
20551,135,2191,4,1009692890
20552,135,201,5,1009692038
20553,135,2595,4,1009693996
20554,135,1686,4,1009691612
20555,135,4866,3,1009691612
20556,135,1687,4,1009693108
20557,135,416,4,1009691704
20558,135,1692,4,1009693536
20559,135,1696,1,1009692406
20560,135,2199,4,1009694231
20561,135,209,5,1009691897
20562,135,418,3,1009691959
20563,135,1143,4,1009692183
20564,135,1699,2,1009692149
20565,135,4867,4,1009692509
20566,135,420,4,1009691948
20567,135,2205,3,1009693935
20568,135,214,4,1009693144
20569,135,1723,4,1009691164
20570,135,217,4,1009693348
20571,135,423,3,1009692509
20572,135,218,3,1009692784
20573,135,219,4,1009691588
20574,135,220,2,1009692532
20575,135,738,2,1009690737
20576,135,1014,4,1009692612
20577,135,1747,3,1009693161
20578,135,1750,4,1009693144
20579,135,1753,4,1009691660
20580,135,227,5,1009693108
20581,135,1759,4,1009693129
20582,135,229,4,1009692582
20583,135,230,3,1009691977
20584,135,4868,4,1009690920
20585,135,1796,4,1009692595
20586,135,739,3,1009692200
20587,135,430,4,1009692491
20588,135,1797,4,1009692632
20589,135,742,5,1009692652
20590,135,432,5,1009693267
20591,135,1043,4,1009692532
20592,135,437,3,1009692509
20593,135,4869,3,1009691573
20594,135,4870,4,1009691066
20595,135,2619,3,1009693161
20596,135,1876,4,1009694025
20597,135,3177,4,1009690990
20598,135,445,5,1009692470
20599,135,745,4,1009692519
20600,135,3315,4,1009693976
20601,135,2632,3,1009693331
20602,135,2635,3,1009694231
20603,135,4871,4,1009693317
20604,135,4872,4,1009691588
20605,135,1146,4,1009693305
20606,135,4873,2,1009690964
20607,135,1879,1,1009691066
20608,135,4874,5,1009693458
20609,135,1822,2,1009693448
20610,135,1825,5,1009692582
20611,135,4875,1,1009693419
20612,135,457,3,1009692545
20613,135,458,4,1009692556
20614,135,754,5,1009692470
20615,136,487,5,832449222
20616,136,490,5,832449934
20617,136,491,5,832449614
20618,136,493,3,832449345
20619,136,2164,5,832449838
20620,136,461,2,832449299
20621,136,972,2,832449539
20622,136,4,5,832449299
20623,136,505,5,832449522
20624,136,515,4,832450076
20625,136,516,4,832449391
20626,136,8,5,832449274
20627,136,2544,3,832449883
20628,136,4876,3,832449989
20629,136,526,3,832449655
20630,136,464,2,832449136
20631,136,9,5,832449391
20632,136,465,3,832449165
20633,136,528,3,832449475
20634,136,530,3,832449345
20635,136,531,4,832449222
20636,136,11,1,832449637
20637,136,532,5,832449163
20638,136,533,4,832449475
20639,136,534,4,832449755
20640,136,1027,1,832449475
20641,136,1405,3,832449391
20642,136,535,3,832449989
20643,136,536,3,832449964
20644,136,539,1,832449858
20645,136,540,3,832449254
20646,136,4877,5,832451540
20647,136,1024,1,832449560
20648,136,544,5,832449838
20649,136,545,3,832449422
20650,136,3001,3,832449909
20651,136,547,1,832449475
20652,136,549,5,832449705
20653,136,550,3,832449254
20654,136,12,5,832449683
20655,136,558,4,832449274
20656,136,2546,3,832449595
20657,136,14,2,832449197
20658,136,560,3,832449683
20659,136,15,4,832449454
20660,136,563,1,832450019
20661,136,566,3,832449755
20662,136,569,5,832449422
20663,136,466,4,832449254
20664,136,3218,1,832450037
20665,136,571,4,832449501
20666,136,468,3,832449299
20667,136,575,4,832449858
20668,136,578,3,832449614
20669,136,579,4,832451478
20670,136,580,4,832449560
20671,136,581,3,832449595
20672,136,3052,5,832449705
20673,136,584,5,832449365
20674,136,588,3,832449254
20675,136,589,1,832449475
20676,136,17,1,832449136
20677,136,470,3,832449254
20678,136,597,3,832449365
20679,136,18,2,832449197
20680,136,598,3,832449299
20681,136,599,3,832449786
20682,136,1408,2,832449964
20683,136,600,2,832449197
20684,136,19,5,832449501
20685,136,604,5,832449391
20686,136,1409,2,832449755
20687,136,605,4,832449222
20688,136,606,4,832450093
20689,136,471,1,832449164
20690,136,312,1,832449595
20691,136,20,5,832449163
20692,136,609,5,832449883
20693,136,611,5,832449934
20694,136,613,3,832450037
20695,136,472,5,832449683
20696,136,23,4,832449729
20697,136,473,3,832449136
20698,136,474,3,832449274
20699,136,2548,3,832449705
20700,136,630,2,832450005
20701,136,1414,3,832449345
20702,136,1156,5,832449655
20703,136,633,3,832449365
20704,136,634,3,832449222
20705,136,635,3,832449365
20706,136,636,1,832449909
20707,136,637,5,832449786
20708,136,1157,3,832449858
20709,136,639,3,832449705
20710,136,26,5,832449522
20711,136,644,5,832449595
20712,136,2426,4,832450058
20713,136,651,5,832451522
20714,136,1420,3,832449883
20715,136,31,3,832450076
20716,136,32,3,832449422
20717,136,2501,1,832449964
20718,136,323,3,832449163
20719,136,33,3,832449136
20720,136,34,4,832449136
20721,136,35,3,832449522
20722,136,324,3,832449197
20723,136,1423,1,832451461
20724,136,677,4,832449989
20725,136,262,3,832450005
20726,137,1,4,1204859907
20727,137,8,4,1204859490
20728,137,1094,5,1204863636
20729,137,464,3,1204859352
20730,137,2425,5,1204863842
20731,137,16,4,1204859469
20732,137,2071,4,1204858999
20733,137,17,3,1204859460
20734,137,233,3,1204859137
20735,137,21,3,1204859455
20736,137,27,3,1204859401
20737,137,29,3,1204859356
20738,137,1095,5,1204859758
20739,137,323,4,1204859525
20740,137,479,3,1204859360
20741,137,33,3,1204859340
20742,137,35,4,1204859748
20743,137,37,4,1204859806
20744,137,1426,3,1204859027
20745,137,723,5,1204859712
20746,137,1160,2,1204859879
20747,137,43,3,1204859345
20748,137,1028,5,1204859691
20749,137,1438,4,1204859803
20750,137,333,4,1204859703
20751,137,334,4,1204859724
20752,137,335,4,1204859856
20753,137,336,5,1204859738
20754,137,1098,4,1204859769
20755,137,45,5,1204859924
20756,137,831,5,1204859734
20757,137,46,5,1204859839
20758,137,724,4,1204863861
20759,137,3053,3,1204859833
20760,137,3009,5,1204859789
20761,137,2395,4,1204859888
20762,137,49,4,1204859817
20763,137,3010,3,1204859912
20764,137,3169,3,1204859078
20765,137,2143,4,1204859884
20766,137,1774,3,1204859023
20767,137,266,4,1204859071
20768,137,68,5,1204863777
20769,137,1102,4,1204863618
20770,137,69,4,1204859543
20771,137,70,3,1204859796
20772,137,71,4,1204859688
20773,137,1029,4,1204859777
20774,137,352,4,1204859709
20775,137,2396,5,1204859766
20776,137,1104,3,1204859752
20777,137,73,5,1204859781
20778,137,74,3,1204859820
20779,137,76,5,1204859754
20780,137,77,5,1204859799
20781,137,1137,5,1204859699
20782,137,354,5,1204859825
20783,137,1138,4,1204863671
20784,137,1106,5,1204863789
20785,137,2416,4,1204859035
20786,137,2079,4,1204859784
20787,137,2080,4,1204863783
20788,137,2397,4,1204859745
20789,137,2901,3,1204859916
20790,137,865,4,1204859875
20791,137,355,5,1204859761
20792,137,1107,4,1204859742
20793,137,2176,3,1204859846
20794,137,84,3,1204859851
20795,137,1108,3,1204859794
20796,137,2145,3,1204859696
20797,137,1110,3,1204859004
20798,137,86,3,1204859897
20799,137,269,5,1204863817
20800,137,360,5,1204859865
20801,137,3000,4,1204863870
20802,137,1113,5,1204863767
20803,137,2902,4,1204859933
20804,137,361,4,1204863793
20805,137,1470,3,1204859081
20806,137,102,3,1204859475
20807,137,988,4,1204859407
20808,137,115,4,1204863712
20809,137,4878,5,1204863774
20810,137,2039,4,1204863762
20811,137,1543,3,1204859030
20812,137,3060,4,1204859049
20813,137,122,4,1204859327
20814,137,2678,5,1204859055
20815,137,273,3,1204859087
20816,137,4879,4,1204863730
20817,137,1607,3,1204859063
20818,137,167,4,1204859379
20819,137,172,3,1204859532
20820,137,176,3,1204863751
20821,137,181,3,1204859506
20822,137,402,4,1204859315
20823,137,4880,4,1204863839
20824,137,193,3,1204859536
20825,137,1669,3,1204859040
20826,137,198,4,1204859517
20827,137,1683,2,1204859010
20828,137,2197,3,1204863846
20829,137,1718,3,1204859946
20830,137,1186,4,1204863614
20831,137,1722,3,1204859953
20832,137,3066,4,1204863814
20833,137,3041,4,1204859919
20834,137,220,3,1204859529
20835,137,223,4,1204859948
20836,137,4881,4,1204863679
20837,137,1124,4,1204863644
20838,137,4273,4,1204859928
20839,137,432,3,1204859320
20840,137,1191,3,1204859893
20841,137,745,4,1204859371
20842,137,3553,4,1204863807
20843,137,3554,3,1204859196
20844,137,753,2,1204859503
20845,137,754,5,1204859309
20846,137,755,4,1204859463
20847,137,232,3,1204859957
20848,137,4882,4,1204863704
20849,137,4883,4,1204863825
20850,137,765,4,1204859376
20851,137,769,3,1204859397
20852,137,876,4,1204859323
20853,137,3752,5,1204863597
20854,137,1214,4,1204859228
20855,137,4884,3,1204859931
20856,137,4885,3,1204859200
20857,137,2247,4,1204863803
20858,137,3597,3,1204859254
20859,137,775,5,1204859478
20860,137,4886,4,1204859227
20861,137,2782,3,1204863659
20862,137,4887,3,1204864005
20863,137,2119,4,1204859721
20864,137,4888,4,1204859960
20865,137,891,4,1204859715
20866,137,809,3,1204859495
20867,138,305,5,1222676038
20868,138,674,4,1222675998
20869,138,1424,2,1222676100
20870,138,264,4,1222675970
20871,138,330,5,1222676107
20872,138,3282,5,1222676090
20873,138,4051,1,1222676125
20874,138,113,0,1222676017
20875,138,3502,3,1222676198
20876,138,2092,4,1222676075
20877,138,992,3,1222675950
20878,138,136,3,1222676193
20879,138,387,5,1222675936
20880,138,157,1,1222675985
20881,138,4889,1,1222676555
20882,138,1116,0,1222676033
20883,138,184,2,1222676027
20884,138,4890,5,1222676473
20885,138,1798,5,1222676520
20886,138,432,5,1222676455
20887,138,4891,4,1222676542
20888,138,1283,5,1222676516
20889,139,493,1,1453924016
20890,139,16,4,1453923975
20891,139,71,4,1453923978
20892,139,1011,2,1453924450
20893,139,1012,2,1453924610
20894,139,1042,3,1453924452
20895,139,220,2,1453924097
20896,139,1014,2,1453924406
20897,139,1015,1,1453924312
20898,139,228,1,1453924789
20899,139,1016,4,1453924219
20900,139,229,3,1453924104
20901,139,1764,1,1453924813
20902,139,1018,3,1453924630
20903,139,2715,0,1453924592
20904,139,742,2,1453924216
20905,139,432,2,1453924123
20906,139,2475,1,1453925402
20907,139,3310,1,1453924658
20908,139,435,2,1453925243
20909,139,1805,2,1453924314
20910,139,437,3,1453924163
20911,139,2043,1,1453925321
20912,139,1023,1,1453924446
20913,139,744,4,1453924461
20914,139,2212,2,1453925114
20915,139,1812,2,1453924414
20916,139,745,2,1453924100
20917,139,1816,1,1453924436
20918,139,1044,2,1453924298
20919,139,1824,1,1453924537
20920,139,1830,1,1453924776
20921,139,752,3,1453924117
20922,139,2696,1,1453925235
20923,139,2717,0,1453924369
20924,139,754,4,1453923961
20925,139,1834,3,1453924529
20926,139,3182,2,1453925133
20927,139,3645,2,1453925174
20928,139,1838,2,1453925133
20929,139,2222,3,1453924991
20930,139,1840,1,1453924651
20931,139,1843,1,1453925158
20932,139,757,3,1453924140
20933,139,3327,1,1453924949
20934,139,1199,2,1453924144
20935,139,1846,2,1453925284
20936,139,759,1,1453924128
20937,139,760,2,1453924285
20938,139,1847,1,1453925100
20939,139,761,2,1453924404
20940,139,848,1,1453924369
20941,139,762,2,1453924270
20942,139,1203,2,1453924322
20943,139,2772,1,1453924632
20944,139,764,3,1453924192
20945,139,4483,0,1453925119
20946,139,1204,2,1453924462
20947,139,765,4,1453923969
20948,139,857,2,1453924442
20949,139,873,1,1453925221
20950,139,3616,1,1453925166
20951,139,1854,2,1453924649
20952,139,768,2,1453924191
20953,139,1210,2,1453924306
20954,139,770,1,1453924653
20955,139,2235,2,1453924353
20956,139,771,3,1453924106
20957,139,235,3,1453924136
20958,139,773,2,1453924255
20959,139,2245,1,1453924892
20960,139,2251,3,1453924470
20961,139,1218,1,1453924235
20962,139,775,4,1453923970
20963,139,3198,1,1453924977
20964,139,2969,2,1453925221
20965,139,1047,1,1453924308
20966,139,1219,2,1453925353
20967,139,3344,1,1453925299
20968,139,4185,1,1453925384
20969,139,1048,3,1453924161
20970,139,777,2,1453924635
20971,139,3345,1,1453924827
20972,139,779,2,1453924194
20973,139,780,3,1453924202
20974,139,2753,2,1453924912
20975,139,782,1,1453924591
20976,139,4892,1,1453925397
20977,139,784,2,1453924205
20978,139,3352,2,1453925153
20979,139,788,1,1453925036
20980,139,2266,1,1453924256
20981,139,795,3,1453924148
20982,139,798,2,1453924617
20983,139,3357,0,1453925292
20984,139,3073,1,1453924923
20985,139,1239,2,1453924506
20986,139,808,1,1453925140
20987,139,809,2,1453924246
20988,139,1240,2,1453924842
20989,139,810,3,1453924154
20990,139,812,1,1453924481
20991,139,1241,2,1453924809
20992,139,813,1,1453924692
20993,139,1242,4,1453924387
20994,139,4313,1,1453925352
20995,139,1245,2,1453925237
20996,139,1246,3,1453924684
20997,139,1247,2,1453924864
20998,139,1252,2,1453924549
20999,139,1254,2,1453924519
21000,139,1255,2,1453924277
21001,139,821,0,1453924905
21002,139,1050,2,1453925059
21003,139,1133,1,1453924232
21004,139,1052,2,1453924212
21005,139,824,3,1453924208
21006,139,825,1,1453925032
21007,139,2326,2,1453924382
21008,139,2056,1,1453924875
21009,139,2979,1,1453924666
21010,139,3153,1,1453924859
21011,139,1906,1,1453925181
21012,139,1264,2,1453924502
21013,139,2057,1,1453925085
21014,139,2335,0,1453925178
21015,139,1269,2,1453924510
21016,139,2519,3,1453924440
21017,139,3154,2,1453924708
21018,139,903,2,1453924231
21019,139,2987,0,1453925168
21020,139,1271,3,1453924978
21021,139,1276,1,1453924829
21022,139,2062,2,1453925388
21023,139,1910,1,1453925241
21024,139,239,3,1453924116
21025,139,1055,3,1453924202
21026,139,1912,2,1453924529
21027,139,1282,1,1453924671
21028,139,1283,2,1453924562
21029,139,1284,1,1453924998
21030,139,3081,1,1453925062
21031,139,1285,2,1453924850
21032,139,1286,4,1453924493
21033,139,2523,3,1453924952
21034,139,912,3,1453924860
21035,139,2066,2,1453924898
21036,139,1292,3,1453924939
21037,139,1059,1,1453924533
21038,139,1296,0,1453924895
21039,139,1152,3,1453924318
21040,139,1918,2,1453925194
21041,139,916,2,1453923981
21042,139,2991,1,1453924696
21043,139,1920,1,1453925225
21044,139,918,3,1453924530
21045,139,1061,0,1453924297
21046,139,927,1,1453924231
21047,139,243,1,1453924356
21048,139,1308,1,1453924902
21049,139,1926,2,1453924478
21050,139,1313,1,1453924578
21051,139,1134,2,1453923985
21052,139,932,2,1453924797
21053,139,245,2,1453924150
21054,139,1315,1,1453925398
21055,139,1931,2,1453925301
21056,139,1932,2,1453925291
21057,139,1933,2,1453924461
21058,139,1155,3,1453924784
21059,139,1065,2,1453925284
21060,139,1325,2,1453924840
21061,139,1327,2,1453925384
21062,139,1328,3,1453924615
21063,139,1331,2,1453924928
21064,139,1941,1,1453924932
21065,139,1067,2,1453924402
21066,139,1068,2,1453924582
21067,139,250,4,1453924397
21068,139,1069,1,1453925033
21069,139,949,2,1453925110
21070,139,951,3,1453924765
21071,139,1070,2,1453924780
21072,139,1343,4,1453924710
21073,139,252,2,1453924383
21074,139,1346,1,1453925006
21075,139,1347,2,1453924988
21076,139,959,4,1453925048
21077,139,253,0,1453924741
21078,139,962,3,1453924663
21079,139,1075,2,1453925110
21080,139,1998,3,1453924868
21081,139,1081,4,1453924027
21082,139,1366,2,1453925315
21083,140,1,3,942924980
21084,140,482,3,1085569813
21085,140,3,5,942843185
21086,140,488,4,949667337
21087,140,292,4,949666898
21088,140,494,3,951163606
21089,140,2164,3,967049087
21090,140,461,4,942910010
21091,140,4,4,942842215
21092,140,5,3,942840991
21093,140,505,4,1055092420
21094,140,510,4,942844005
21095,140,516,2,1085569725
21096,140,519,3,949667320
21097,140,520,4,949667353
21098,140,8,4,942903980
21099,140,527,3,1032259081
21100,140,464,5,942842394
21101,140,9,4,949667175
21102,140,531,4,949667232
21103,140,11,3,967048969
21104,140,3607,3,967048354
21105,140,532,4,967049233
21106,140,540,3,1085569703
21107,140,1024,2,973800069
21108,140,550,4,1085569730
21109,140,552,3,1021898818
21110,140,2425,3,949666758
21111,140,572,3,967048906
21112,140,16,4,942842304
21113,140,467,4,949667125
21114,140,468,3,942842894
21115,140,581,3,949667152
21116,140,585,2,973800087
21117,140,588,3,967049135
21118,140,589,5,942843185
21119,140,17,4,942843185
21120,140,591,3,942842895
21121,140,598,4,949667371
21122,140,233,4,942840891
21123,140,1409,2,967049270
21124,140,605,3,1085569715
21125,140,20,4,967049014
21126,140,609,3,949667416
21127,140,611,3,949507627
21128,140,21,4,949666898
21129,140,22,4,949666953
21130,140,472,4,949666898
21131,140,315,3,942842814
21132,140,4893,3,967048734
21133,140,973,3,967049118
21134,140,622,4,967048935
21135,140,473,4,1085569631
21136,140,626,3,942842894
21137,140,1415,4,951163625
21138,140,634,3,1085569685
21139,140,637,4,1055093032
21140,140,639,4,951163625
21141,140,26,4,942841471
21142,140,641,3,942842894
21143,140,475,4,967048858
21144,140,27,4,949667008
21145,140,28,4,1030559180
21146,140,661,3,1055092379
21147,140,29,5,942840891
21148,140,975,4,949667115
21149,140,322,3,949667435
21150,140,1095,3,942841859
21151,140,32,4,942842814
21152,140,669,3,949666667
21153,140,671,3,1085569696
21154,140,323,3,942841791
21155,140,33,5,942842894
21156,140,35,4,949666792
21157,140,324,5,942840991
21158,140,481,5,949667232
21159,140,325,4,942842895
21160,140,37,5,942842394
21161,140,673,3,1020424600
21162,140,261,4,949667115
21163,140,38,4,949667466
21164,140,3691,3,949667253
21165,140,3004,3,952101285
21166,140,41,3,942844165
21167,140,42,3,967049071
21168,140,43,4,1008776130
21169,140,1432,4,967049233
21170,140,328,4,949666942
21171,140,2444,3,1067987173
21172,140,1435,4,942842731
21173,140,701,3,949666683
21174,140,705,4,1055092531
21175,140,706,4,949667543
21176,140,1028,5,942842394
21177,140,1436,4,951163154
21178,140,336,4,1085569768
21179,140,265,4,942841652
21180,140,45,4,1085569784
21181,140,337,5,1055092887
21182,140,724,4,1021898943
21183,140,2395,3,942842215
21184,140,2143,4,942842265
21185,140,714,5,949666758
21186,140,2666,3,1032259036
21187,140,1769,4,1021899137
21188,140,1771,4,1021899112
21189,140,1772,4,951416146
21190,140,3281,4,1021899101
21191,140,3282,4,1055092562
21192,140,1448,4,1021898763
21193,140,863,4,1021899012
21194,140,1775,5,1021898963
21195,140,1135,4,942841715
21196,140,1449,3,967048969
21197,140,61,4,1012506531
21198,140,2144,3,1032258931
21199,140,344,4,1021898963
21200,140,63,3,949666815
21201,140,64,4,1055092338
21202,140,65,3,951163661
21203,140,346,3,949667201
21204,140,833,2,949666857
21205,140,66,4,942841866
21206,140,725,4,1055093098
21207,140,67,3,1080845698
21208,140,348,3,942843452
21209,140,349,3,1085569823
21210,140,1102,3,942842304
21211,140,69,3,942842265
21212,140,71,4,942841170
21213,140,1029,4,1080845650
21214,140,1103,4,942842894
21215,140,2396,5,942841471
21216,140,74,3,1117729537
21217,140,75,3,942843185
21218,140,76,4,1080845712
21219,140,1137,3,942840891
21220,140,1106,2,942841351
21221,140,2416,4,1180627829
21222,140,2079,3,942842265
21223,140,1139,5,942841170
21224,140,82,3,942841243
21225,140,2397,3,942841937
21226,140,726,3,942841791
21227,140,355,5,942841937
21228,140,1107,3,1115312282
21229,140,2145,5,942841394
21230,140,85,3,949666815
21231,140,357,4,942842895
21232,140,86,3,942841859
21233,140,269,5,942841652
21234,140,1111,4,942842333
21235,140,90,3,942841859
21236,140,270,4,1067987072
21237,140,361,5,942842894
21238,140,866,3,1085569797
21239,140,2558,3,949667094
21240,140,4894,3,952101286
21241,140,978,3,967049042
21242,140,2147,4,1055092393
21243,140,2420,4,949667278
21244,140,94,3,949667243
21245,140,4895,4,949667141
21246,140,95,4,1055092389
21247,140,1479,4,949667353
21248,140,2179,3,967049270
21249,140,4896,4,949667201
21250,140,98,5,942842565
21251,140,981,4,967049118
21252,140,100,3,942844165
21253,140,101,3,951163606
21254,140,102,3,1024051464
21255,140,727,5,949666942
21256,140,4667,4,949667573
21257,140,984,3,949667202
21258,140,728,5,949666998
21259,140,2670,3,949666912
21260,140,985,3,967049270
21261,140,104,4,942841270
21262,140,366,1,1055092617
21263,140,1032,2,967049014
21264,140,4897,3,967047762
21265,140,834,5,967048906
21266,140,729,4,942841471
21267,140,986,3,977403363
21268,140,987,3,942910010
21269,140,234,4,1055092969
21270,140,988,4,942841219
21271,140,4898,5,949667094
21272,140,1169,4,949666998
21273,140,1515,3,949667416
21274,140,1519,3,993208423
21275,140,2399,3,967049059
21276,140,1525,4,946989913
21277,140,3022,4,949667071
21278,140,4899,4,1021898963
21279,140,2038,3,1021898963
21280,140,3501,4,1012506531
21281,140,4900,5,942841652
21282,140,1171,4,942842394
21283,140,3503,3,942904025
21284,140,118,4,1055092965
21285,140,1777,3,949667202
21286,140,383,4,942842814
21287,140,3060,3,942840891
21288,140,837,4,1035368843
21289,140,122,5,942841170
21290,140,127,3,1172256140
21291,140,3024,4,1010775624
21292,140,4901,4,1055092732
21293,140,384,3,1024051433
21294,140,4902,4,942844235
21295,140,128,4,1021899034
21296,140,1036,4,1021899051
21297,140,1141,4,942843138
21298,140,1590,3,945179649
21299,140,145,4,942842265
21300,140,2488,3,1021898803
21301,140,1037,4,949667554
21302,140,3227,4,942843611
21303,140,3289,3,951163661
21304,140,4903,3,942904025
21305,140,150,4,949666998
21306,140,4147,3,942841394
21307,140,3229,4,1152897788
21308,140,1864,4,1030559180
21309,140,2682,4,1075154575
21310,140,4492,2,1075154552
21311,140,160,4,1004111456
21312,140,1115,4,951163625
21313,140,2578,4,949667445
21314,140,2471,4,942924980
21315,140,165,3,942841394
21316,140,166,4,1055092497
21317,140,4904,3,1075154630
21318,140,167,4,967048185
21319,140,4905,2,1075154614
21320,140,1632,4,949667704
21321,140,171,2,944488906
21322,140,2187,3,1075154403
21323,140,172,4,942844235
21324,140,173,3,942841652
21325,140,4906,4,977403325
21326,140,400,0,1075154511
21327,140,2094,3,1055092442
21328,140,180,1,944488906
21329,140,1116,3,1005326516
21330,140,401,1,1075154594
21331,140,181,4,1085569775
21332,140,1865,4,942924666
21333,140,403,4,942908620
21334,140,4677,4,1021899101
21335,140,4907,1,949666667
21336,140,183,4,1032258861
21337,140,3297,3,967049087
21338,140,4908,3,942840891
21339,140,1656,4,942844165
21340,140,185,4,1055092164
21341,140,2591,4,967047885
21342,140,4909,3,1075154443
21343,140,2593,4,942839914
21344,140,2097,3,1075154522
21345,140,189,4,1021898963
21346,140,190,4,1021898943
21347,140,191,3,1021898980
21348,140,1181,4,942842814
21349,140,4910,3,1075154437
21350,140,1671,3,1075154485
21351,140,4911,2,1021899034
21352,140,2098,1,1117729296
21353,140,4912,3,1075154503
21354,140,203,4,1021898980
21355,140,3233,4,942842942
21356,140,4913,3,1084273210
21357,140,2595,4,993208220
21358,140,2192,3,949667403
21359,140,1686,4,967048994
21360,140,1687,4,942844005
21361,140,2193,4,1055093044
21362,140,2194,3,949667371
21363,140,1120,3,949667371
21364,140,4914,3,1008776130
21365,140,204,3,1055092222
21366,140,2929,3,1055092366
21367,140,3675,5,947102515
21368,140,205,4,1021899051
21369,140,841,4,947102663
21370,140,416,2,1075154390
21371,140,2196,5,949667403
21372,140,4915,3,1035368737
21373,140,1788,4,955134145
21374,140,2197,4,1055092383
21375,140,3063,4,1055092353
21376,140,4177,3,1055092533
21377,140,418,5,949667071
21378,140,2201,4,949666998
21379,140,1184,3,967049135
21380,140,4684,4,1021898980
21381,140,1701,4,1013599884
21382,140,419,2,1007139599
21383,140,2493,3,1055092346
21384,140,3505,4,1012506511
21385,140,2205,4,1014225118
21386,140,1706,5,1024051433
21387,140,2403,4,1117729593
21388,140,4916,4,1021899149
21389,140,422,3,1004036158
21390,140,215,4,1055093016
21391,140,2159,4,1021898998
21392,140,1722,4,1012506511
21393,140,3040,4,1021898998
21394,140,424,4,1004111443
21395,140,1013,3,1004036158
21396,140,1042,4,973800103
21397,140,4917,3,967049233
21398,140,220,4,973265043
21399,140,4918,1,1021302537
21400,140,738,3,997958427
21401,140,2161,4,960561697
21402,140,1004,3,1021898998
21403,140,1145,4,960561697
21404,140,4919,3,960561677
21405,140,1743,5,960561729
21406,140,1015,4,980422140
21407,140,843,4,960561743
21408,140,4920,4,960561709
21409,140,1124,3,960561635
21410,140,1187,3,977403302
21411,140,1016,4,973264967
21412,140,1795,4,967047814
21413,140,1017,3,1012506472
21414,140,1018,3,993208295
21415,140,4687,3,1079472417
21416,140,2163,4,1055092266
21417,140,2496,2,997958529
21418,140,4921,4,1021899051
21419,140,4922,3,1005326428
21420,140,740,5,973265072
21421,140,1797,2,1172256087
21422,140,431,3,1079472536
21423,140,2715,3,997958279
21424,140,3308,4,997958529
21425,140,2209,3,1004036158
21426,140,4923,3,1004035971
21427,140,4924,3,1055092304
21428,140,4925,4,980422259
21429,140,1802,2,997958291
21430,140,1022,3,1004036226
21431,140,434,4,1004035907
21432,140,743,4,997958555
21433,140,1804,3,997958529
21434,140,1043,4,993208171
21435,140,1805,4,980422416
21436,140,437,2,1012506124
21437,140,4926,3,1000899120
21438,140,439,4,997958279
21439,140,440,4,997958210
21440,140,4927,2,1172256091
21441,140,4928,4,1021899101
21442,140,2210,4,1055092243
21443,140,4929,4,981483298
21444,140,1876,3,1012506552
21445,140,1810,4,997958385
21446,140,4930,3,1014225063
21447,140,4931,4,1055092250
21448,140,2497,3,1012506552
21449,140,744,5,985367644
21450,140,4932,5,999601633
21451,140,445,3,1020883962
21452,140,4933,3,1012505945
21453,140,4934,4,1034362649
21454,140,4935,4,1021302558
21455,140,4936,2,1005326490
21456,140,1813,3,1008263374
21457,140,745,3,1010775654
21458,140,746,4,991396902
21459,140,2628,4,993208247
21460,140,2629,4,993208204
21461,140,3315,3,1055092309
21462,140,1192,5,993208194
21463,140,4937,4,993208295
21464,140,4938,4,993208220
21465,140,2631,3,993208280
21466,140,4939,2,1010775581
21467,140,1817,3,1013599592
21468,140,868,3,1079472471
21469,140,3179,3,1012506322
21470,140,3242,3,1067987083
21471,140,2947,3,1117729488
21472,140,4940,3,1014225103
21473,140,4941,5,1014225103
21474,140,2647,4,1039547791
21475,140,3321,4,1021898818
21476,140,2216,3,1055092644
21477,140,749,3,1010775559
21478,140,4942,3,1055092455
21479,140,4943,2,1010775581
21480,140,4944,3,1020883917
21481,140,4945,3,1008775205
21482,140,4102,2,1080845510
21483,140,1825,4,1018535155
21484,140,4946,4,1021899069
21485,140,4947,3,1021899069
21486,140,4948,3,1028042996
21487,140,4949,3,1055093091
21488,140,750,4,1030558882
21489,140,1829,4,1036408826
21490,140,2123,4,1117729508
21491,140,4950,4,1055092325
21492,140,4951,3,1036408849
21493,140,751,4,1021898635
21494,140,3498,4,1036408891
21495,140,752,4,1039547738
21496,140,4470,3,1020883962
21497,140,458,3,1030559001
21498,140,1831,3,1030558967
21499,140,2044,4,1039547644
21500,140,4952,4,1117729748
21501,140,2695,3,1008263469
21502,140,753,3,1030558935
21503,140,2717,2,1055896066
21504,140,4953,3,1031567961
21505,140,754,3,1030558904
21506,140,4472,3,1028042869
21507,140,755,5,1012506009
21508,140,2220,4,1012505914
21509,140,1835,4,1014225035
21510,140,1836,4,1037013482
21511,140,4954,3,1055896057
21512,140,280,3,1028043033
21513,140,232,4,1010775654
21514,140,2124,4,1033727505
21515,140,869,3,1166645499
21516,140,2498,3,1037013446
21517,140,4955,3,1012506623
21518,140,1837,4,1012506578
21519,140,4956,4,1015413986
21520,140,2718,3,1028043008
21521,140,2222,3,1034362738
21522,140,4957,4,1055092948
21523,140,756,4,1044405442
21524,140,4958,3,1037013545
21525,140,1198,3,1058312998
21526,140,2223,4,1032258894
21527,140,4959,4,1037013482
21528,140,3184,1,1117729298
21529,140,2224,2,1037013502
21530,140,1842,5,1039547591
21531,140,4479,3,1036408912
21532,140,2225,2,1172256057
21533,140,4960,2,1021898844
21534,140,757,3,1115290565
21535,140,4961,3,1024051464
21536,140,4962,3,1030558935
21537,140,1844,2,1079472693
21538,140,870,3,1055093077
21539,140,758,4,1038224094
21540,140,1845,3,1060354397
21541,140,3327,3,1058313018
21542,140,1199,4,1024682814
21543,140,4172,3,1038224094
21544,140,4963,3,1055092974
21545,140,759,3,1055092997
21546,140,2226,3,1055092478
21547,140,761,4,1028042730
21548,140,4111,4,1028042773
21549,140,848,1,1028042773
21550,140,4964,3,1156530514
21551,140,849,3,1044405477
21552,140,3330,4,1030559148
21553,140,4965,3,1060354508
21554,140,1200,3,1058313041
21555,140,4966,2,1055896083
21556,140,871,3,1115290654
21557,140,4967,4,1058312977
21558,140,2230,3,1067987097
21559,140,2125,3,1079472463
21560,140,3559,2,1058313025
21561,140,3560,5,1117729634
21562,140,4968,3,1058312967
21563,140,4969,1,1044405733
21564,140,4970,3,1084272976
21565,140,856,3,1117730666
21566,140,872,2,1055896076
21567,140,2231,3,1080845501
21568,140,4971,3,1079472387
21569,140,765,4,1079472379
21570,140,4839,3,1080239050
21571,140,1045,1,1117729302
21572,140,766,4,1055896017
21573,140,1206,3,1058312828
21574,140,3616,3,1044405535
21575,140,4972,3,1058313047
21576,140,4973,3,1048296463
21577,140,3191,3,1079472399
21578,140,4117,3,1071665311
21579,140,4974,4,1048296571
21580,140,4975,4,1087314689
21581,140,2233,3,1055092087
21582,140,1857,3,1067987036
21583,140,4976,3,1087314647
21584,140,1209,3,1087314697
21585,140,876,4,1079472354
21586,140,1210,5,1055092051
21587,140,3194,3,1087314631
21588,140,4977,4,1058312841
21589,140,4978,4,1058312818
21590,140,4122,4,1058312855
21591,140,3657,2,1096909124
21592,140,771,3,1079472360
21593,140,2237,3,1067987025
21594,140,3662,3,1145991051
21595,140,2238,4,1067986856
21596,140,4979,1,1117729292
21597,140,2514,3,1080239113
21598,140,1213,2,1156530521
21599,140,3335,3,1067986859
21600,140,3668,3,1115290606
21601,140,2719,3,1166645494
21602,140,1214,4,1067987021
21603,140,4980,4,1067987015
21604,140,1148,3,1096909055
21605,140,235,2,1115290612
21606,140,3337,3,1067986867
21607,140,3670,3,1079472527
21608,140,3338,5,1067987104
21609,140,773,3,1115312462
21610,140,2243,5,1071665077
21611,140,4981,3,1080845528
21612,140,1217,5,1115290263
21613,140,3264,4,1115290235
21614,140,4982,5,1117729689
21615,140,3341,3,1115290572
21616,140,774,3,1075154237
21617,140,879,4,1145991095
21618,140,775,5,1075154234
21619,140,776,3,1117730641
21620,140,3571,3,1172256039
21621,140,4983,3,1087314879
21622,140,3198,4,1075154247
21623,140,2252,4,1080238970
21624,140,2708,3,1115290667
21625,140,4984,3,1096909067
21626,140,2406,3,1115290672
21627,140,3757,2,1115290679
21628,140,777,3,1115290276
21629,140,3145,3,1126295278
21630,140,4985,1,1117729371
21631,140,4986,1,1117729294
21632,140,778,4,1117729577
21633,140,2262,4,1124825411
21634,140,887,3,1115290578
21635,140,784,3,1096908981
21636,140,236,3,1096909170
21637,140,795,4,1115290248
21638,140,797,3,1117729426
21639,140,2271,3,1121198127
21640,140,4987,3,1124825567
21641,140,4988,1,1117729380
21642,140,4989,4,1115290193
21643,140,2050,4,1126295231
21644,140,891,3,1115290214
21645,140,801,3,1152898237
21646,140,2284,3,1124825558
21647,140,2285,3,1124825591
21648,140,893,3,1172256051
21649,140,4990,3,1145991142
21650,140,4991,2,1124825624
21651,140,804,3,1124825615
21652,140,3774,2,1115290499
21653,140,2286,4,1121198212
21654,140,809,4,1117729179
21655,140,2288,4,1121198121
21656,140,895,3,1166645488
21657,140,812,3,1166645504
21658,140,3216,4,1145991088
21659,140,4992,2,1124825511
21660,140,4993,4,1124825486
21661,140,2289,3,1166645407
21662,140,1244,3,1172256009
21663,140,4994,3,1145991113
21664,140,1247,3,1156530503
21665,140,2293,4,1152897676
21666,140,3585,3,1166645512
21667,140,4995,2,1156530456
21668,140,2299,4,1152898575
21669,140,1895,4,1145990626
21670,140,3374,3,1156530480
21671,140,2301,3,1156530595
21672,140,2054,3,1152897804
21673,140,4996,2,1152898617
21674,140,4997,5,1152898385
21675,140,2303,4,1166645387
21676,140,4998,3,1152898459
21677,140,1252,3,1159467898
21678,140,4999,1,1160763894
21679,140,3381,4,1166645423
21680,140,819,3,1160763876
21681,140,5000,3,1156530384
21682,140,899,3,1180627467
21683,140,2313,3,1172255988
21684,140,238,3,1172255954
21685,140,824,4,1180627460
21686,140,5001,3,1180627544
21687,140,2320,4,1172255978
21688,140,5002,2,1180627448
21689,140,2323,3,1172255946
21690,140,1268,3,1186077792
21691,141,1,4,1513130643
21692,141,493,2,1513130814
21693,141,4,3,1513130660
21694,141,519,3,1513130895
21695,141,1403,3,1513132255
21696,141,8,3,1513129871
21697,141,464,3,1513130652
21698,141,14,3,1513131879
21699,141,16,4,1513129794
21700,141,17,4,1513130625
21701,141,598,3,1513131947
21702,141,233,4,1513129787
21703,141,471,2,1513130695
21704,141,21,4,1513129888
21705,141,472,4,1513130667
21706,141,23,2,1513131870
21707,141,25,3,1513132199
21708,141,27,3,1513130636
21709,141,28,3,1513131874
21710,141,660,4,1513131966
21711,141,323,4,1513130147
21712,141,40,4,1513132078
21713,141,43,3,1513130655
21714,141,1430,2,1513132086
21715,141,706,2,1513132100
21716,141,1028,2,1513129959
21717,141,69,3,1513129840
21718,141,70,3,1513131865
21719,141,71,3,1513129799
21720,141,74,4,1513129848
21721,141,85,3,1513131867
21722,141,86,2,1513131860
21723,141,90,2,1513129853
21724,141,1485,2,1513131913
21725,141,99,3,1513130782
21726,141,1031,3,1513130727
21727,141,102,3,1513130713
21728,141,1032,4,1513130821
21729,141,729,3,1513130947
21730,141,234,3,1513129965
21731,141,109,4,1513130755
21732,141,731,3,1513130780
21733,141,991,3,1513132127
21734,141,382,4,1513131894
21735,141,118,3,1513131918
21736,141,992,3,1513132131
21737,141,122,4,1513129890
21738,141,1601,4,1513130163
21739,141,161,3,1513132289
21740,141,163,4,1513130803
21741,141,167,3,1513129802
21742,141,400,3,1513130951
21743,141,1003,3,1513132111
21744,141,180,3,1513130965
21745,141,1179,3,1513130764
21746,141,181,3,1513131884
21747,141,1653,3,1513132022
21748,141,193,5,1513130645
21749,141,199,4,1513132044
21750,141,201,3,1513130967
21751,141,736,4,1513130145
21752,141,204,3,1513130740
21753,141,416,4,1513130971
21754,141,418,4,1513132105
21755,141,1706,5,1513132266
21756,141,218,4,1513132169
21757,141,1041,2,1513130548
21758,141,2606,5,1513132182
21759,141,220,5,1513130008
21760,141,1187,3,1513130960
21761,141,1757,3,1513132421
21762,141,1016,3,1513130459
21763,141,1188,3,1513130584
21764,141,1797,3,1513132380
21765,141,1800,2,1513132273
21766,141,433,4,1513132243
21767,141,1022,4,1513130266
21768,141,743,3,1513130528
21769,141,1043,3,1513130246
21770,141,1805,2,1513132395
21771,141,437,4,1513130268
21772,141,445,3,1513130197
21773,141,745,4,1513130194
21774,141,868,2,1513132073
21775,141,1823,2,1513132413
21776,141,1195,3,1513132166
21777,141,752,4,1513130010
21778,141,458,3,1513130260
21779,141,753,4,1513130228
21780,141,1126,3,1513130212
21781,141,1832,3,1513130978
21782,141,754,4,1513129856
21783,141,756,3,1513130419
21784,141,1199,3,1513129905
21785,141,759,4,1513130156
21786,141,760,3,1513130468
21787,141,848,3,1513132410
21788,141,762,3,1513130473
21789,141,763,4,1513130909
21790,141,765,3,1513129812
21791,141,766,3,1513130242
21792,141,767,3,1513132416
21793,141,769,3,1513130320
21794,141,1209,3,1513131841
21795,141,876,4,1513130221
21796,141,771,4,1513130205
21797,141,772,3,1513130476
21798,141,235,3,1513129978
21799,141,773,3,1513130404
21800,141,774,3,1513130077
21801,141,1218,4,1513130431
21802,141,775,4,1513129810
21803,141,1048,3,1513129995
21804,141,779,2,1513130958
21805,141,780,4,1513130067
21806,141,782,4,1513132277
21807,141,887,4,1513132213
21808,141,1227,4,1513132233
21809,141,1228,3,1513130594
21810,141,2266,4,1513130386
21811,141,795,4,1513130232
21812,141,807,2,1513130341
21813,141,809,2,1513130398
21814,141,810,3,1513129874
21815,141,1892,3,1513132136
21816,141,2127,3,1513131843
21817,141,1894,4,1513130073
21818,141,1251,5,1513130007
21819,141,818,3,1513132281
21820,141,1256,3,1513130368
21821,141,2055,5,1513132223
21822,141,2316,2,1513132065
21823,141,238,3,1513130317
21824,141,1053,3,1513129955
21825,141,2326,5,1513129972
21826,141,900,2,1513130390
21827,141,1905,3,1513132264
21828,141,2519,3,1513130504
21829,141,1270,2,1513132229
21830,141,903,3,1513129892
21831,141,2058,3,1513130596
21832,141,2059,3,1513130440
21833,141,1054,3,1513130493
21834,141,904,3,1513130423
21835,141,239,5,1513129850
21836,141,1055,3,1513129882
21837,141,1283,3,1513132174
21838,141,1056,5,1513130248
21839,141,916,5,1513129898
21840,141,1297,3,1513132006
21841,141,1060,3,1513132406
21842,141,918,4,1513130002
21843,141,242,3,1513130522
21844,141,927,2,1513130337
21845,141,928,2,1513129984
21846,141,1134,4,1513130484
21847,141,1153,5,1513130508
21848,141,1934,3,1513129992
21849,141,1068,3,1513130553
21850,141,250,4,1513130435
21851,141,252,5,1513130399
21852,141,960,3,1513129988
21853,141,962,5,1513132133
21854,141,254,5,1513129896
21855,141,257,4,1513133067
21856,141,1082,5,1513129876
21857,141,1086,4,1513130586
21858,141,1373,4,1513133075
21859,142,461,4,838932132
21860,142,462,4,838933753
21861,142,4,4,838934238
21862,142,5,5,838934155
21863,142,516,3,838934522
21864,142,464,5,838931920
21865,142,531,5,838932766
21866,142,532,3,838932017
21867,142,1024,2,838934084
21868,142,558,4,838934449
21869,142,14,3,838932386
21870,142,583,4,838934339
21871,142,588,3,838932766
21872,142,17,5,838931920
21873,142,604,4,838934122
21874,142,471,4,838932017
21875,142,20,3,838932017
21876,142,21,4,838932132
21877,142,472,4,838932132
21878,142,23,4,838934155
21879,142,4893,3,838934122
21880,142,622,4,838934449
21881,142,473,4,838931920
21882,142,4053,3,838934486
21883,142,634,3,838932766
21884,142,637,4,838934486
21885,142,26,4,838932766
21886,142,475,4,838934313
21887,142,27,3,838934122
21888,142,2169,3,838934204
21889,142,657,4,838934312
21890,142,29,5,838932132
21891,142,323,5,838932017
21892,142,479,3,838933753
21893,142,33,4,838931919
21894,142,34,3,838931919
21895,142,35,5,838932386
21896,142,324,4,838932132
21897,143,21,5,1444768677
21898,143,28,3,1444881371
21899,143,481,3,1444880207
21900,143,68,1,1444880544
21901,143,866,2,1444880213
21902,143,988,4,1444880204
21903,143,382,2,1444880740
21904,143,1572,5,1444768859
21905,143,400,1,1444880589
21906,143,1179,4,1444768580
21907,143,1718,1,1444768946
21908,143,1732,3,1444768929
21909,143,229,4,1444769160
21910,143,743,2,1444881228
21911,143,745,5,1444769059
21912,143,868,5,1444881307
21913,143,869,5,1444768522
21914,143,1199,2,1444769126
21915,143,871,3,1444880218
21916,143,874,4,1444880210
21917,143,5003,4,1444881588
21918,143,876,4,1444769084
21919,143,771,3,1444769135
21920,143,3662,4,1444880948
21921,143,5004,5,1444881184
21922,143,2719,2,1444880255
21923,143,878,2,1444768908
21924,143,3196,4,1444880357
21925,143,882,5,1444880246
21926,143,2516,1,1444881276
21927,143,5005,3,1444880270
21928,143,883,5,1444880461
21929,143,5006,3,1444881560
21930,143,2517,5,1444881020
21931,143,888,4,1444768543
21932,143,4244,3,1444881338
21933,143,5007,5,1444768873
21934,143,892,4,1444880347
21935,143,893,3,1444881382
21936,143,5008,2,1444881189
21937,143,5009,2,1444881008
21938,143,4513,2,1444880466
21939,143,3783,3,1444880385
21940,143,3511,4,1444880429
21941,143,2058,1,1444768777
21942,143,905,3,1444881036
21943,143,908,4,1444881018
21944,143,1283,1,1444769081
21945,143,1056,2,1444769067
21946,143,911,3,1444881297
21947,143,916,5,1444768668
21948,143,3456,5,1444881408
21949,143,1297,5,1444768718
21950,143,1060,5,1444768885
21951,143,919,4,1444880946
21952,143,242,1,1444881319
21953,143,1924,3,1444881041
21954,143,5010,1,1444881335
21955,143,1134,4,1444769070
21956,143,245,2,1444769122
21957,143,1318,1,1444881368
21958,143,936,5,1444769058
21959,143,939,2,1444881283
21960,143,1328,4,1444769136
21961,143,2412,2,1444880376
21962,143,2532,3,1444768824
21963,143,4564,4,1444769086
21964,143,1959,4,1444769077
21965,143,955,4,1444769031
21966,143,5011,4,1444768980
21967,143,960,4,1444768621
21968,144,1,3,1137323419
21969,144,482,3,1137323803
21970,144,487,3,1137323629
21971,144,492,4,1137323659
21972,144,493,3,1136812137
21973,144,496,3,1136813341
21974,144,293,4,1137323444
21975,144,461,3,1137323545
21976,144,463,3,1137323676
21977,144,4,4,1137323517
21978,144,1401,4,1137324255
21979,144,8,4,1137323396
21980,144,464,3,1137323392
21981,144,465,3,1137323495
21982,144,11,4,1137324180
21983,144,550,3,1137323690
21984,144,13,4,1136811763
21985,144,14,3,1137323567
21986,144,466,4,1137323583
21987,144,468,3,1136812332
21988,144,585,4,1137323728
21989,144,17,4,1136812638
21990,144,604,4,1136812528
21991,144,471,3,1137323490
21992,144,21,4,1137323359
21993,144,314,4,1136813626
21994,144,472,4,1137323535
21995,144,622,3,1137323465
21996,144,473,3,1137323415
21997,144,474,3,1137323822
21998,144,1414,3,1137324034
21999,144,634,2,1137323641
22000,144,637,3,1137323768
22001,144,318,4,1136812966
22002,144,27,3,1137323364
22003,144,28,3,1137323558
22004,144,320,3,1137323852
22005,144,660,3,1137324242
22006,144,29,3,1136812705
22007,144,322,3,1137323624
22008,144,1095,3,1136812939
22009,144,31,4,1137324296
22010,144,828,3,1137323732
22011,144,671,3,1137323636
22012,144,323,4,1137323457
22013,144,479,2,1137323405
22014,144,33,5,1137323386
22015,144,34,3,1137323378
22016,144,35,4,1136812654
22017,144,481,3,1137323554
22018,144,38,3,1137323479
22019,144,41,4,1137323549
22020,144,42,3,1137323563
22021,144,1160,4,1136812815
22022,144,43,2,1137323427
22023,144,1026,1,1137324140
22024,144,1431,3,1137323816
22025,144,1435,3,1137324019
22026,144,863,4,1137324274
22027,144,1775,4,1137324278
22028,144,1135,3,1137323713
22029,144,1162,4,1136813360
22030,144,343,4,1137323857
22031,144,346,4,1137324205
22032,144,1102,4,1136812862
22033,144,76,3,1136812788
22034,144,726,3,1136812698
22035,144,85,3,1137323663
22036,144,90,4,1137323708
22037,144,2420,4,1137323777
22038,144,1476,4,1137324023
22039,144,1485,3,1137324112
22040,144,99,2,1136812316
22041,144,1031,2,1136811777
22042,144,101,3,1137323987
22043,144,102,3,1137323667
22044,144,729,2,1137323966
22045,144,731,2,1136812519
22046,144,379,3,1136812174
22047,144,1171,3,1136811794
22048,144,118,3,1137324015
22049,144,122,3,1137323525
22050,144,126,3,1137324151
22051,144,1035,4,1137324282
22052,144,135,4,1137323976
22053,144,148,5,1136812603
22054,144,1601,3,1137323904
22055,144,1609,3,1136812986
22056,144,167,4,1137323508
22057,144,400,2,1136812151
22058,144,180,3,1137324088
22059,144,1179,4,1137323921
22060,144,1643,3,1137323951
22061,144,3296,3,1136813082
22062,144,402,4,1137323586
22063,144,185,4,1136812616
22064,144,193,4,1136812146
22065,144,195,3,1136812186
22066,144,2157,2,1136813331
22067,144,736,3,1136812537
22068,144,204,4,1137324161
22069,144,422,3,1137324177
22070,144,220,4,1137323761
22071,144,432,4,1136812322
22072,144,434,4,1136812992
22073,144,437,3,1137324200
22074,144,445,5,1136812631
22075,144,745,5,1136812163
22076,144,3315,3,1136812867
22077,144,1126,4,1136812796
22078,144,1832,3,1136813105
22079,144,754,4,1136812658
22080,144,870,3,1136812901
22081,144,763,4,1136813011
22082,144,1202,3,1136812723
22083,144,765,4,1136812665
22084,144,3191,3,1136813125
22085,144,876,5,1136812634
22086,144,771,5,1136812619
22087,144,3566,3,1136812912
22088,144,2244,4,1136813038
22089,144,4240,4,1136813322
22090,144,775,4,1136812675
22091,144,779,5,1136812623
22092,144,780,4,1136812823
22093,144,2049,3,1136813653
22094,144,3147,5,1136813059
22095,144,5012,4,1136812949
22096,145,1,5,832105242
22097,145,5,5,832105428
22098,145,1094,4,832105479
22099,145,464,3,832105148
22100,145,465,3,832105183
22101,145,531,4,832105242
22102,145,532,3,832105183
22103,145,550,3,832105394
22104,145,14,3,832105242
22105,145,588,3,832105394
22106,145,17,4,832105148
22107,145,470,3,832105394
22108,145,18,2,832105216
22109,145,233,3,832105216
22110,145,600,3,832105216
22111,145,605,3,832105242
22112,145,471,2,832105183
22113,145,473,3,832105148
22114,145,634,3,832105242
22115,145,323,4,832105183
22116,145,33,4,832105148
22117,145,34,3,832105148
22118,145,324,4,832105216
22119,146,293,5,1312508179
22120,146,471,2,1312508994
22121,146,474,3,1312509083
22122,146,655,2,1312507926
22123,146,691,3,1312507825
22124,146,699,4,1312507715
22125,146,708,2,1312507794
22126,146,1468,3,1312508157
22127,146,4051,3,1312507759
22128,146,990,0,1312507725
22129,146,121,3,1312507741
22130,146,1036,4,1312508159
22131,146,2680,3,1312509085
22132,146,149,2,1312507874
22133,146,733,4,1312507779
22134,146,2589,2,1312507835
22135,146,1184,2,1312507785
22136,146,1039,4,1312507689
22137,146,1733,3,1312508283
22138,146,1744,4,1312507921
22139,146,1872,3,1312507737
22140,146,3742,2,1312508163
22141,146,2772,3,1312508869
22142,146,3332,1,1312508230
22143,146,2244,3,1312508255
22144,146,883,4,1312508838
22145,146,2517,3,1312508196
22146,146,4309,5,1312508745
22147,146,2127,3,1312508789
22148,146,2128,4,1312507869
22149,146,900,3,1312508753
22150,146,2351,3,1312508251
22151,147,484,4,1203267700
22152,147,9,1,1203267713
22153,147,11,4,1203267696
22154,147,533,0,1203267725
22155,147,541,1,1203267726
22156,147,558,5,1203267698
22157,147,597,2,1203267735
22158,147,310,1,1203267731
22159,147,643,4,1203267705
22160,147,30,2,1203267733
22161,147,31,4,1203267737
22162,147,1158,4,1203267711
22163,147,36,3,1203267730
22164,147,1139,4,1203267710
22165,147,1471,5,1203267736
22166,147,94,4,1203267732
22167,147,1009,5,1203267694
22168,147,1594,2,1203267708
22169,147,154,2,1203267729
22170,147,1641,4,1203267692
22171,148,21,4,1482548476
22172,148,70,3,1482548478
22173,148,451,4,1482548613
22174,148,752,3,1482548505
22175,148,458,4,1482548717
22176,148,754,3,1482548771
22177,148,763,3,1482548682
22178,148,764,4,1482548755
22179,148,765,3,1482548769
22180,148,876,3,1482548514
22181,148,775,3,1482548769
22182,148,780,4,1482548676
22183,148,802,5,1482548570
22184,148,1150,4,1482548683
22185,148,896,5,1482548578
22186,148,1894,4,1482548512
22187,148,1251,4,1482550089
22188,148,1053,3,1482548504
22189,148,2519,4,1482548674
22190,148,1056,4,1482548484
22191,148,916,4,1482548482
22192,148,1060,3,1482548519
22193,148,918,4,1482548500
22194,148,927,4,1482548525
22195,148,1926,3,1482548702
22196,148,932,3,1482548714
22197,148,245,1,1482548463
22198,148,1318,4,1482548751
22199,148,1934,4,1482548498
22200,148,936,4,1482549236
22201,148,1939,4,1482548673
22202,148,1067,4,1482548710
22203,148,5013,4,1482548883
22204,148,3165,5,1482548665
22205,148,3099,3,1482548617
22206,148,1981,4,1482548720
22207,148,1075,4,1482548669
22208,148,1994,2,1482548721
22209,148,1078,3,1482548700
22210,148,1998,3,1482548495
22211,148,1362,4,1482550073
22212,148,258,4,1482548529
22213,148,1081,3,1482548686
22214,148,1369,3,1482548707
22215,148,1086,4,1482548516
22216,148,1089,4,1482548452
22217,148,4002,3,1482548671
22218,148,5014,4,1482548446
22219,149,482,1,902084874
22220,149,293,4,902085272
22221,149,1027,3,902085141
22222,149,1405,2,902085111
22223,149,545,3,902085002
22224,149,16,4,902084798
22225,149,18,4,902084966
22226,149,600,1,902085002
22227,149,1411,2,902085111
22228,149,627,1,902085168
22229,149,1157,3,902085002
22230,149,27,3,902084966
22231,149,2655,2,902085168
22232,149,1095,4,902085272
22233,149,479,3,902084874
22234,149,1422,5,902085002
22235,149,2660,2,902085168
22236,149,2073,4,902084966
22237,149,723,5,902084716
22238,149,43,3,902084966
22239,149,1431,4,902085033
22240,149,264,1,902085141
22241,149,724,2,902084798
22242,149,832,3,902085141
22243,149,66,4,902084874
22244,149,67,3,902084909
22245,149,1451,2,902084874
22246,149,69,2,902084798
22247,149,1029,3,902084798
22248,149,72,3,902084874
22249,149,74,4,902084798
22250,149,76,5,902084716
22251,149,82,4,902084798
22252,149,2176,5,902084874
22253,149,86,2,902084836
22254,149,2084,1,902084874
22255,149,5015,4,902085141
22256,149,1166,4,902084874
22257,149,271,1,902085111
22258,149,1469,1,902084966
22259,149,1167,3,902084716
22260,149,1140,2,902084966
22261,149,362,4,902085078
22262,149,1031,4,902084909
22263,149,1168,1,902085078
22264,149,102,2,902084716
22265,149,727,3,902084716
22266,149,108,5,902084966
22267,149,1524,3,902085033
22268,149,990,1,902085188
22269,149,3138,2,902084798
22270,149,836,2,902084836
22271,149,120,2,902084836
22272,149,2183,1,902085002
22273,149,1550,1,902085188
22274,149,5016,1,902084966
22275,149,5017,1,902085002
22276,149,131,3,902084966
22277,150,2,3,854203124
22278,150,484,3,854203124
22279,150,3,4,854203123
22280,150,485,3,854203124
22281,150,496,4,854203072
22282,150,293,5,854203071
22283,150,462,4,854203123
22284,150,295,4,854203163
22285,150,296,3,854203163
22286,150,505,3,854203072
22287,150,509,3,854203229
22288,150,516,3,854203072
22289,150,525,5,854203072
22290,150,973,3,854203124
22291,150,653,3,854203124
22292,150,37,4,854203123
22293,150,675,3,854203229
22294,150,38,4,854203072
22295,150,1159,3,854203163
22296,150,41,4,854203123
22297,150,43,4,854203071
22298,150,1026,3,854203163
22299,150,2427,3,854203163
22300,150,2444,4,854203230
22301,150,61,3,854203163
22302,150,1166,5,854203229
22303,151,1,5,855947195
22304,151,2,3,855947242
22305,151,5018,4,855947372
22306,151,1400,3,855947434
22307,151,505,4,855947196
22308,151,5019,3,855948083
22309,151,514,1,855948256
22310,151,516,4,855947196
22311,151,518,4,855947740
22312,151,519,5,855947306
22313,151,1403,3,855947372
22314,151,523,3,855947338
22315,151,525,3,855947195
22316,151,12,4,855948920
22317,151,2440,3,855948120
22318,151,673,4,855947434
22319,151,676,4,855947672
22320,151,5020,2,855948155
22321,151,38,3,855947196
22322,151,4700,3,855947672
22323,151,39,3,855947338
22324,151,40,4,855947672
22325,151,686,3,855947696
22326,151,688,4,855947372
22327,151,1426,3,855947434
22328,151,42,4,855947195
22329,151,1427,3,855947773
22330,151,1428,4,855947372
22331,151,689,4,855948083
22332,151,1429,1,855947434
22333,151,691,4,855947597
22334,151,43,3,855947195
22335,151,1026,3,855947306
22336,151,1430,4,855947696
22337,151,2427,4,855947242
22338,151,1431,5,855947306
22339,151,695,4,855947964
22340,151,697,5,855947372
22341,151,1433,3,855947867
22342,151,5021,4,855948256
22343,151,2656,2,855948083
22344,151,701,4,855947773
22345,151,5022,4,855948083
22346,151,704,3,855948120
22347,151,706,4,855947434
22348,151,1437,4,855947964
22349,151,708,3,855948042
22350,151,5023,3,855948155
22351,151,1449,4,855947597
22352,151,61,4,855947242
22353,151,85,5,855948791
22354,151,1467,4,855947643
22355,151,1468,3,855947672
22356,151,2668,3,855947773
22357,151,2420,2,855947578
22358,151,995,5,855947849
22359,151,1477,4,855947773
22360,151,2429,4,855948013
22361,151,5024,4,855948013
22362,152,4,5,1450867741
22363,152,5,4,1450572430
22364,152,1094,5,1450867646
22365,152,16,3,1450867564
22366,152,17,4,1450572451
22367,152,233,3,1450572432
22368,152,29,4,1450572434
22369,152,1095,4,1450867576
22370,152,35,4,1450572448
22371,152,37,4,1450867584
22372,152,723,5,1450572506
22373,152,1028,5,1450572429
22374,152,333,4,1450572466
22375,152,334,4,1450572513
22376,152,68,3,1450572527
22377,152,1102,4,1450572437
22378,152,71,3,1450572456
22379,152,352,5,1450572515
22380,152,1104,4,1450572522
22381,152,75,4,1450572454
22382,152,1137,4,1450572436
22383,152,1139,4,1450572533
22384,152,148,5,1450572468
22385,152,167,4,1450572453
22386,152,185,4,1450572531
22387,152,193,5,1450572450
22388,152,1147,4,1450572447
22389,152,2405,4,1450867724
22390,152,1130,5,1450867691
22391,152,1132,4,1450867688
22392,152,1253,4,1450867572
22393,152,238,3,1450867566
22394,152,1279,4,1450867797
22395,152,239,4,1450572509
22396,152,1285,2,1450867827
22397,152,910,3,1450867890
22398,152,2131,3,1450867836
22399,152,2064,4,1450867814
22400,152,2726,3,1450867867
22401,152,2409,4,1450867893
22402,152,2383,4,1450867899
22403,152,1151,4,1450867808
22404,152,2991,5,1450867817
22405,152,922,4,1450867832
22406,152,3520,4,1450867852
22407,152,291,2,1450867865
22408,152,1304,3,1450867885
22409,152,244,4,1450867906
22410,152,245,3,1450572524
22411,152,1318,3,1450867823
22412,152,246,3,1450867879
22413,152,1066,3,1450867595
22414,152,2526,4,1450867668
22415,152,3159,4,1450867648
22416,152,2527,4,1450867644
22417,152,1330,4,1450867829
22418,152,3095,4,1450867862
22419,152,3096,3,1450867872
22420,152,1944,3,1450867875
22421,152,945,3,1450572461
22422,152,2531,4,1450867653
22423,152,257,4,1450867608
22424,152,2540,3,1450867661
22425,153,1,2,1525548642
22426,153,482,2,1525550601
22427,153,465,0,1525552655
22428,153,468,0,1525550862
22429,153,17,3,1525548640
22430,153,21,3,1525548096
22431,153,472,3,1525548909
22432,153,640,0,1525552586
22433,153,28,2,1525550654
22434,153,660,2,1525552333
22435,153,29,2,1525548221
22436,153,828,2,1525549564
22437,153,481,0,1525552912
22438,153,674,2,1525552166
22439,153,1160,3,1525548538
22440,153,43,0,1525552465
22441,153,1431,0,1525552753
22442,153,1028,1,1525548217
22443,153,863,2,1525552032
22444,153,1102,3,1525550558
22445,153,69,0,1525548175
22446,153,71,0,1525548264
22447,153,72,2,1525550483
22448,153,73,2,1525551043
22449,153,726,4,1525548800
22450,153,84,3,1525550826
22451,153,356,2,1525548948
22452,153,2177,4,1525549384
22453,153,1166,0,1525552756
22454,153,1474,1,1525550570
22455,153,1485,0,1525552506
22456,153,102,0,1525552893
22457,153,729,4,1525548854
22458,153,234,4,1525548099
22459,153,988,2,1525550658
22460,153,109,3,1525550395
22461,153,376,3,1525552223
22462,153,116,0,1525552646
22463,153,1171,3,1525548831
22464,153,119,2,1525552652
22465,153,836,1,1525551059
22466,153,272,2,1525552210
22467,153,142,1,1525551067
22468,153,147,3,1525549175
22469,153,392,3,1525548106
22470,153,1601,0,1525552750
22471,153,1862,0,1525552641
22472,153,154,1,1525550562
22473,153,1609,2,1525548508
22474,153,167,0,1525548255
22475,153,1001,1,1525552933
22476,153,171,0,1525552650
22477,153,732,1,1525550835
22478,153,1643,0,1525552760
22479,153,185,3,1525548795
22480,153,2189,3,1525549339
22481,153,193,0,1525548681
22482,153,2599,4,1525549351
22483,153,422,2,1525548836
22484,153,738,0,1525549440
22485,153,1797,1,1525549436
22486,153,278,4,1525548489
22487,153,434,4,1525548802
22488,153,445,4,1525548571
22489,153,745,2,1525550598
22490,153,451,3,1525548118
22491,153,1829,2,1525548914
22492,153,1125,4,1525548441
22493,153,458,3,1525552226
22494,153,1126,5,1525548444
22495,153,1832,3,1525548713
22496,153,755,3,1525548791
22497,153,757,0,1525552590
22498,153,4851,4,1525549401
22499,153,1209,1,1525548148
22500,153,876,1,1525550557
22501,153,2047,2,1525548491
22502,153,2962,0,1525552705
22503,153,772,2,1525552526
22504,153,1218,4,1525548569
22505,153,4752,4,1525552865
22506,153,883,0,1525548307
22507,153,1219,0,1525552680
22508,153,1130,5,1525548436
22509,153,886,0,1525552582
22510,153,2048,1,1525550393
22511,153,782,0,1525552728
22512,153,888,1,1525552175
22513,153,1228,4,1525548730
22514,153,2050,2,1525549325
22515,153,3150,1,1525549054
22516,153,895,0,1525552727
22517,153,5025,4,1525549111
22518,153,897,4,1525548957
22519,153,898,0,1525552453
22520,153,1251,4,1525548194
22521,153,3385,0,1525550567
22522,153,1256,4,1525548387
22523,153,899,3,1525550553
22524,153,900,0,1525552464
22525,153,1272,5,1525548301
22526,153,3806,2,1525548718
22527,153,904,4,1525548385
22528,153,5026,4,1525549118
22529,153,910,1,1525549506
22530,153,2810,3,1525549545
22531,153,1916,1,1525548393
22532,153,5027,1,1525550441
22533,153,1290,2,1525552006
22534,153,2524,0,1525552579
22535,153,3449,3,1525553119
22536,153,916,2,1525548187
22537,153,1921,0,1525552707
22538,153,1060,3,1525548722
22539,153,291,0,1525551654
22540,153,1922,1,1525550600
22541,153,927,1,1525552980
22542,153,1318,2,1525548543
22543,153,5028,3,1525551302
22544,153,1933,3,1525548794
22545,153,935,2,1525549232
22546,153,5029,1,1525551278
22547,153,1327,0,1525552628
22548,153,2132,3,1525548633
22549,153,4206,3,1525551170
22550,153,943,4,1525548731
22551,153,1067,0,1525552984
22552,153,3161,5,1525549048
22553,153,250,0,1525552987
22554,153,945,3,1525548862
22555,153,3491,5,1525548438
22556,153,947,0,1525551652
22557,153,949,0,1525551656
22558,153,2412,3,1525548631
22559,153,2532,3,1525548446
22560,153,252,1,1525552978
22561,153,5030,3,1525549607
22562,153,5031,1,1525552013
22563,153,1346,0,1525552630
22564,153,5032,4,1525551233
22565,153,1970,4,1525548778
22566,153,2736,4,1525548804
22567,153,960,2,1525552648
22568,153,253,1,1525548824
22569,153,1974,0,1525550576
22570,153,1976,4,1525548498
22571,153,962,4,1525548490
22572,153,254,0,1525550704
22573,153,2536,0,1525552678
22574,153,2537,2,1525550683
22575,153,1358,1,1525548825
22576,153,2538,4,1525550622
22577,153,5033,3,1525551196
22578,153,255,1,1525548567
22579,153,1077,3,1525548828
22580,153,1364,2,1525548724
22581,153,2739,3,1525550712
22582,153,3114,2,1525552596
22583,153,1366,0,1525552631
22584,153,5034,3,1525549620
22585,153,1086,2,1525552523
22586,153,5035,3,1525551207
22587,153,2742,4,1525549527
22588,153,1376,3,1525549599
22589,153,2863,3,1525549539
22590,153,5036,3,1525551506
22591,153,3119,4,1525549128
22592,153,4625,2,1525552615
22593,153,2872,4,1525548280
22594,153,4646,0,1525553047
22595,153,5037,0,1525553026
22596,153,2879,1,1525549020
22597,153,3128,0,1525553022
22598,153,5038,3,1525548868
22599,153,4027,1,1525548495
22600,153,5039,3,1525549496
22601,153,3131,0,1525553024
22602,153,1397,4,1525548200
22603,153,3134,0,1525553051
22604,154,21,5,1486297094
22605,154,66,5,1486297201
22606,154,102,3,1486297224
22607,154,234,5,1486297118
22608,154,458,5,1486297175
22609,154,916,5,1486297122
22610,154,918,5,1486297146
22611,154,1063,5,1486297266
22612,154,927,5,1486297187
22613,154,1304,2,1486297269
22614,154,1926,5,1486297152
22615,154,1313,4,1486297227
22616,154,245,5,1486297098
22617,154,1934,5,1486297144
22618,154,5040,0,1486297252
22619,154,1067,5,1486297130
22620,154,1070,5,1486297183
22621,154,5013,5,1486297248
22622,154,3104,4,1486297259
22623,154,1353,3,1486297262
22624,154,1981,5,1486297171
22625,154,254,5,1486297151
22626,154,1075,5,1486297139
22627,154,1078,5,1486297096
22628,154,3109,4,1486297212
22629,154,1998,5,1486297133
22630,154,967,5,1486297139
22631,154,1366,5,1486297180
22632,154,1367,5,1486297182
22633,154,1082,5,1486297099
22634,154,5041,0,1486297255
22635,154,1089,4,1486297016
22636,154,4002,2,1486297276
22637,154,1391,4,1486297008
22638,155,1,3,961861723
22639,155,525,3,961860789
22640,155,465,3,961861424
22641,155,16,4,961889079
22642,155,19,4,961861110
22643,155,633,4,961889007
22644,155,670,3,961861668
22645,155,323,3,961861778
22646,155,34,3,961861424
22647,155,1424,3,961861723
22648,155,1029,4,965939389
22649,155,270,3,961860789
22650,155,93,3,961861424
22651,155,5042,3,961861723
22652,155,99,3,961861723
22653,155,1492,3,961861424
22654,155,102,4,965939614
22655,155,372,4,961861930
22656,155,1534,4,961861302
22657,155,731,4,961861341
22658,155,379,4,961861958
22659,155,382,2,961860789
22660,155,122,4,961860714
22661,155,2681,3,961861075
22662,155,1601,4,961861901
22663,155,3642,2,961861778
22664,155,163,5,961860688
22665,155,172,5,961889079
22666,155,1865,4,961862036
22667,155,5043,5,961889063
22668,155,5044,3,961889063
22669,155,191,3,961860688
22670,155,193,4,961860789
22671,155,201,4,961861610
22672,155,736,3,961861610
22673,155,416,4,961861723
22674,155,5045,4,963871903
22675,155,5046,3,963872461
22676,155,737,4,963872764
22677,155,1042,4,961862096
22678,155,220,4,963872698
22679,155,1794,5,963872125
22680,155,5047,3,963872303
22681,155,228,4,961860944
22682,155,1756,4,961860898
22683,155,229,4,963872534
22684,156,1,4,1106854640
22685,156,488,3,946799769
22686,156,492,4,939884874
22687,156,493,3,1106855017
22688,156,292,5,946799679
22689,156,496,4,1106854805
22690,156,461,4,939853183
22691,156,463,1,939842934
22692,156,294,4,946799570
22693,156,4,3,1106854709
22694,156,5,4,940001349
22695,156,295,3,1106855391
22696,156,296,4,1106855269
22697,156,505,2,1106854830
22698,156,4036,2,946799375
22699,156,1094,4,1106854888
22700,156,464,4,1106854622
22701,156,3681,5,939842396
22702,156,540,3,1106853925
22703,156,13,4,946799354
22704,156,15,4,946799400
22705,156,16,1,939842538
22706,156,585,4,1106854843
22707,156,17,5,939884874
22708,156,470,3,1106854847
22709,156,233,4,1106854626
22710,156,471,3,1106854664
22711,156,312,3,946799476
22712,156,21,3,1106854601
22713,156,314,3,946799495
22714,156,23,3,946799769
22715,156,619,3,1106855353
22716,156,973,3,1106855182
22717,156,316,5,946799612
22718,156,5048,4,1106854282
22719,156,637,3,946799476
22720,156,26,3,1106854612
22721,156,647,3,1106854100
22722,156,27,3,1106854606
22723,156,319,3,946799715
22724,156,28,2,946800455
22725,156,975,4,1106855407
22726,156,664,4,939842578
22727,156,322,3,946799853
22728,156,1095,4,1106854868
22729,156,2440,4,946799612
22730,156,828,2,1106854857
22731,156,671,3,1106854759
22732,156,33,3,1106854617
22733,156,35,4,1106854598
22734,156,481,4,1106854735
22735,156,37,5,946798345
22736,156,38,3,1106854675
22737,156,39,4,940018454
22738,156,326,3,946799816
22739,156,723,5,946798960
22740,156,690,2,1106855572
22741,156,5049,4,946800395
22742,156,1160,4,939884874
22743,156,328,4,946800214
22744,156,702,3,939843105
22745,156,705,4,946800308
22746,156,2173,3,1106854275
22747,156,706,3,946799834
22748,156,1028,5,946798345
22749,156,1436,5,939843203
22750,156,5050,4,946798548
22751,156,330,5,939853337
22752,156,333,5,940290635
22753,156,3729,5,939853546
22754,156,334,5,940290635
22755,156,335,5,939854008
22756,156,336,5,946798960
22757,156,1098,5,946798252
22758,156,1441,3,946799588
22759,156,45,4,941922678
22760,156,337,3,941922678
22761,156,1442,3,946799400
22762,156,831,4,1106854096
22763,156,46,5,939884805
22764,156,724,4,1106854511
22765,156,338,5,939854531
22766,156,1444,5,946799400
22767,156,3731,5,939853418
22768,156,3732,5,939854008
22769,156,3733,3,946799313
22770,156,3734,5,939853546
22771,156,2395,3,1106855520
22772,156,3010,3,939853418
22773,156,2143,4,946799037
22774,156,717,4,946798467
22775,156,863,3,1106855396
22776,156,1775,4,1106855438
22777,156,58,3,946799612
22778,156,341,3,946799679
22779,156,60,4,1106854107
22780,156,342,4,946799495
22781,156,5051,3,946799057
22782,156,343,4,1106855007
22783,156,62,2,1106855224
22784,156,344,5,946798346
22785,156,63,4,1106854501
22786,156,346,4,946799057
22787,156,66,3,1106854763
22788,156,3699,3,1106881258
22789,156,68,5,939854531
22790,156,5052,3,939854008
22791,156,2175,3,946799453
22792,156,3499,4,939853418
22793,156,348,5,939897861
22794,156,1102,4,939884874
22795,156,71,4,939842493
22796,156,351,5,939854571
22797,156,2396,4,946798960
22798,156,72,5,1106855084
22799,156,1104,4,1106855457
22800,156,73,4,946798960
22801,156,353,3,939842984
22802,156,1163,5,946800148
22803,156,75,4,1106855028
22804,156,2076,5,946799037
22805,156,77,4,1106855157
22806,156,78,3,946799749
22807,156,1137,4,1106854933
22808,156,79,4,1106855249
22809,156,80,4,946799037
22810,156,354,4,1106854480
22811,156,1138,3,939884805
22812,156,1106,5,946799250
22813,156,1139,4,939853183
22814,156,2080,4,960646812
22815,156,1453,4,946799272
22816,156,2901,5,946799354
22817,156,865,5,946800180
22818,156,2082,5,941922620
22819,156,2755,5,960646812
22820,156,1107,4,946798252
22821,156,2176,3,1106854047
22822,156,83,5,946798960
22823,156,2145,3,946799086
22824,156,268,4,946799109
22825,156,5053,3,939898085
22826,156,85,5,946799291
22827,156,1110,4,946798252
22828,156,86,3,1106854726
22829,156,269,3,946800194
22830,156,1111,4,946799272
22831,156,88,3,946799272
22832,156,1112,3,939853183
22833,156,89,3,1106853858
22834,156,2085,5,946798252
22835,156,360,4,939853546
22836,156,2757,4,946799086
22837,156,90,3,1106854910
22838,156,3283,4,939853546
22839,156,3707,3,946800214
22840,156,1113,5,946799057
22841,156,361,3,939854008
22842,156,866,3,1106854952
22843,156,4263,5,939884805
22844,156,977,4,1106855335
22845,156,2147,3,1106855002
22846,156,2420,2,1106854944
22847,156,1475,4,946799313
22848,156,95,4,946799147
22849,156,3711,3,946799570
22850,156,2086,3,946799920
22851,156,1485,3,946800455
22852,156,2563,3,946799943
22853,156,99,3,1106855162
22854,156,102,3,946799679
22855,156,982,3,946799180
22856,156,4667,3,1106854059
22857,156,3715,5,939886253
22858,156,1500,1,946799715
22859,156,104,5,939897861
22860,156,1009,3,1106855448
22861,156,366,4,946799354
22862,156,1505,2,946799816
22863,156,729,3,1106855262
22864,156,3717,5,939842984
22865,156,4465,4,939854571
22866,156,1509,3,939853546
22867,156,234,4,1106854994
22868,156,2088,3,946798792
22869,156,988,3,939854571
22870,156,1169,4,946798400
22871,156,109,3,946798434
22872,156,1515,3,946799588
22873,156,1519,3,939897861
22874,156,730,3,939842854
22875,156,5054,5,946798204
22876,156,990,2,1106854077
22877,156,372,3,946799375
22878,156,1033,3,1106853850
22879,156,378,1,951113118
22880,156,1535,3,1106854260
22881,156,1536,2,1106854067
22882,156,379,4,939853546
22883,156,2400,3,946799086
22884,156,5055,3,946799375
22885,156,116,3,1106855539
22886,156,2092,4,946799109
22887,156,1171,4,1106853845
22888,156,1537,3,939853183
22889,156,3138,4,939853183
22890,156,381,5,946799354
22891,156,382,3,1106855047
22892,156,118,3,946798573
22893,156,383,5,939842664
22894,156,126,2,1106855503
22895,156,2678,3,939853546
22896,156,1559,3,939854008
22897,156,3024,4,946799109
22898,156,384,5,939898085
22899,156,272,1,951113118
22900,156,1035,3,946799658
22901,156,1780,4,946800249
22902,156,998,3,1106855511
22903,156,385,2,946799749
22904,156,1565,2,946798548
22905,156,2465,3,946798548
22906,156,135,3,1106855291
22907,156,5056,5,946798381
22908,156,4264,5,951113099
22909,156,3508,2,939853337
22910,156,1572,3,946799634
22911,156,142,3,946799570
22912,156,388,4,946798252
22913,156,1141,3,946798434
22914,156,3026,4,1106854242
22915,156,5057,5,946799476
22916,156,1581,2,946800249
22917,156,5058,3,946799816
22918,156,145,3,946798573
22919,156,3027,5,939884874
22920,156,5059,1,946799715
22921,156,1593,3,940018188
22922,156,838,4,990283421
22923,156,1594,3,939853418
22924,156,1597,4,939842891
22925,156,5060,4,939853273
22926,156,2575,3,946799588
22927,156,3548,5,960646812
22928,156,5061,3,946799291
22929,156,1602,4,946799769
22930,156,1603,1,946799943
22931,156,3642,4,941922546
22932,156,154,3,1106853874
22933,156,1609,4,946799431
22934,156,155,4,946799943
22935,156,1618,2,1106853967
22936,156,397,2,939898085
22937,156,5062,5,946798434
22938,156,167,3,1106854776
22939,156,399,4,1106853832
22940,156,170,1,946798548
22941,156,171,3,1106855347
22942,156,178,3,1106853862
22943,156,400,3,1106855040
22944,156,179,5,951112971
22945,156,401,4,1106855301
22946,156,181,3,946799729
22947,156,2760,5,946800163
22948,156,5063,4,946800490
22949,156,5064,3,946799537
22950,156,2926,3,939898085
22951,156,4677,4,946798467
22952,156,5065,4,946799834
22953,156,405,3,1106855249
22954,156,2587,3,946799903
22955,156,2588,2,939842723
22956,156,183,3,946800345
22957,156,185,4,1106854732
22958,156,5066,3,946799313
22959,156,3032,4,946798401
22960,156,1180,3,946800329
22961,156,409,3,946799400
22962,156,1785,4,946799180
22963,156,189,3,946799127
22964,156,5067,3,946799634
22965,156,190,2,946800308
22966,156,5068,3,946800163
22967,156,410,3,946799354
22968,156,195,3,946798275
22969,156,197,2,946800346
22970,156,198,5,1106854958
22971,156,2503,4,946798346
22972,156,1119,5,946799236
22973,156,5069,3,946800329
22974,156,2098,5,946799236
22975,156,1142,2,946799537
22976,156,412,4,946800266
22977,156,1683,4,946799453
22978,156,5070,3,946799749
22979,156,1685,3,946799853
22980,156,3139,4,946799291
22981,156,3550,4,960646533
22982,156,5071,5,946799236
22983,156,4680,5,946799570
22984,156,2192,3,946800214
22985,156,1120,3,946799453
22986,156,736,3,1106855144
22987,156,5072,3,946800467
22988,156,5073,5,946798960
22989,156,5074,1,946800308
22990,156,3504,5,946800180
22991,156,415,4,1106853952
22992,156,5075,3,946800232
22993,156,205,3,946800284
22994,156,416,4,1106855482
22995,156,206,4,1106855555
22996,156,5076,4,949201760
22997,156,5077,1,951113136
22998,156,5078,5,951113027
22999,156,5079,2,951113076
23000,156,4268,3,1106854426
23001,156,419,4,1106882045
23002,156,5080,4,951113027
23003,156,422,4,1106855340
23004,156,1717,4,953534663
23005,156,5081,4,953534519
23006,156,3506,5,953534519
23007,156,1722,3,953534411
23008,156,5082,5,953534555
23009,156,423,4,1106855435
23010,156,5083,4,953534636
23011,156,5084,5,953534636
23012,156,3066,4,953534611
23013,156,5085,4,953534611
23014,156,3041,4,953534611
23015,156,2122,4,1106882173
23016,156,220,3,1106854990
23017,156,4270,4,960646486
23018,156,1124,4,1106854210
23019,156,1187,3,1106855382
23020,156,4921,4,971555388
23021,156,429,4,1106855377
23022,156,430,3,1106882036
23023,156,432,3,1106855126
23024,156,434,1,1106854018
23025,156,437,4,1106855548
23026,156,438,4,1106882162
23027,156,5086,3,1106854177
23028,156,445,4,1106855486
23029,156,1811,3,1106853910
23030,156,1191,3,1106853930
23031,156,2631,3,1106854182
23032,156,1818,4,1106882066
23033,156,1194,2,1106854194
23034,156,1824,3,1106853895
23035,156,5087,3,1106854394
23036,156,2768,5,1106854406
23037,156,1126,4,1106882006
23038,156,1832,4,1106882088
23039,156,1834,4,1106882052
23040,156,232,4,946799037
23041,156,870,3,1106882030
23042,156,1845,3,1106853902
23043,156,2955,2,1106882195
23044,156,2227,4,1106882178
23045,156,5088,4,1106854363
23046,156,2046,3,1106882141
23047,156,2957,4,1106854392
23048,156,5089,4,1106882151
23049,156,5090,3,1106881808
23050,156,856,4,1106882026
23051,156,2231,3,1106882129
23052,156,767,4,1106882117
23053,156,4504,3,1106882187
23054,156,3191,4,1106882100
23055,156,3192,4,1106882113
23056,156,1857,4,1106882124
23057,156,4976,4,1106854139
23058,156,876,4,1106882012
23059,156,3067,5,953534663
23060,156,5091,4,1106881212
23061,156,771,4,1106881798
23062,156,5092,3,1106854358
23063,156,2776,5,1106881196
23064,156,5093,4,1106881222
23065,156,2047,4,1106882017
23066,156,3567,4,1106881254
23067,156,2244,4,1106854130
23068,156,2245,4,1106882206
23069,156,4751,5,1106881226
23070,156,2778,4,1106881185
23071,156,5094,4,1106881191
23072,156,5095,3,1106881858
23073,156,3341,4,1106882158
23074,156,4507,4,1106854328
23075,156,2782,4,1106881200
23076,156,5096,4,1106881279
23077,156,2119,5,1109452344
23078,156,5097,3,1106881899
23079,156,5098,3,1106881351
23080,156,5099,4,1106881869
23081,156,5100,4,1106881893
23082,157,29,5,992479576
23083,157,1430,5,992479976
23084,157,2395,3,992479516
23085,157,1102,3,992479618
23086,157,86,4,992479516
23087,157,1171,4,992479546
23088,157,5101,3,992479954
23089,157,1115,4,992480013
23090,157,400,4,992479748
23091,157,2094,3,992480036
23092,157,1645,2,992479954
23093,157,1865,2,992480059
23094,157,404,3,992479790
23095,157,193,5,992479905
23096,157,195,4,992479618
23097,157,1121,3,992479976
23098,157,416,2,992479927
23099,157,2689,2,992479618
23100,157,2603,4,992479790
23101,157,221,3,992480036
23102,157,1757,5,992479976
23103,158,1024,3,1290764773
23104,158,599,4,1290764791
23105,158,701,2,1290764862
23106,158,266,3,1290764776
23107,158,1464,3,1290764755
23108,158,1477,2,1290764827
23109,158,385,3,1290764806
23110,158,1615,4,1290764853
23111,158,1115,5,1290764747
23112,158,1001,3,1290764961
23113,158,1632,2,1290764759
23114,158,1117,2,1290764763
23115,158,184,4,1290765010
23116,158,186,2,1290764835
23117,158,191,3,1290764809
23118,158,1701,4,1290764821
23119,158,2403,3,1290764796
23120,158,3332,3,1290765043
23121,158,1046,4,1290765080
23122,158,3346,2,1290764968
23123,158,5102,4,1290764985
23124,158,3153,4,1290765083
23125,158,3421,3,1290765104
23126,158,5103,4,1290764979
23127,158,2350,3,1290764964
23128,158,5104,4,1290764989
23129,159,1,4,1508640172
23130,159,260,3,1508641164
23131,159,505,3,1508641179
23132,159,8,3,1508640168
23133,159,464,4,1508641167
23134,159,541,3,1508640386
23135,159,17,0,1508640157
23136,159,233,4,1508640105
23137,159,605,3,1508641191
23138,159,21,4,1508640153
23139,159,314,2,1508641063
23140,159,622,3,1508640341
23141,159,27,3,1508640163
23142,159,657,2,1508641085
23143,159,322,3,1508641193
23144,159,671,4,1508640317
23145,159,481,4,1508640293
23146,159,864,4,1508641161
23147,159,70,4,1508640218
23148,159,356,2,1508640372
23149,159,85,4,1508640275
23150,159,866,4,1508641158
23151,159,1494,3,1508641228
23152,159,234,5,1508640118
23153,159,988,3,1508640335
23154,159,730,2,1508640296
23155,159,1171,3,1508641205
23156,159,274,3,1508640419
23157,159,732,3,1508641313
23158,159,1865,1,1508640433
23159,159,185,4,1508640256
23160,159,193,3,1508640222
23161,159,736,4,1508641070
23162,159,204,0,1508640210
23163,159,2200,1,1508641154
23164,159,278,0,1508641203
23165,159,434,2,1508641260
23166,159,1043,3,1508640307
23167,159,3312,2,1508640458
23168,159,447,5,1508641138
23169,159,745,4,1508641095
23170,159,451,2,1508641254
23171,159,868,2,1508641200
23172,159,3323,3,1508640454
23173,159,752,4,1508640278
23174,159,1842,4,1508641309
23175,159,870,2,1508641264
23176,159,873,3,1508640462
23177,159,1209,4,1508640394
23178,159,876,4,1508640358
23179,159,878,4,1508641052
23180,159,774,4,1508640310
23181,159,1130,0,1508641236
23182,159,779,4,1508641097
23183,159,888,4,1508641045
23184,159,890,2,1508641172
23185,159,2050,4,1508640321
23186,159,801,2,1508641143
23187,159,893,3,1508641088
23188,159,897,3,1508641048
23189,159,3385,4,1508641299
23190,159,2055,1,1508641051
23191,159,899,5,1508640302
23192,159,826,2,1508641212
23193,159,904,5,1508640402
23194,159,1056,2,1508640225
23195,159,1916,0,1508640286
23196,159,1290,4,1508640383
23197,159,914,4,1508641056
23198,159,2524,5,1508641270
23199,159,3450,3,1508641092
23200,159,916,3,1508640220
23201,159,1060,5,1508641307
23202,159,1922,5,1508640254
23203,159,927,4,1508640326
23204,159,3472,4,1508641230
23205,159,1134,5,1508640269
23206,159,935,3,1508640365
23207,159,1154,2,1508641185
23208,159,939,3,1508641099
23209,159,1065,3,1508641273
23210,159,1940,2,1508641239
23211,159,943,3,1508641043
23212,159,249,4,1508641246
23213,159,3096,3,1508640283
23214,159,947,3,1508640356
23215,159,2412,3,1508641283
23216,159,2830,4,1508640440
23217,159,1959,3,1508640379
23218,159,957,5,1508640504
23219,159,960,3,1508640298
23220,159,253,2,1508641234
23221,159,1976,2,1508640479
23222,159,1077,2,1508640471
23223,159,971,4,1508641026
23224,159,4002,4,1508641197
23225,159,2749,5,1508640188
23226,160,1,4,971115026
23227,160,482,4,971619578
23228,160,3,2,971115114
23229,160,487,1,971196422
23230,160,494,1,971437089
23231,160,293,5,971113953
23232,160,461,5,971619022
23233,160,972,3,971115727
23234,160,4,5,971115962
23235,160,5,4,971113158
23236,160,503,2,971619579
23237,160,508,4,971196402
23238,160,509,1,971196754
23239,160,4038,5,991075851
23240,160,515,1,976798624
23241,160,516,1,971112529
23242,160,8,4,971112675
23243,160,1094,5,971195906
23244,160,299,1,971619754
23245,160,464,5,971620081
23246,160,465,3,971115686
23247,160,528,3,971619628
23248,160,532,3,971115317
23249,160,1405,3,971114703
23250,160,539,1,971619816
23251,160,540,1,971114512
23252,160,545,1,971114512
23253,160,3001,5,971114178
23254,160,547,1,975849881
23255,160,554,1,971196785
23256,160,2546,2,971115727
23257,160,563,1,971619761
23258,160,5105,2,971117781
23259,160,466,3,971620157
23260,160,573,1,971114775
23261,160,16,5,971113925
23262,160,585,5,971115276
23263,160,589,1,971112795
23264,160,17,5,971113194
23265,160,597,1,971115815
23266,160,18,2,971114356
23267,160,600,1,971115443
23268,160,1409,1,971196681
23269,160,611,5,971115276
23270,160,21,3,971115856
23271,160,472,5,971619114
23272,160,618,1,971117721
23273,160,23,5,971437089
23274,160,315,2,971115356
23275,160,621,1,971619754
23276,160,622,3,971115187
23277,160,1411,3,971114512
23278,160,1414,1,971115791
23279,160,632,3,971196362
23280,160,634,3,971115520
23281,160,635,1,971114584
23282,160,1157,2,971114546
23283,160,26,2,971115082
23284,160,643,4,971115317
23285,160,27,2,971114075
23286,160,648,0,1065984390
23287,160,2655,1,971114775
23288,160,29,5,971113259
23289,160,4055,3,971115659
23290,160,1095,5,971113438
23291,160,667,3,971114775
23292,160,1420,5,971619378
23293,160,671,3,971196506
23294,160,479,5,1065992580
23295,160,34,4,971113741
23296,160,35,2,971113259
23297,160,480,5,971619022
23298,160,324,3,971619114
23299,160,36,4,971619022
23300,160,37,5,971112675
23301,160,674,3,971619496
23302,160,675,1,971196228
23303,160,38,1,971115383
23304,160,1159,4,971115443
23305,160,39,4,971619114
23306,160,1424,1,971114178
23307,160,40,2,971619689
23308,160,5106,4,971114356
23309,160,41,1,971115213
23310,160,42,1,971115520
23311,160,2996,4,971114546
23312,160,1160,5,971619994
23313,160,43,1,971114316
23314,160,2427,1,971115622
23315,160,1431,1,971114462
23316,160,1432,1,971115686
23317,160,701,2,971619114
23318,160,703,4,991076098
23319,160,264,4,971114462
23320,160,1028,5,1058456802
23321,160,708,3,971114725
23322,160,1438,4,971195858
23323,160,333,4,971195858
23324,160,334,3,971112529
23325,160,724,5,971113925
23326,160,5107,1,971115791
23327,160,715,2,971115869
23328,160,2898,1,971436953
23329,160,3282,5,971619022
23330,160,1774,5,971619022
23331,160,863,4,971619022
23332,160,54,3,971619114
23333,160,57,3,971619114
23334,160,4046,1,971116020
23335,160,1775,2,971112839
23336,160,1135,2,971113527
23337,160,832,2,971114607
23338,160,2447,3,993581131
23339,160,1162,5,971620157
23340,160,64,5,971112754
23341,160,65,3,971196267
23342,160,66,3,971113554
23343,160,976,1,971115593
23344,160,5108,3,1077749409
23345,160,2174,3,971620157
23346,160,67,2,971113711
23347,160,5109,1,971113112
23348,160,2075,4,971113925
23349,160,349,4,971112587
23350,160,1101,5,971113711
23351,160,69,4,971113406
23352,160,71,3,971113406
23353,160,351,5,971113438
23354,160,1029,1,971113438
23355,160,73,5,991075729
23356,160,74,5,971113953
23357,160,75,4,971113158
23358,160,76,2,971113925
23359,160,77,3,971195858
23360,160,1137,5,1058456805
23361,160,79,4,971113496
23362,160,354,2,971113406
23363,160,82,4,971113579
23364,160,2397,4,971113438
23365,160,84,2,1058456820
23366,160,85,2,971115026
23367,160,86,5,977143765
23368,160,87,3,971436749
23369,160,3014,5,971115114
23370,160,360,4,971113579
23371,160,90,3,971113554
23372,160,3000,3,971113644
23373,160,866,4,1065985257
23374,160,2751,5,971114462
23375,160,4057,1,971113779
23376,160,1462,5,976797151
23377,160,1030,3,976797624
23378,160,1166,2,971115213
23379,160,978,2,971115276
23380,160,271,2,971114422
23381,160,1469,2,971114286
23382,160,1470,2,971114703
23383,160,1167,1,971436496
23384,160,1140,2,971114356
23385,160,1471,1,971114178
23386,160,93,3,971115356
23387,160,3223,1,971115791
23388,160,979,1,975849881
23389,160,2147,2,971112754
23390,160,362,4,971436384
23391,160,2420,1,971620081
23392,160,4051,5,971619994
23393,160,980,1,971115791
23394,160,2452,4,971115026
23395,160,4864,5,976796790
23396,160,2562,1,971115489
23397,160,1487,1,971115791
23398,160,1031,3,971114112
23399,160,100,1,971115520
23400,160,1492,1,976795939
23401,160,101,1,971115213
23402,160,102,2,971114112
23403,160,727,1,971114112
23404,160,982,1,971115887
23405,160,103,1,971436749
23406,160,4667,3,971437089
23407,160,1007,5,971115593
23408,160,1497,2,971114703
23409,160,365,1,971115356
23410,160,1499,1,971114422
23411,160,728,3,971115082
23412,160,985,1,971115593
23413,160,105,0,1077748811
23414,160,5110,5,971115443
23415,160,1501,3,971196111
23416,160,1032,5,971114075
23417,160,834,2,971113866
23418,160,108,1,991076146
23419,160,2181,4,971620035
23420,160,1510,2,971114356
23421,160,5111,5,971619496
23422,160,1512,1,971196550
23423,160,1514,1,971115187
23424,160,369,5,971113112
23425,160,1516,5,971114075
23426,160,2566,3,1058457100
23427,160,1524,1,981310876
23428,160,1525,3,1065985174
23429,160,996,2,971114462
23430,160,990,1,971114797
23431,160,1033,1,971114256
23432,160,731,1,971196630
23433,160,114,1,971619689
23434,160,2092,1,971113688
23435,160,3503,1,971113866
23436,160,5112,1,976797780
23437,160,1538,1,976797780
23438,160,1539,1,976797780
23439,160,1540,1,976797944
23440,160,1541,2,976798279
23441,160,4062,1,976797780
23442,160,2568,1,976797944
23443,160,2569,1,976797944
23444,160,5113,3,976798114
23445,160,4063,1,976798114
23446,160,1543,4,971113866
23447,160,2905,5,986319784
23448,160,118,4,971116347
23449,160,992,4,971115593
23450,160,1544,4,976797624
23451,160,119,2,971436749
23452,160,1777,1,974494188
23453,160,836,4,971114256
23454,160,120,4,977143765
23455,160,121,5,971619022
23456,160,3060,2,971113527
23457,160,2183,1,971114208
23458,160,837,5,971115356
23459,160,122,5,971112587
23460,160,5114,1,971436953
23461,160,1556,3,971619579
23462,160,1557,1,971114668
23463,160,126,2,971114462
23464,160,127,1,971115156
23465,160,128,4,971619022
23466,160,1035,5,971619114
23467,160,1780,4,971619022
23468,160,1561,1,971436871
23469,160,131,2,971114316
23470,160,135,3,971436749
23471,160,1567,5,971113741
23472,160,5115,3,971115622
23473,160,1571,2,971114178
23474,160,141,2,971436749
23475,160,5116,1,971619754
23476,160,4673,3,975668155
23477,160,142,2,971113779
23478,160,1141,3,971113611
23479,160,5117,3,981310736
23480,160,5118,0,1065984386
23481,160,144,1,971115791
23482,160,146,1,974494129
23483,160,3173,4,971116332
23484,160,5119,5,974494087
23485,160,392,5,971113296
23486,160,4221,4,991925381
23487,160,148,3,976798849
23488,160,3289,1,975850225
23489,160,3290,1,985383314
23490,160,150,1,971115187
23491,160,2912,1,971114178
23492,160,5120,1,971114356
23493,160,5121,2,971436953
23494,160,152,5,971437089
23495,160,1609,1,971114950
23496,160,1863,1,976796160
23497,160,2576,1,976796160
23498,160,2121,2,971436871
23499,160,2915,1,971114703
23500,160,1173,3,976796213
23501,160,1174,2,976796213
23502,160,1175,1,976796213
23503,160,1176,1,976796213
23504,160,156,3,971436749
23505,160,1178,1,971436871
23506,160,157,5,976799005
23507,160,1615,1,971114356
23508,160,1616,2,975667067
23509,160,158,3,971114725
23510,160,1618,4,971117691
23511,160,4069,2,976797780
23512,160,397,3,971113779
23513,160,160,2,971436749
23514,160,3292,1,971436871
23515,160,165,3,971112754
23516,160,2153,1,971114422
23517,160,5122,1,971114668
23518,160,2154,1,971114512
23519,160,2918,1,971114256
23520,160,167,4,971113953
23521,160,398,2,1008678948
23522,160,171,1,971112529
23523,160,172,2,971114208
23524,160,173,4,971114178
23525,160,174,2,971436749
23526,160,1636,1,971114668
23527,160,1637,1,971436871
23528,160,178,3,971117641
23529,160,733,0,1058457082
23530,160,1641,3,971463110
23531,160,180,1,1065985243
23532,160,734,1,971114775
23533,160,1179,2,991925266
23534,160,1643,5,971463123
23535,160,181,4,971113644
23536,160,735,4,976795912
23537,160,5123,3,971116289
23538,160,5124,3,971436871
23539,160,402,5,971113327
23540,160,5125,5,974493821
23541,160,2586,1,993581327
23542,160,5126,1,976797151
23543,160,405,4,971113611
23544,160,1654,1,971196484
23545,160,1655,1,971114607
23546,160,5127,1,971115909
23547,160,2590,1,991925166
23548,160,1658,5,971436496
23549,160,185,5,971113158
23550,160,188,4,971114033
23551,160,1180,2,971113579
23552,160,1182,1,971619754
23553,160,193,4,1065992795
23554,160,5128,2,991925792
23555,160,194,4,971114256
23556,160,5129,3,971114703
23557,160,195,4,971113688
23558,160,198,5,971113259
23559,160,1671,1,971196612
23560,160,200,4,971619114
23561,160,4845,1,971113866
23562,160,1183,5,976797151
23563,160,1684,1,971115383
23564,160,414,5,971112839
23565,160,1685,1,971113866
23566,160,736,2,971113259
23567,160,204,4,976799220
23568,160,415,4,1065992724
23569,160,1692,5,971619114
23570,160,1695,1,981310684
23571,160,2201,1,971196267
23572,160,1184,2,971115659
23573,160,1143,3,971117745
23574,160,1699,1,971112587
23575,160,1700,1,971114512
23576,160,1701,3,998514582
23577,160,842,5,971117667
23578,160,1705,4,998513215
23579,160,5130,4,976796537
23580,160,211,4,971619994
23581,160,422,4,971117585
23582,160,1717,1,971115082
23583,160,1790,2,971619619
23584,160,212,2,971619754
23585,160,213,1,971619816
23586,160,216,2,971436328
23587,160,1722,3,971113953
23588,160,1724,3,971112587
23589,160,219,4,971113802
23590,160,5131,1,971114584
23591,160,220,5,975850290
23592,160,3042,4,1058457011
23593,160,1740,1,971113779
23594,160,5132,4,1077749437
23595,160,738,2,971196362
23596,160,1870,1,971114356
23597,160,5133,1,1065991722
23598,160,1123,5,971113406
23599,160,1871,5,971115593
23600,160,1747,4,971436871
23601,160,1749,1,971114256
23602,160,224,1,1058457375
23603,160,225,4,971113611
23604,160,1750,4,971114286
23605,160,1756,2,1065991630
23606,160,1187,5,977143717
23607,160,1188,5,974494268
23608,160,229,1,971114075
23609,160,1764,0,1077749012
23610,160,1765,1,998513585
23611,160,5134,5,991925887
23612,160,5135,1,971114703
23613,160,1872,4,971112754
23614,160,739,3,971117781
23615,160,5136,2,971436871
23616,160,1020,3,1058457467
23617,160,3722,5,974493821
23618,160,1797,4,1065985297
23619,160,3309,1,1065992238
23620,160,1799,0,1065992767
23621,160,742,4,1065992076
23622,160,432,5,990188238
23623,160,1022,4,1065991604
23624,160,436,5,998513052
23625,160,439,5,1003332852
23626,160,440,5,985383250
23627,160,5137,5,1003333005
23628,160,1023,2,1008678599
23629,160,744,3,987187306
23630,160,4494,1,1003333287
23631,160,447,4,1058457517
23632,160,745,4,1003333307
23633,160,2214,2,1065992278
23634,160,1816,1,998514493
23635,160,747,4,1065992012
23636,160,453,5,998514430
23637,160,5138,5,1065983846
23638,160,1822,0,1065992214
23639,160,748,0,1065992210
23640,160,5139,4,1065992184
23641,160,4697,2,1058456638
23642,160,4951,2,1077750008
23643,160,3615,0,1065992285
23644,160,1832,4,1058456459
23645,160,754,2,1058457619
23646,160,1881,2,1065992115
23647,160,757,0,1058456918
23648,160,759,4,1065992004
23649,160,760,1,1065992218
23650,160,762,4,1065992029
23651,160,1204,3,1065991969
23652,160,765,1,1058457627
23653,160,767,5,1058457539
23654,160,4851,5,1058454745
23655,160,5140,2,1058457318
23656,160,5141,1,1065984412
23657,160,5142,1,1065991838
23658,160,769,2,1058454547
23659,160,2235,2,1065992023
23660,160,5143,3,1058456896
23661,160,3566,5,1065983795
23662,160,775,5,1077748466
23663,161,1,4,1176751765
23664,161,1401,4,1176498494
23665,161,569,4,1176498559
23666,161,233,5,1176751745
23667,161,473,3,1176751773
23668,161,36,3,1176498540
23669,161,1097,5,1186073240
23670,161,331,4,1176498953
23671,161,3282,3,1176498702
23672,161,1774,3,1176498609
23673,161,266,4,1176498673
23674,161,1100,5,1186073273
23675,161,1105,5,1186073276
23676,161,1139,4,1176498505
23677,161,2757,4,1176746778
23678,161,3138,2,1176498726
23679,161,121,3,1176498704
23680,161,272,3,1176498595
23681,161,1782,5,1176746406
23682,161,1571,3,1176498669
23683,161,1572,2,1176498658
23684,161,393,3,1176498590
23685,161,274,3,1176498582
23686,161,171,4,1176746702
23687,161,1712,3,1176498711
23688,161,1122,5,1186073278
23689,161,423,4,1176746443
23690,161,1187,5,1186073290
23691,161,433,0,1176498716
23692,161,1812,4,1176746708
23693,161,1146,5,1176746340
23694,161,2404,5,1176746342
23695,161,755,3,1176498512
23696,161,5144,4,1176746775
23697,161,2780,5,1176746376
23698,161,1248,5,1186073284
23699,161,5145,0,1176746495
23700,161,2128,4,1176746738
23701,161,3403,4,1176498804
23702,162,483,3,836684306
23703,162,491,5,836511416
23704,162,492,5,836510953
23705,162,260,4,836511596
23706,162,462,5,836511416
23707,162,5,4,836511263
23708,162,505,5,836510953
23709,162,526,5,836511477
23710,162,464,4,836488864
23711,162,465,4,836511231
23712,162,533,3,836511364
23713,162,549,3,836684249
23714,162,557,4,836511595
23715,162,558,3,836511263
23716,162,467,5,836511337
23717,162,468,4,836511289
23718,162,2071,5,836511416
23719,162,581,5,836511595
23720,162,3052,5,836684249
23721,162,588,4,836511233
23722,162,17,3,836488867
23723,162,470,3,836511263
23724,162,233,5,836511232
23725,162,604,3,836511309
23726,162,21,5,836511289
23727,162,620,3,836684306
23728,162,624,5,836511478
23729,162,657,5,836511477
23730,162,320,4,836511364
23731,162,476,5,836511478
23732,162,29,5,836511337
23733,162,478,5,836684340
23734,162,671,3,836511364
23735,162,33,4,836488863
23736,162,34,4,836488862
23737,162,37,5,836511478
23738,162,693,4,836510991
23739,162,697,5,836600689
23740,163,1476,3,894217532
23741,163,1485,3,894217532
23742,163,3285,3,894217532
23743,163,1496,4,894217570
23744,163,984,4,894217570
23745,163,1500,3,894217532
23746,163,104,3,894217532
23747,163,106,4,894217570
23748,163,1009,3,894217532
23749,163,108,3,894217532
23750,163,234,4,894217570
23751,163,1512,3,894217532
23752,163,988,3,894217532
23753,163,1514,2,894217548
23754,163,2565,2,894217548
23755,163,1515,3,894217570
23756,163,110,3,894217570
23757,163,730,4,894217570
23758,163,113,2,894217548
23759,163,2566,3,894217570
23760,163,5146,3,894217570
23761,163,2567,2,894217548
23762,163,5147,2,894217532
23763,164,8,5,999708154
23764,164,27,5,999708209
23765,164,479,5,999708174
23766,164,34,3,999708325
23767,164,43,5,999708378
23768,164,1135,5,999708195
23769,164,1449,4,999708378
23770,164,66,5,999707976
23771,164,725,5,999708257
23772,164,69,4,999708174
23773,164,71,5,999708154
23774,164,1029,5,999708195
23775,164,1103,5,999708209
23776,164,74,4,999708029
23777,164,82,5,999708195
23778,164,90,5,999708174
23779,164,1166,4,999708293
23780,164,1031,3,999708293
23781,164,101,3,999708325
23782,164,102,5,999708390
23783,164,103,3,999708350
23784,164,379,3,999707976
23785,164,1557,3,999708009
23786,164,135,4,999708378
23787,164,1575,3,999708337
23788,164,173,4,999708378
23789,164,188,3,999708390
23790,164,5148,5,999708378
23791,164,219,5,999708257
23792,164,220,5,999708257
23793,164,222,5,999708378
23794,164,2161,5,999708174
23795,164,229,3,999708009
23796,164,432,4,999708085
23797,164,3176,3,999708085
23798,164,5149,5,999708209
23799,165,8,4,1046741213
23800,165,2433,4,1046741234
23801,165,315,4,1046742038
23802,165,622,4,1046741949
23803,165,25,3,1046741288
23804,165,27,4,1046741972
23805,165,34,4,1046741972
23806,165,1028,3,1046741758
23807,165,334,4,1046741248
23808,165,67,4,1046741949
23809,165,69,4,1046741873
23810,165,70,5,1046741873
23811,165,71,5,1046741758
23812,165,74,3,1046741234
23813,165,1137,3,1046741758
23814,165,90,5,1046741888
23815,165,361,3,1046741758
23816,165,101,3,1046741213
23817,165,383,4,1046741833
23818,165,122,3,1046741758
23819,165,1141,4,1046741930
23820,165,150,4,1046742038
23821,165,1178,2,1046741288
23822,165,167,4,1046741873
23823,165,171,3,1046741288
23824,165,179,3,1046741833
23825,165,2201,4,1046742010
23826,165,1012,3,1046741234
23827,165,1014,3,1046742010
23828,165,432,4,1046741833
23829,165,1876,4,1046741972
23830,165,2632,3,1046741288
23831,165,753,5,1046741972
23832,165,869,3,1046741248
23833,165,756,4,1046741394
23834,165,1842,3,1046741356
23835,165,870,4,1046741356
23836,165,5150,3,1046741213
23837,165,1199,4,1046741356
23838,165,3328,4,1046741372
23839,165,759,4,1046741616
23840,165,4481,3,1046741394
23841,165,761,3,1046741356
23842,165,4482,5,1046741411
23843,165,848,3,1046741422
23844,165,5151,3,1046741629
23845,165,762,4,1046741616
23846,165,2955,3,1046741616
23847,165,5152,3,1046741356
23848,165,2703,3,1046741616
23849,165,5153,2,1046741411
23850,165,2227,3,1046741372
23851,165,871,3,1046741655
23852,165,852,3,1046742010
23853,165,4483,3,1046741509
23854,165,856,4,1046741509
23855,165,2231,3,1046741509
23856,165,765,5,1046741479
23857,165,3188,3,1046741479
23858,165,857,3,1046741521
23859,165,4839,3,1046741509
23860,165,766,4,1046741479
23861,165,767,4,1046741509
23862,165,5154,2,1046741544
23863,165,3189,4,1046741544
23864,166,1,5,1189980529
23865,166,3,3,1190828796
23866,166,487,4,1190827465
23867,166,492,4,1190828781
23868,166,293,4,1189038252
23869,166,4,4,1188774624
23870,166,5,5,1188774404
23871,166,465,2,1189037942
23872,166,16,4,1188926253
23873,166,589,4,1188774465
23874,166,17,4,1188774591
23875,166,233,4,1188774402
23876,166,20,3,1190828503
23877,166,611,4,1189037866
23878,166,21,4,1190828745
23879,166,23,3,1189037900
23880,166,622,3,1190827458
23881,166,634,2,1190828692
23882,166,26,3,1190828706
23883,166,660,3,1188773623
23884,166,29,4,1188926239
23885,166,323,5,1190827475
23886,166,34,3,1189037864
23887,166,35,4,1188774626
23888,166,481,3,1190828637
23889,166,37,4,1189038623
23890,166,38,3,1190828622
23891,166,1160,4,1189038614
23892,166,703,3,1189037948
23893,166,1028,4,1188921618
23894,166,333,3,1188921640
23895,166,46,4,1189038377
23896,166,1135,4,1190828734
23897,166,63,4,1188774622
23898,166,66,4,1190828509
23899,166,1102,4,1188926309
23900,166,69,4,1188924422
23901,166,70,4,1189038549
23902,166,71,4,1188926513
23903,166,72,4,1189038528
23904,166,74,5,1188926273
23905,166,76,4,1189038370
23906,166,1137,4,1188921623
23907,166,79,3,1188921668
23908,166,354,4,1189038516
23909,166,1139,4,1188773625
23910,166,82,3,1190828696
23911,166,1165,4,1188924970
23912,166,865,4,1189038282
23913,166,2083,4,1188774654
23914,166,84,4,1189038553
23915,166,268,3,1188774095
23916,166,85,4,1190828662
23917,166,1111,4,1189038714
23918,166,90,4,1189038506
23919,166,93,3,1189037883
23920,166,364,4,1188924940
23921,166,98,5,1188774658
23922,166,99,3,1190828732
23923,166,1492,2,1189037973
23924,166,102,4,1189038002
23925,166,727,3,1190828751
23926,166,104,4,1188774620
23927,166,729,5,1189038119
23928,166,234,4,1190828708
23929,166,988,3,1190828666
23930,166,730,3,1188774078
23931,166,1171,4,1190827471
23932,166,382,2,1190828700
23933,166,122,4,1189038178
23934,166,135,4,1190828670
23935,166,1575,4,1189037884
23936,166,392,4,1189038292
23937,166,148,5,1188773610
23938,166,150,4,1188773619
23939,166,1609,3,1189980535
23940,166,166,3,1189038293
23941,166,167,4,1188774339
23942,166,172,3,1188926268
23943,166,1643,2,1190828620
23944,166,181,3,1190828633
23945,166,402,4,1189038270
23946,166,185,4,1188774585
23947,166,1180,3,1190828624
23948,166,190,4,1189038129
23949,166,1181,4,1190682655
23950,166,193,4,1188774339
23951,166,195,3,1190828791
23952,166,198,4,1189038196
23953,166,1118,5,1189038604
23954,166,201,3,1188773616
23955,166,736,4,1189038117
23956,166,204,4,1190828738
23957,166,415,4,1188774033
23958,166,1692,4,1189037992
23959,166,1790,3,1189038031
23960,166,212,3,1189038044
23961,166,213,3,1189038046
23962,166,3506,4,1189038731
23963,166,423,4,1188774117
23964,166,4084,2,1189038035
23965,166,220,3,1190827473
23966,166,738,3,1190827467
23967,166,1145,4,1190826717
23968,166,229,3,1189037862
23969,166,429,3,1190827460
23970,166,278,4,1188921662
23971,166,1022,4,1189038425
23972,166,1043,4,1190828522
23973,166,437,4,1190828513
23974,166,445,5,1188774408
23975,166,745,4,1189980543
23976,166,1830,4,1189037876
23977,166,1125,4,1188774610
23978,166,752,4,1189980526
23979,166,753,4,1190827463
23980,166,1126,5,1188774462
23981,166,754,3,1188774575
23982,166,1881,4,1190826770
23983,166,1840,3,1189037889
23984,166,757,4,1189037860
23985,166,758,3,1188926266
23986,166,1199,4,1190827456
23987,166,759,4,1189980538
23988,166,761,4,1189037853
23989,166,763,4,1188774593
23990,166,2046,4,1188774055
23991,166,3186,5,1188774618
23992,166,765,4,1188774589
23993,166,766,4,1190828617
23994,166,1854,2,1189037950
23995,166,768,4,1189037850
23996,166,876,4,1190828655
23997,166,1210,3,1190828793
23998,166,1046,4,1188774299
23999,166,770,3,1189037954
24000,166,2047,5,1189980536
24001,166,235,4,1189980540
24002,166,878,4,1188925104
24003,166,2251,4,1188774267
24004,166,3143,4,1189038577
24005,166,774,4,1190828657
24006,166,775,5,1188774339
24007,166,1130,5,1188774024
24008,166,1222,4,1189037897
24009,166,1048,4,1190828627
24010,166,779,4,1190828512
24011,166,2048,3,1190828785
24012,166,783,5,1189037855
24013,166,784,5,1190828516
24014,166,1228,5,1190828746
24015,166,236,5,1188774246
24016,166,1230,4,1189038295
24017,166,795,4,1188774344
24018,166,4302,5,1189038287
24019,166,891,4,1188774441
24020,166,2126,4,1189037892
24021,166,807,5,1189037833
24022,166,2286,5,1188774239
24023,166,809,4,1188926260
24024,166,810,5,1188774085
24025,166,1241,3,1189037895
24026,166,1892,4,1188774065
24027,166,2127,4,1190828778
24028,166,1247,4,1189037770
24029,166,3585,4,1189038217
24030,166,2300,3,1190828749
24031,166,1251,4,1189037835
24032,166,817,4,1189037941
24033,166,821,5,1189037932
24034,166,1256,4,1189038698
24035,166,2055,4,1188774629
24036,166,2313,4,1188774165
24037,166,3392,4,1189038568
24038,166,1133,3,1188774105
24039,166,238,5,1188774406
24040,166,1051,4,1189038374
24041,166,1052,2,1188774459
24042,166,824,5,1188774291
24043,166,2320,4,1189038524
24044,166,2325,4,1189038234
24045,166,3079,3,1189037759
24046,166,2326,3,1189038769
24047,166,900,4,1188773972
24048,166,2328,4,1188774042
24049,166,2519,4,1188774138
24050,166,1270,4,1189980487
24051,166,903,5,1188774329
24052,166,2338,4,1189980470
24053,166,3418,3,1190826774
24054,167,1,3,1154721923
24055,167,463,2,1154723333
24056,167,2664,2,1154719322
24057,167,519,4,1154718729
24058,167,8,3,1154721971
24059,167,464,4,1154722124
24060,167,1405,2,1154718768
24061,167,538,4,1154721550
24062,167,540,1,1154718963
24063,167,13,5,1154721696
24064,167,16,4,1154721952
24065,167,17,3,1154723095
24066,167,233,5,1154722100
24067,167,599,3,1154719306
24068,167,611,5,1154718746
24069,167,21,3,1154721979
24070,167,633,2,1154719066
24071,167,1157,1,1154719061
24072,167,27,3,1154722006
24073,167,2509,3,1154721640
24074,167,322,3,1154722932
24075,167,1095,3,1154723110
24076,167,1420,3,1154718701
24077,167,828,1,1154723360
24078,167,323,3,1154721960
24079,167,34,3,1154721571
24080,167,35,2,1154723087
24081,167,480,3,1154723252
24082,167,324,3,1154723174
24083,167,37,3,1154723159
24084,167,1424,4,1154721897
24085,167,263,4,1177516044
24086,167,41,3,1154718955
24087,167,1097,5,1177516032
24088,167,723,2,1154718691
24089,167,1160,4,1154722276
24090,167,1026,0,1154718778
24091,167,703,1,1154719285
24092,167,724,1,1154723239
24093,167,1448,2,1154722228
24094,167,61,4,1154721884
24095,167,62,3,1154718733
24096,167,2174,3,1154719045
24097,167,68,4,1154722973
24098,167,1100,5,1154723076
24099,167,69,4,1154721847
24100,167,70,4,1154721881
24101,167,71,4,1177516040
24102,167,1029,1,1154722044
24103,167,74,4,1154721662
24104,167,76,2,1154723102
24105,167,1452,5,1154721694
24106,167,78,4,1154718683
24107,167,1139,3,1154723107
24108,167,1454,3,1154721684
24109,167,85,3,1154721985
24110,167,88,4,1154718813
24111,167,90,4,1177515984
24112,167,866,3,1154723169
24113,167,1474,0,1154718782
24114,167,979,2,1154719268
24115,167,94,3,1154721626
24116,167,98,3,1154722979
24117,167,1031,5,1154719029
24118,167,102,3,1154721789
24119,167,1009,4,1154719025
24120,167,1504,3,1154719249
24121,167,729,3,1154719017
24122,167,109,4,1154723140
24123,167,1516,4,1154723009
24124,167,731,1,1154718679
24125,167,117,4,1154721690
24126,167,122,3,1154722138
24127,167,126,3,1154718763
24128,167,1779,4,1154721879
24129,167,134,3,1154723262
24130,167,138,3,1154721825
24131,167,1571,4,1154721736
24132,167,142,3,1154718711
24133,167,2184,4,1154719235
24134,167,1603,3,1154719218
24135,167,1611,4,1154721588
24136,167,1177,3,1154723351
24137,167,4492,1,1154719205
24138,167,3292,2,1154719196
24139,167,163,5,1154722970
24140,167,178,3,1154723337
24141,167,1643,1,1154718719
24142,167,402,3,1154721918
24143,167,405,4,1154723124
24144,167,183,3,1154723286
24145,167,185,3,1154722268
24146,167,201,5,1154723017
24147,167,1685,4,1154721654
24148,167,736,3,1154722066
24149,167,416,3,1154722003
24150,167,277,2,1154722287
24151,167,1185,4,1154721556
24152,167,1712,4,1154719157
24153,167,1713,4,1154721866
24154,167,422,3,1154718990
24155,167,1718,3,1154723081
24156,167,2606,4,1154721726
24157,167,223,3,1154721946
24158,167,1187,5,1154722027
24159,167,229,5,1154721538
24160,167,231,3,1154719406
24161,167,1022,5,1154721700
24162,167,1803,4,1154721761
24163,167,1043,3,1154722084
24164,167,745,4,1154721715
24165,167,2630,3,1154719393
24166,167,2632,3,1154719121
24167,167,1817,1,1154719118
24168,167,868,0,1154719114
24169,167,1877,3,1154721599
24170,167,2647,3,1154721601
24171,167,4101,4,1154721870
24172,167,1125,3,1154718976
24173,167,752,4,1154721834
24174,167,458,4,1154721786
24175,167,753,4,1154721622
24176,167,2404,3,1154719107
24177,167,754,5,1154721752
24178,167,1835,4,1154719384
24179,167,1837,3,1154721668
24180,167,2476,4,1154721893
24181,167,756,4,1154721901
24182,167,757,4,1154721636
24183,167,1199,4,1154721766
24184,167,761,3,1154719103
24185,167,4114,4,1154722538
24186,167,764,4,1154721707
24187,167,765,4,1154721758
24188,167,767,3,1154723191
24189,167,4118,5,1154721982
24190,167,768,4,1154718969
24191,167,876,3,1154721906
24192,167,5155,3,1154722483
24193,167,771,4,1154721595
24194,167,3259,3,1154722359
24195,167,2107,3,1154719365
24196,167,2109,4,1154721584
24197,167,772,2,1154721782
24198,167,1218,4,1154723586
24199,167,775,4,1154718806
24200,167,2780,2,1154722492
24201,167,2257,5,1154721942
24202,167,779,4,1154721836
24203,167,780,4,1154719092
24204,167,3146,4,1154719089
24205,167,3277,3,1154721722
24206,167,783,4,1154721630
24207,167,784,3,1154721794
24208,167,2266,4,1154721840
24209,167,795,4,1154721891
24210,167,799,0,1154719347
24211,167,1237,2,1154719342
24212,167,893,3,1154719339
24213,167,809,2,1154721732
24214,167,810,5,1154719082
24215,167,1242,5,1154721565
24216,167,2127,1,1154722262
24217,167,1244,1,1154719336
24218,167,1248,5,1154719331
24219,167,1894,4,1154721607
24220,167,1895,4,1154719328
24221,167,3379,2,1154722362
24222,167,1251,4,1154718915
24223,167,3384,1,1154723676
24224,167,818,3,1154721561
24225,167,1255,3,1154721497
24226,167,3511,1,1154723703
24227,168,1094,4,1306801971
24228,168,545,0,1306793344
24229,168,308,4,1306793369
24230,168,17,4,1306802051
24231,168,310,4,1306793520
24232,168,21,4,1306806571
24233,168,30,2,1306793350
24234,168,36,4,1306793334
24235,168,37,5,1306801670
24236,168,1097,4,1306802059
24237,168,723,5,1306801677
24238,168,2444,4,1306793450
24239,168,1028,5,1306801724
24240,168,1438,4,1306793315
24241,168,334,5,1306802820
24242,168,336,4,1306802375
24243,168,1098,4,1306802817
24244,168,46,5,1306801900
24245,168,2395,4,1306793289
24246,168,345,5,1306801729
24247,168,63,5,1306802560
24248,168,1100,4,1306801690
24249,168,3499,5,1306801666
24250,168,1102,4,1306801716
24251,168,1103,5,1306801930
24252,168,352,5,1306801599
24253,168,1104,5,1306801608
24254,168,73,5,1306801984
24255,168,1136,4,1306802855
24256,168,1163,5,1306802055
24257,168,75,5,1306802015
24258,168,77,4,1306801603
24259,168,1137,5,1306801827
24260,168,79,4,1306802554
24261,168,354,4,1306801804
24262,168,2079,4,1306801988
24263,168,2901,4,1306802199
24264,168,865,5,1306802167
24265,168,2082,5,1306802369
24266,168,1107,5,1306801889
24267,168,2145,4,1306802582
24268,168,268,5,1306801999
24269,168,1455,4,1306801673
24270,168,1111,4,1306802427
24271,168,270,4,1306793396
24272,168,361,4,1306802184
24273,168,1140,2,1306793541
24274,168,1471,2,1306793293
24275,168,104,4,1306802586
24276,168,1169,4,1306793536
24277,168,115,4,1306802074
24278,168,4899,5,1306801791
24279,168,383,4,1306801959
24280,168,384,4,1306806642
24281,168,178,4,1306793285
24282,168,185,5,1306801883
24283,168,2593,4,1306793383
24284,168,198,4,1306802080
24285,168,2098,5,1306802137
24286,168,1686,3,1306793401
24287,168,3504,5,1306802028
24288,168,3037,4,1306801922
24289,168,2494,4,1306801653
24290,168,2403,4,1306802285
24291,168,1186,4,1306801950
24292,168,2206,4,1306802277
24293,168,1145,5,1306802012
24294,168,2764,4,1306806629
24295,168,427,4,1306806646
24296,168,5156,5,1306802534
24297,168,1126,3,1306801658
24298,168,3184,5,1306802788
24299,168,1147,4,1306801996
24300,168,2500,4,1306802295
24301,168,2405,4,1306802435
24302,168,3342,5,1306801879
24303,168,5157,4,1306802841
24304,168,5158,4,1306802281
24305,168,5096,4,1306801818
24306,168,2119,5,1306801942
24307,168,792,5,1306802218
24308,168,5159,5,1306802421
24309,168,5160,4,1306802342
24310,168,891,4,1306801618
24311,168,5161,5,1306802157
24312,168,1253,5,1306801838
24313,168,2317,4,1306801919
24314,168,2059,4,1306802532
24315,168,1279,4,1306802023
24316,168,241,5,1306801912
24317,168,2525,4,1306806626
24318,168,1153,3,1306802570
24319,168,1323,4,1306801946
24320,168,3849,4,1306793843
24321,169,1,4,1059427918
24322,169,482,4,1078284713
24323,169,2,5,1078284750
24324,169,484,5,1078284788
24325,169,485,4,1078284741
24326,169,488,4,1059427956
24327,169,461,4,1059427862
24328,169,463,3,1059428140
24329,169,1401,3,1059427123
24330,169,503,4,1078285375
24331,169,505,5,1078284604
24332,169,4699,4,1070250173
24333,169,519,5,1078284796
24334,169,464,4,1078284469
24335,169,540,4,1078284569
24336,169,550,3,1078284590
24337,169,12,3,1059427285
24338,169,14,4,1078284543
24339,169,581,4,1059427194
24340,169,598,5,1078284717
24341,169,233,5,1078284475
24342,169,19,4,1078284981
24343,169,605,4,1059428034
24344,169,471,3,1078284505
24345,169,21,4,1059427994
24346,169,472,4,1059427520
24347,169,622,4,1078284500
24348,169,637,4,1059428074
24349,169,640,3,1078285276
24350,169,26,4,1078284464
24351,169,27,4,1078284462
24352,169,28,5,1078284556
24353,169,661,5,1070251128
24354,169,29,5,1078284493
24355,169,322,4,1059427970
24356,169,2501,3,1078285078
24357,169,828,5,1078284644
24358,169,323,5,1059427530
24359,169,480,4,1070250167
24360,169,324,5,1059427515
24361,169,481,4,1059427973
24362,169,676,3,1059427814
24363,169,677,4,1078285271
24364,169,39,4,1059427138
24365,169,688,4,1078285146
24366,169,42,4,1078284514
24367,169,693,4,1059427166
24368,169,1431,4,1078284676
24369,169,706,4,1078284897
24370,169,331,5,1059427559
24371,169,265,5,1059427248
24372,169,3730,4,1070250186
24373,169,45,5,1078284334
24374,169,2665,5,1059428008
24375,169,2395,5,1059427133
24376,169,1774,4,1059427297
24377,169,863,5,1059427087
24378,169,55,3,1059427794
24379,169,1775,5,1059427524
24380,169,58,4,1059427234
24381,169,61,5,1059427936
24382,169,62,3,1070251218
24383,169,2144,4,1059427635
24384,169,864,4,1059427717
24385,169,66,4,1078284561
24386,169,68,5,1059427872
24387,169,70,4,1059428056
24388,169,78,4,1059427628
24389,169,726,5,1078284867
24390,169,85,4,1059428232
24391,169,86,4,1059428025
24392,169,89,4,1059427601
24393,169,360,4,1070250262
24394,169,270,4,1078285055
24395,169,866,4,1059428049
24396,169,1464,3,1078285348
24397,169,1468,3,1059427276
24398,169,1474,4,1059427692
24399,169,3284,3,1059427837
24400,169,2420,5,1078284681
24401,169,1476,4,1078284845
24402,169,3016,4,1070250325
24403,169,2454,4,1059427720
24404,169,99,4,1059426977
24405,169,1494,4,1078285130
24406,169,102,3,1059428179
24407,169,1504,4,1078285367
24408,169,729,5,1078284875
24409,169,988,5,1078284611
24410,169,110,4,1059428128
24411,169,1534,4,1078285470
24412,169,379,4,1078284776
24413,169,380,5,1078285264
24414,169,1171,4,1078284723
24415,169,3503,4,1078285345
24416,169,117,3,1078285453
24417,169,836,4,1078284889
24418,169,120,4,1078284904
24419,169,5162,4,1059427791
24420,169,122,5,1078284565
24421,169,126,3,1059427157
24422,169,127,4,1078285260
24423,169,1035,4,1059427659
24424,169,5163,4,1059427772
24425,169,1780,4,1070250182
24426,169,1597,4,1059428195
24427,169,1608,4,1059427669
24428,169,2471,5,1085699728
24429,169,163,5,1078285093
24430,169,1784,4,1070250144
24431,169,167,4,1078284597
24432,169,1002,4,1078285431
24433,169,171,3,1079310582
24434,169,172,4,1059428780
24435,169,400,5,1078284762
24436,169,1179,5,1078284800
24437,169,1643,4,1078284804
24438,169,1865,4,1078285308
24439,169,402,4,1078284640
24440,169,405,4,1059428199
24441,169,3606,5,1079310759
24442,169,2587,4,1059428155
24443,169,1653,5,1059427150
24444,169,2713,5,1079310728
24445,169,199,4,1059427267
24446,169,736,4,1059427909
24447,169,204,4,1078285074
24448,169,1787,4,1059427548
24449,169,415,5,1075135424
24450,169,1121,3,1059428429
24451,169,208,4,1079310713
24452,169,5046,4,1059494560
24453,169,1701,4,1070250484
24454,169,422,4,1078284952
24455,169,1718,4,1059428284
24456,169,215,4,1059428218
24457,169,1733,4,1070250555
24458,169,1734,5,1059428134
24459,169,2606,4,1059428321
24460,169,1739,5,1070251166
24461,169,1014,3,1059494292
24462,169,1795,4,1070251004
24463,169,2162,4,1059428536
24464,169,230,4,1059428448
24465,169,867,3,1070250520
24466,169,430,4,1059428269
24467,169,740,5,1085699668
24468,169,1797,5,1059428272
24469,169,431,5,1079310696
24470,169,1800,5,1059494725
24471,169,743,4,1059494065
24472,169,1043,4,1059494455
24473,169,1805,4,1059494295
24474,169,1806,4,1059427674
24475,169,1807,4,1059494078
24476,169,3312,4,1059494231
24477,169,5164,3,1059494385
24478,169,5165,4,1059427762
24479,169,447,4,1059494019
24480,169,745,5,1085699612
24481,169,451,5,1059427608
24482,169,746,4,1059428813
24483,169,1817,3,1059494319
24484,169,5166,4,1059428960
24485,169,3320,4,1059494223
24486,169,1823,4,1070250493
24487,169,1194,4,1070250494
24488,169,4947,4,1059427983
24489,169,3323,4,1070250460
24490,169,4950,5,1059427574
24491,169,5167,3,1059429012
24492,169,3498,4,1059428022
24493,169,752,5,1059427905
24494,169,2513,4,1070250506
24495,169,458,4,1059494471
24496,169,5168,5,1059427699
24497,169,5169,4,1059428641
24498,169,2695,3,1059429271
24499,169,753,4,1059428105
24500,169,2717,4,1059494091
24501,169,2952,4,1059494061
24502,169,754,4,1059494461
24503,169,4472,4,1059428979
24504,169,755,4,1059428888
24505,169,1835,4,1059429153
24506,169,1837,4,1059427949
24507,169,2718,3,1059429284
24508,169,2697,4,1070250779
24509,169,1839,3,1059494397
24510,169,756,4,1059494542
24511,169,5170,4,1070250669
24512,169,2223,4,1059429101
24513,169,3648,3,1059494243
24514,169,1842,4,1059427933
24515,169,757,4,1059428835
24516,169,870,4,1059428078
24517,169,758,4,1059428777
24518,169,3327,4,1059428930
24519,169,5150,4,1059428799
24520,169,3328,4,1059429050
24521,169,759,4,1059429208
24522,169,760,3,1059494361
24523,169,761,4,1059428714
24524,169,5171,4,1059427536
24525,169,848,4,1070250518
24526,169,762,4,1059428864
24527,169,1200,3,1070251009
24528,169,871,4,1059429329
24529,169,1851,4,1059428614
24530,169,764,4,1059494471
24531,169,4968,4,1059429313
24532,169,4483,2,1070250724
24533,169,5172,4,1070250515
24534,169,872,4,1059494227
24535,169,2231,4,1059428327
24536,169,765,4,1059494459
24537,169,873,4,1059428848
24538,169,766,5,1059429189
24539,169,767,5,1059427542
24540,169,1206,4,1059428553
24541,169,5173,3,1085699705
24542,169,874,4,1059428581
24543,169,1853,3,1059494304
24544,169,3189,4,1070250469
24545,169,3191,4,1070250407
24546,169,5174,2,1059429354
24547,169,875,4,1059428904
24548,169,5175,2,1073179681
24549,169,3193,5,1085699639
24550,169,5176,4,1059427427
24551,169,1858,5,1059427702
24552,169,769,4,1059427448
24553,169,1209,4,1059427452
24554,169,876,5,1059427390
24555,169,1210,3,1085699681
24556,169,2235,3,1059427411
24557,169,771,4,1059427432
24558,169,3659,3,1059427455
24559,169,2237,5,1085699714
24560,169,5177,4,1070250159
24561,169,3661,4,1070250522
24562,169,3665,3,1070250104
24563,169,1213,3,1070250087
24564,169,2047,4,1073179635
24565,169,2719,4,1079310527
24566,169,235,3,1070250060
24567,169,3195,5,1070250064
24568,169,3196,5,1073180053
24569,169,2966,3,1073179957
24570,169,5178,3,1073179888
24571,169,5179,4,1073179875
24572,169,5180,5,1073179853
24573,169,774,4,1073179789
24574,169,1218,4,1075135311
24575,169,879,3,1073179589
24576,169,775,5,1073179582
24577,169,2516,3,1075135394
24578,169,1219,4,1078284259
24579,169,1220,5,1082229345
24580,169,884,4,1082229294
24581,169,3757,5,1082229300
24582,169,5181,5,1085699700
24583,169,5182,5,1085699657
24584,169,779,5,1092373232
24585,169,887,4,1092373247
24586,169,1227,5,1092373285
24587,169,1049,2,1092373271
24588,169,784,3,1092373252
24589,169,786,4,1092373278
24590,170,484,3,840473290
24591,170,487,3,840472869
24592,170,461,5,840472895
24593,170,1401,4,840473093
24594,170,516,3,840473046
24595,170,8,4,840380988
24596,170,464,3,840380831
24597,170,465,3,840472759
24598,170,531,4,840380930
24599,170,533,4,840473073
24600,170,539,3,840473242
24601,170,540,3,840472895
24602,170,2424,3,840473265
24603,170,549,3,840473310
24604,170,550,4,840380955
24605,170,468,4,840472976
24606,170,581,3,840473151
24607,170,584,4,840381134
24608,170,588,3,840472869
24609,170,17,2,840380834
24610,170,597,3,840472997
24611,170,233,5,840380930
24612,170,605,4,840472869
24613,170,471,3,840472759
24614,170,609,3,840381134
24615,170,613,2,840473171
24616,170,21,4,840380988
24617,170,472,3,840381013
24618,170,315,3,840473151
24619,170,973,3,840473290
24620,170,622,4,840472922
24621,170,474,1,840381013
24622,170,1414,3,840381051
24623,170,639,3,840380988
24624,170,26,3,840472801
24625,170,27,3,840380988
24626,170,28,4,840381051
24627,170,322,4,840381092
24628,170,32,4,840381134
24629,170,828,3,840381068
24630,170,671,4,840381068
24631,170,323,3,840472759
24632,170,33,4,840380828
24633,170,34,3,840380827
24634,170,35,4,840380905
24635,170,480,3,840473217
24636,170,324,3,840380904
24637,170,481,4,840381092
24638,170,41,3,840473337
24639,170,42,3,840381235
24640,171,1,5,866904159
24641,171,496,5,866904159
24642,171,2069,5,866904396
24643,171,293,5,866904158
24644,171,462,4,866904192
24645,171,4,5,866905267
24646,171,4037,5,866904379
24647,171,1094,5,866905308
24648,171,525,5,866904159
24649,171,11,5,866905308
24650,171,302,5,866905925
24651,171,15,4,866905664
24652,171,16,4,866904192
24653,171,469,5,866905820
24654,171,17,5,866905241
24655,171,598,4,866905664
24656,171,233,5,866905647
24657,171,23,3,866905267
24658,171,473,5,866905647
24659,171,2167,5,866905795
24660,171,2426,3,866905683
24661,171,318,4,866905707
24662,171,648,5,866905683
24663,171,28,4,866905267
24664,171,1095,5,866905738
24665,171,1420,4,866905283
24666,171,1158,5,866905308
24667,171,34,5,866905240
24668,171,35,5,866905241
24669,171,36,5,866905707
24670,171,37,5,866904192
24671,171,38,3,866904159
24672,171,39,5,866904261
24673,171,3004,5,866904301
24674,171,2172,5,866904502
24675,171,263,5,866905795
24676,171,1427,4,866904469
24677,171,1429,5,866904301
24678,171,4043,3,866904429
24679,171,43,4,866904157
24680,171,1026,4,866904216
24681,171,328,5,866904379
24682,171,696,5,866904485
24683,171,697,4,866904216
24684,171,2656,4,866904413
24685,171,1028,5,866904261
24686,171,3006,5,866905882
24687,171,5050,4,866904597
24688,171,1438,5,866905882
24689,171,45,4,866905820
24690,171,2445,5,866905907
24691,171,53,4,866905858
24692,171,5183,5,866904563
24693,171,61,5,866904192
24694,171,343,5,866905738
24695,171,62,5,866905763
24696,171,63,5,866905820
24697,171,2428,5,866905907
24698,171,68,5,866905762
24699,171,1100,5,866905859
24700,171,3054,5,866904677
24701,171,1102,5,866905795
24702,171,69,4,866905738
24703,171,70,4,866905763
24704,171,71,5,866905738
24705,171,1103,5,866905882
24706,171,73,5,866905820
24707,171,74,5,866904240
24708,171,76,5,866905795
24709,171,78,5,866905820
24710,171,354,4,866905795
24711,171,726,5,866905795
24712,171,356,5,866905820
24713,171,85,3,866905795
24714,171,86,5,866905762
24715,171,1111,5,866905907
24716,171,90,5,866905738
24717,171,361,4,866905839
24718,171,1468,5,866904301
24719,171,362,5,866904322
24720,171,5184,5,866904702
24721,171,232,4,866905839
24722,172,581,4,1238715964
24723,172,29,4,1291065634
24724,172,33,3,1291065643
24725,172,35,4,1290913671
24726,172,39,3,1238715949
24727,172,2998,4,1238716069
24728,172,74,4,1291065631
24729,172,1452,3,1238715938
24730,172,86,4,1291065641
24731,172,269,3,1238715994
24732,172,1030,4,1238716026
24733,172,102,3,1291065645
24734,172,2039,3,1238715986
24735,172,2999,3,1238716057
24736,172,1543,3,1238715976
24737,172,119,4,1238715961
24738,172,997,4,1238716153
24739,172,143,3,1238715978
24740,172,3173,3,1238716043
24741,172,402,4,1291065637
24742,172,404,4,1238715951
24743,172,2593,3,1238715927
24744,172,1685,5,1238716079
24745,172,220,4,1291065652
24746,172,229,3,1291065627
24747,172,1048,4,1291065648
24748,173,487,3,843397944
24749,173,492,4,843398078
24750,173,8,3,843397958
24751,173,525,4,844086238
24752,173,464,4,843397856
24753,173,465,3,843397881
24754,173,301,5,844086390
24755,173,466,3,843397944
24756,173,17,1,843397856
24757,173,18,3,843397907
24758,173,600,4,843397925
24759,173,21,5,843397925
24760,173,314,5,843398045
24761,173,622,3,843397993
24762,173,474,3,843397993
24763,173,27,4,843397944
24764,173,28,4,843397993
24765,173,29,5,843398045
24766,173,828,3,843398014
24767,173,671,3,843398030
24768,173,323,3,843397881
24769,173,479,3,843397975
24770,173,34,3,843397856
24771,173,324,3,843397907
24772,173,481,3,843398030
24773,174,487,3,848486985
24774,174,488,5,848487132
24775,174,293,3,848487101
24776,174,461,4,848487060
24777,174,463,4,848487101
24778,174,5,3,848487075
24779,174,505,1,848487212
24780,174,525,3,848487194
24781,174,464,5,848486904
24782,174,465,3,848486928
24783,174,528,3,848487249
24784,174,530,3,848487116
24785,174,531,3,848486984
24786,174,532,3,848486927
24787,174,540,5,848486984
24788,174,541,3,848487212
24789,174,545,2,848487194
24790,174,557,3,848487300
24791,174,558,3,848487101
24792,174,14,3,848486943
24793,174,561,5,848487173
24794,174,466,5,848487003
24795,174,584,5,848487152
24796,174,585,3,848487003
24797,174,588,4,848486962
24798,174,17,3,848486904
24799,174,470,2,848487060
24800,174,597,2,848487152
24801,174,18,5,848486943
24802,174,598,3,848487116
24803,174,600,3,848486962
24804,174,19,4,848487280
24805,174,604,4,848487194
24806,174,605,3,848487003
24807,174,471,5,848486928
24808,174,20,4,848486943
24809,174,609,4,848487116
24810,174,21,3,848486943
24811,174,315,4,848487235
24812,174,619,3,848487280
24813,174,473,3,848486904
24814,174,474,3,848487060
24815,174,1414,2,848487101
24816,174,633,3,848487132
24817,174,635,3,848487132
24818,174,637,4,848487116
24819,174,1157,3,848487152
24820,174,639,5,848487003
24821,174,26,5,848486928
24822,174,475,4,848487152
24823,174,27,5,848486962
24824,174,648,3,848487280
24825,174,657,3,848487173
24826,174,660,5,848487313
24827,174,29,3,848487075
24828,174,322,5,848487075
24829,174,32,5,848487173
24830,174,671,5,848487060
24831,174,323,4,848486927
24832,174,479,4,848487003
24833,174,33,4,848486904
24834,174,34,5,848486904
24835,174,324,3,848486943
24836,174,481,4,848487060
24837,174,38,5,848487280
24838,174,42,5,848487194
24839,174,43,3,848487212
24840,175,477,3,1234188140
24841,175,1424,0,1234188159
24842,175,838,4,1234188170
24843,175,5185,0,1234188616
24844,175,1739,5,1234188487
24845,175,2162,5,1234188252
24846,175,2715,4,1234188201
24847,175,5186,0,1234188618
24848,175,882,5,1234189772
24849,175,5187,3,1234189558
24850,175,5188,3,1234188705
24851,175,4244,4,1234189498
24852,175,5189,5,1234189764
24853,175,5008,5,1234189413
24854,175,894,3,1234189063
24855,175,5190,3,1234188574
24856,175,815,5,1234189433
24857,175,5191,0,1234189665
24858,175,5192,0,1234189741
24859,175,5193,5,1234189390
24860,175,2805,4,1234188588
24861,175,5194,5,1234189512
24862,175,905,4,1234189781
24863,175,3431,4,1234189514
24864,176,487,5,840108984
24865,176,463,3,840108930
24866,176,4,5,840109138
24867,176,8,5,840108930
24868,176,464,4,840108527
24869,176,465,3,840108593
24870,176,531,4,840108983
24871,176,532,4,840108593
24872,176,533,5,840108893
24873,176,14,4,840108739
24874,176,588,3,840108793
24875,176,17,3,840108527
24876,176,18,4,840108739
24877,176,233,5,840108793
24878,176,600,5,840108740
24879,176,471,2,840108593
24880,176,20,4,840108593
24881,176,315,4,840109075
24882,176,619,3,840108893
24883,176,622,4,840108684
24884,176,473,5,840108528
24885,176,626,4,840108930
24886,176,634,4,840108793
24887,176,639,4,840108984
24888,176,26,5,840108793
24889,176,2426,5,840109075
24890,176,648,3,840109075
24891,176,660,3,840108930
24892,176,32,5,840108893
24893,176,323,3,840108593
24894,176,479,5,840108684
24895,176,33,4,840108527
24896,176,34,3,840108527
24897,176,35,5,840108739
24898,176,41,5,840108684
24899,176,43,4,840108684
24900,177,1,5,1435533535
24901,177,482,3,1435534109
24902,177,485,1,1435534432
24903,177,488,3,1435890660
24904,177,491,3,1435890664
24905,177,493,2,1435534140
24906,177,2431,2,1435536420
24907,177,463,4,1435890554
24908,177,4,4,1435533571
24909,177,1401,3,1435534447
24910,177,5,4,1435523529
24911,177,503,3,1435535258
24912,177,519,2,1435890651
24913,177,1403,3,1435535166
24914,177,464,4,1435533543
24915,177,465,3,1435890489
24916,177,3681,4,1435536521
24917,177,528,3,1435890757
24918,177,531,3,1435533737
24919,177,540,2,1435533725
24920,177,12,2,1435534883
24921,177,13,2,1435533774
24922,177,15,3,1435534289
24923,177,563,3,1435536282
24924,177,2425,3,1435534768
24925,177,307,3,1435891198
24926,177,466,4,1435533709
24927,177,571,2,1435978177
24928,177,16,2,1435524019
24929,177,574,4,1435535871
24930,177,17,5,1435530409
24931,177,598,4,1435534302
24932,177,233,5,1435523517
24933,177,604,2,1435890667
24934,177,605,4,1435533746
24935,177,310,3,1435534564
24936,177,471,4,1435533575
24937,177,311,3,1435534714
24938,177,613,2,1435978172
24939,177,21,5,1435523542
24940,177,22,4,1435535020
24941,177,472,4,1435533586
24942,177,23,3,1435890503
24943,177,622,3,1435533573
24944,177,473,3,1435533559
24945,177,474,2,1435534208
24946,177,639,2,1435890562
24947,177,640,3,1435978247
24948,177,27,3,1435533530
24949,177,28,5,1435890500
24950,177,657,3,1435534189
24951,177,660,4,1435534369
24952,177,29,4,1435523522
24953,177,322,3,1435533693
24954,177,667,1,1435535439
24955,177,1420,4,1435534171
24956,177,31,3,1435534477
24957,177,2501,2,1435978183
24958,177,828,3,1435533702
24959,177,671,3,1435533683
24960,177,323,4,1435533563
24961,177,34,3,1435533554
24962,177,35,5,1435533526
24963,177,480,4,1435539811
24964,177,324,5,1435720619
24965,177,36,3,1435540218
24966,177,481,4,1435890508
24967,177,37,4,1435533565
24968,177,674,4,1435534947
24969,177,38,4,1435533580
24970,177,1159,2,1435534371
24971,177,39,3,1435534652
24972,177,40,3,1435534747
24973,177,685,2,1435536737
24974,177,1426,3,1435534836
24975,177,42,4,1435890491
24976,177,723,4,1435533769
24977,177,691,2,1435535597
24978,177,43,3,1435533546
24979,177,693,2,1435534629
24980,177,1431,0,1435534186
24981,177,699,2,1435535168
24982,177,701,5,1435535451
24983,177,1028,5,1435533567
24984,177,330,5,1435535236
24985,177,331,5,1435534723
24986,177,3694,3,1435536481
24987,177,332,5,1435534728
24988,177,1438,4,1435534407
24989,177,333,5,1435536832
24990,177,3729,4,1435535973
24991,177,1439,4,1435537126
24992,177,2754,5,1435535626
24993,177,335,5,1435534598
24994,177,1440,4,1435536014
24995,177,336,5,1435536836
24996,177,265,4,1435534752
24997,177,1441,5,1435535580
24998,177,2997,5,1435535343
24999,177,3730,4,1435719333
25000,177,45,5,1435533777
25001,177,337,3,1435534305
25002,177,831,5,1435536838
25003,177,46,2,1435536924
25004,177,724,1,1435890584
25005,177,3543,5,1435535833
25006,177,3053,5,1435535847
25007,177,3280,5,1435720785
25008,177,47,3,1435536037
25009,177,3733,4,1435540551
25010,177,3695,5,1435803257
25011,177,2395,4,1435537077
25012,177,49,4,1435535375
25013,177,3010,5,1435535908
25014,177,3696,5,1435536582
25015,177,1774,5,1435720405
25016,177,53,4,1435535478
25017,177,2446,3,1435978323
25018,177,863,4,1435534426
25019,177,54,4,1435534825
25020,177,55,2,1435536378
25021,177,56,3,1435535892
25022,177,57,3,1435535041
25023,177,2667,3,1435535976
25024,177,1775,2,1435534428
25025,177,1135,4,1435533617
25026,177,1162,3,1435534734
25027,177,721,4,1435536425
25028,177,61,5,1435533672
25029,177,344,3,1435534787
25030,177,345,3,1435535447
25031,177,864,3,1435534616
25032,177,63,4,1435533711
25033,177,346,3,1435534569
25034,177,3170,4,1435536111
25035,177,66,3,1435890498
25036,177,2428,5,1435535246
25037,177,68,4,1435890536
25038,177,1100,4,1435534390
25039,177,2075,3,1435535201
25040,177,350,2,1435535079
25041,177,1102,4,1435533599
25042,177,69,3,1435523533
25043,177,70,5,1435720615
25044,177,71,3,1435523538
25045,177,352,4,1435534495
25046,177,72,1,1435533733
25047,177,1104,5,1435534396
25048,177,74,3,1435533540
25049,177,1163,3,1435535282
25050,177,75,4,1435536859
25051,177,76,2,1435533611
25052,177,77,5,1435534184
25053,177,78,3,1435534174
25054,177,1137,4,1435533674
25055,177,1105,4,1435535044
25056,177,354,3,1435534154
25057,177,2900,3,1435534931
25058,177,2397,4,1435534548
25059,177,2901,4,1435534927
25060,177,865,5,1435534239
25061,177,2755,3,1435536455
25062,177,1107,4,1435536871
25063,177,83,4,1435535509
25064,177,84,4,1435533763
25065,177,1108,2,1435535946
25066,177,85,4,1435533604
25067,177,86,5,1435533569
25068,177,2177,4,1435534840
25069,177,2084,2,1435535036
25070,177,87,1,1435534643
25071,177,89,4,1435534530
25072,177,359,4,1435537041
25073,177,360,3,1435534298
25074,177,90,3,1435533606
25075,177,91,2,1435535292
25076,177,270,3,1435890803
25077,177,866,3,1435534117
25078,177,4057,4,1435535058
25079,177,1461,4,1435534624
25080,177,1464,3,1435534867
25081,177,92,2,1435536091
25082,177,1468,2,1435534881
25083,177,978,3,1435534328
25084,177,93,3,1435534533
25085,177,1474,3,1435534283
25086,177,2147,3,1435534121
25087,177,2420,3,1435534107
25088,177,1475,2,1435534360
25089,177,1476,4,1435534237
25090,177,95,2,1435890813
25091,177,4051,5,1435535279
25092,177,2559,2,1435536428
25093,177,1487,2,1435535370
25094,177,2563,4,1435891009
25095,177,99,3,1435533789
25096,177,1031,2,1435533706
25097,177,1168,2,1435534418
25098,177,100,2,1435534425
25099,177,1493,4,1435535623
25100,177,101,3,1435890655
25101,177,102,3,1435890494
25102,177,1496,3,1435535917
25103,177,107,2,1435978328
25104,177,1032,3,1435534197
25105,177,729,3,1435533734
25106,177,1508,3,1435536084
25107,177,987,3,1435535686
25108,177,234,5,1435533692
25109,177,988,5,1435890496
25110,177,109,3,1435890632
25111,177,2463,5,1435535354
25112,177,2567,3,1435535586
25113,177,990,2,1435535048
25114,177,374,4,1435535873
25115,177,376,3,1435535032
25116,177,1534,3,1435535125
25117,177,379,1,1435890587
25118,177,5195,4,1435538921
25119,177,5196,4,1435539429
25120,177,5197,4,1435540591
25121,177,5198,4,1435719548
25122,177,2400,5,1435536971
25123,177,2401,5,1435535454
25124,177,380,2,1435534899
25125,177,2039,2,1435534879
25126,177,3501,5,1435535665
25127,177,1171,5,1435720709
25128,177,3503,4,1435534890
25129,177,382,3,1435534080
25130,177,1543,4,1435534823
25131,177,2905,3,1435534483
25132,177,119,2,1435534721
25133,177,1777,3,1435534445
25134,177,3023,3,1435535980
25135,177,3547,3,1435535551
25136,177,836,4,1435534180
25137,177,120,3,1435534162
25138,177,5199,2,1435535531
25139,177,121,3,1435535114
25140,177,3060,3,1435535073
25141,177,837,2,1435534625
25142,177,1557,2,1435535791
25143,177,126,2,1435534229
25144,177,1778,3,1435536323
25145,177,128,3,1435534866
25146,177,272,4,1435534751
25147,177,1035,3,1435534409
25148,177,1560,2,1435535790
25149,177,1036,5,1435891096
25150,177,1780,4,1435535119
25151,177,129,4,1435536577
25152,177,132,4,1435535288
25153,177,135,3,1435977875
25154,177,3288,5,1435891347
25155,177,4672,4,1435536467
25156,177,139,3,1435535781
25157,177,1572,2,1435534875
25158,177,386,3,1435535067
25159,177,1574,2,1435536680
25160,177,2040,4,1435535039
25161,177,142,4,1435534166
25162,177,5200,3,1435536580
25163,177,1141,2,1435803626
25164,177,1579,4,1435538390
25165,177,1584,4,1435534831
25166,177,147,2,1435534136
25167,177,838,4,1435535252
25168,177,1594,3,1435534381
25169,177,3227,4,1435536705
25170,177,3228,4,1435536646
25171,177,1597,3,1435890751
25172,177,149,2,1435535877
25173,177,150,3,1435534356
25174,177,1601,3,1435890634
25175,177,151,3,1435535156
25176,177,3642,2,1435535480
25177,177,153,0,1435536432
25178,177,1608,2,1435535226
25179,177,1609,5,1435533734
25180,177,155,2,1435890760
25181,177,1177,3,1435534937
25182,177,274,3,1435534600
25183,177,157,2,1435534896
25184,177,2577,3,1435536019
25185,177,163,3,1435537236
25186,177,1010,3,1435534874
25187,177,1784,3,1435536045
25188,177,167,3,1435523707
25189,177,1001,4,1435534583
25190,177,1002,2,1435891169
25191,177,171,3,1435534233
25192,177,172,2,1435533608
25193,177,175,2,1435538779
25194,177,178,3,1435534462
25195,177,732,3,1435534500
25196,177,400,1,1435890576
25197,177,1640,2,1435535566
25198,177,179,3,1435532298
25199,177,1003,2,1435534803
25200,177,734,2,1435534676
25201,177,1179,2,1435533762
25202,177,181,4,1435533681
25203,177,735,3,1435534949
25204,177,1644,3,1435535701
25205,177,1645,2,1435535989
25206,177,1646,2,1435978335
25207,177,1865,3,1435534887
25208,177,3296,3,1435535665
25209,177,4844,3,1435536464
25210,177,1648,4,1435534901
25211,177,182,2,1435534920
25212,177,405,3,1435534194
25213,177,183,5,1435534181
25214,177,1653,5,1435534519
25215,177,2589,3,1435535696
25216,177,5201,3,1435540095
25217,177,185,4,1435523796
25218,177,5066,3,1435535938
25219,177,1667,3,1435534988
25220,177,1180,4,1435533788
25221,177,193,4,1435523771
25222,177,195,4,1435534123
25223,177,198,3,1435977840
25224,177,1119,5,1435536893
25225,177,200,4,1435535839
25226,177,201,4,1435534292
25227,177,1183,3,1435534492
25228,177,1685,1,1435535488
25229,177,3139,4,1435536262
25230,177,2595,4,1435535698
25231,177,1686,3,1435534567
25232,177,736,3,1435533772
25233,177,1786,3,1435535657
25234,177,1787,2,1435535920
25235,177,416,2,1435534443
25236,177,206,3,1435534455
25237,177,2599,3,1435535729
25238,177,1788,3,1435525681
25239,177,208,2,1435535131
25240,177,1184,2,1435535317
25241,177,1699,2,1435535684
25242,177,1185,4,1435535088
25243,177,2494,2,1435535211
25244,177,5202,3,1435720436
25245,177,211,3,1435535069
25246,177,422,4,1435524337
25247,177,1717,4,1435534545
25248,177,2159,5,1435720892
25249,177,3064,2,1435536531
25250,177,1724,2,1435536621
25251,177,1726,3,1435525402
25252,177,218,5,1435534933
25253,177,1039,4,1435534869
25254,177,1733,4,1435524850
25255,177,1041,4,1435524565
25256,177,2122,4,1435535345
25257,177,5203,1,1435525801
25258,177,1793,3,1435525602
25259,177,426,3,1435536554
25260,177,1740,2,1435535381
25261,177,1794,2,1435525355
25262,177,738,3,1435524318
25263,177,1014,3,1435524595
25264,177,1004,2,1435536440
25265,177,1744,1,1435536098
25266,177,1015,3,1435524514
25267,177,1016,3,1435525974
25268,177,1795,4,1435524464
25269,177,1188,3,1435524543
25270,177,229,4,1435524208
25271,177,1017,3,1435524696
25272,177,5204,4,1435537074
25273,177,230,2,1435535391
25274,177,1018,3,1435524805
25275,177,2714,4,1435536277
25276,177,867,3,1435526204
25277,177,429,3,1435524244
25278,177,5205,1,1435837631
25279,177,740,3,1435526087
25280,177,1797,4,1435524351
25281,177,5206,3,1435720322
25282,177,2715,5,1435524792
25283,177,741,3,1435524329
25284,177,1800,3,1435526145
25285,177,1801,2,1435837473
25286,177,3742,2,1435526805
25287,177,2475,0,1435804240
25288,177,2615,3,1435535994
25289,177,434,3,1435524493
25290,177,1803,5,1435524777
25291,177,743,3,1435524540
25292,177,1043,3,1435524241
25293,177,1805,3,1435526035
25294,177,437,3,1435524236
25295,177,2616,3,1435536121
25296,177,3312,4,1435536000
25297,177,1876,3,1435534731
25298,177,2623,3,1435525825
25299,177,1811,2,1435526337
25300,177,447,3,1435524381
25301,177,1812,3,1435526074
25302,177,1813,4,1435524771
25303,177,745,4,1435524183
25304,177,451,4,1435524426
25305,177,2633,3,1435803365
25306,177,1815,4,1435525299
25307,177,4939,2,1435525646
25308,177,3643,2,1435526679
25309,177,3319,2,1435525008
25310,177,868,4,1435524527
25311,177,845,2,1435536496
25312,177,1146,2,1435534943
25313,177,2650,1,1435536651
25314,177,749,4,1435525215
25315,177,4943,1,1435836814
25316,177,1044,3,1435524508
25317,177,3323,3,1435526411
25318,177,752,5,1435524210
25319,177,458,5,1435524313
25320,177,5207,4,1435537226
25321,177,753,4,1435524217
25322,177,1832,3,1435525998
25323,177,2952,4,1435525153
25324,177,754,2,1435523692
25325,177,4472,3,1435525633
25326,177,755,4,1435524227
25327,177,280,0,1435837668
25328,177,2124,3,1435526178
25329,177,869,4,1435525775
25330,177,4161,3,1435525876
25331,177,756,3,1435524395
25332,177,5208,2,1435837555
25333,177,1198,3,1435524670
25334,177,2499,3,1435529740
25335,177,1843,2,1435526600
25336,177,757,3,1435524223
25337,177,758,2,1435524334
25338,177,5209,4,1435837583
25339,177,1199,3,1435524233
25340,177,1846,2,1435525414
25341,177,3328,4,1435524887
25342,177,759,5,1435524214
25343,177,2477,3,1435533351
25344,177,760,2,1435526025
25345,177,848,1,1435535025
25346,177,4500,2,1435837482
25347,177,762,4,1435524479
25348,177,1848,2,1435836743
25349,177,871,4,1435525096
25350,177,1203,2,1435526038
25351,177,764,5,1435525963
25352,177,872,4,1435526727
25353,177,765,2,1435523704
25354,177,857,3,1435524666
25355,177,873,4,1435525349
25356,177,1045,4,1435530252
25357,177,766,4,1435524309
25358,177,767,4,1435524552
25359,177,1147,3,1435523924
25360,177,874,4,1435525047
25361,177,1853,3,1435525284
25362,177,1854,3,1435524857
25363,177,5210,2,1435836853
25364,177,1207,2,1435526264
25365,177,1857,3,1435525391
25366,177,5003,2,1435837821
25367,177,768,3,1435524361
25368,177,3656,2,1435836971
25369,177,769,2,1435524324
25370,177,1209,3,1435526050
25371,177,876,4,1435523573
25372,177,1210,4,1435526032
25373,177,3194,3,1435525038
25374,177,5211,4,1435540167
25375,177,5212,4,1435720464
25376,177,5213,0,1435537300
25377,177,1883,2,1435524944
25378,177,877,3,1435525502
25379,177,771,5,1435523568
25380,177,3070,4,1435524881
25381,177,3660,1,1435837356
25382,177,3662,3,1435526594
25383,177,3333,3,1435525281
25384,177,5004,3,1435837777
25385,177,5214,2,1435837148
25386,177,2514,4,1435524860
25387,177,2047,4,1435524351
25388,177,3335,3,1435525482
25389,177,2719,3,1435525877
25390,177,1214,3,1435537116
25391,177,5215,4,1435540587
25392,177,772,3,1435524526
25393,177,1148,4,1435524583
25394,177,2963,2,1435525350
25395,177,235,3,1435523582
25396,177,3670,4,1435837146
25397,177,1216,2,1435526597
25398,177,773,1,1435526000
25399,177,3195,3,1435524898
25400,177,878,5,1435524561
25401,177,2243,0,1435526119
25402,177,3617,3,1435525559
25403,177,2245,0,1435525014
25404,177,3673,2,1435837751
25405,177,4885,3,1435537516
25406,177,2966,3,1435536347
25407,177,3142,2,1435526211
25408,177,5216,3,1435720246
25409,177,2112,3,1435719721
25410,177,5217,2,1435537444
25411,177,5218,4,1435539868
25412,177,5180,3,1435539027
25413,177,5219,5,1435720350
25414,177,879,3,1435525213
25415,177,775,2,1435523564
25416,177,881,3,1435526743
25417,177,2969,2,1435525358
25418,177,5220,3,1435804677
25419,177,2516,4,1435525234
25420,177,5221,2,1435537129
25421,177,5222,2,1435539462
25422,177,3572,3,1435537102
25423,177,5223,3,1435537467
25424,177,2252,3,1435525544
25425,177,883,4,1435524745
25426,177,5224,3,1435537634
25427,177,1130,4,1435523578
25428,177,5225,4,1435836731
25429,177,5226,2,1435837396
25430,177,4243,4,1435837005
25431,177,3757,2,1435837126
25432,177,1048,3,1435523590
25433,177,2517,3,1435525076
25434,177,777,3,1435524848
25435,177,885,5,1435524888
25436,177,3345,3,1435526351
25437,177,5227,3,1435719648
25438,177,779,4,1435524367
25439,177,780,3,1435525982
25440,177,781,2,1435525649
25441,177,3146,2,1435524705
25442,177,2048,4,1435532959
25443,177,4142,3,1435538877
25444,177,887,3,1435526173
25445,177,888,3,1435524954
25446,177,5228,4,1435540015
25447,177,5229,3,1435537625
25448,177,783,3,1435524354
25449,177,784,4,1435525969
25450,177,785,1,1435526901
25451,177,5230,4,1435719846
25452,177,5231,4,1435720144
25453,177,786,4,1435524882
25454,177,236,4,1435526086
25455,177,3351,2,1435525050
25456,177,787,3,1435837047
25457,177,5232,3,1435530023
25458,177,790,3,1435525639
25459,177,3355,2,1435525689
25460,177,5233,2,1435836845
25461,177,795,4,1435523585
25462,177,796,3,1435525792
25463,177,890,3,1435526686
25464,177,797,4,1435524692
25465,177,798,4,1435524864
25466,177,799,3,1435526140
25467,177,5234,2,1435540203
25468,177,5235,3,1435537593
25469,177,5236,2,1435537639
25470,177,5237,4,1435538573
25471,177,5238,3,1435539019
25472,177,5239,3,1435539547
25473,177,5240,3,1435540067
25474,177,5241,5,1435540910
25475,177,4246,3,1435720042
25476,177,3073,3,1435526382
25477,177,5242,3,1435837412
25478,177,1132,4,1435524724
25479,177,3074,3,1435526665
25480,177,2050,5,1435524523
25481,177,891,4,1435523761
25482,177,1237,2,1435524610
25483,177,802,3,1435526837
25484,177,1891,3,1435524928
25485,177,5243,3,1435539307
25486,177,892,2,1435837851
25487,177,893,2,1435526250
25488,177,2126,2,1435526241
25489,177,4991,3,1435837447
25490,177,806,2,1435837069
25491,177,2286,4,1435524546
25492,177,809,3,1435524379
25493,177,5244,3,1435837621
25494,177,1240,3,1435525061
25495,177,5245,3,1435837214
25496,177,895,3,1435532994
25497,177,810,4,1435523588
25498,177,811,3,1435529733
25499,177,812,3,1435524709
25500,177,1241,2,1435526346
25501,177,1892,3,1435524659
25502,177,5246,2,1435837376
25503,177,2127,1,1435526029
25504,177,5247,4,1435529925
25505,177,4313,3,1435526740
25506,177,1244,2,1435533035
25507,177,4994,2,1435525784
25508,177,1246,2,1435524912
25509,177,1248,3,1435524922
25510,177,2053,3,1435524781
25511,177,5248,3,1435838009
25512,177,896,4,1435526384
25513,177,1894,3,1435524502
25514,177,897,5,1435524713
25515,177,5249,2,1435837219
25516,177,898,4,1435525072
25517,177,1895,3,1435524651
25518,177,2300,2,1435533039
25519,177,3374,3,1435525534
25520,177,3375,2,1435836996
25521,177,816,4,1435837362
25522,177,5250,2,1435525882
25523,177,5251,3,1435837783
25524,177,5252,4,1435837234
25525,177,2306,3,1435804372
25526,177,1250,2,1435525303
25527,177,1251,5,1435524364
25528,177,3509,5,1435837224
25529,177,2307,4,1435524625
25530,177,1252,5,1435524784
25531,177,4516,1,1435529935
25532,177,5253,1,1435804553
25533,177,1896,3,1435525099
25534,177,3383,2,1435525486
25535,177,1897,3,1435526171
25536,177,817,4,1435524719
25537,177,3384,2,1435529730
25538,177,818,3,1435524897
25539,177,1898,2,1435525411
25540,177,3385,3,1435533316
25541,177,1255,3,1435526027
25542,177,5145,2,1435836955
25543,177,2805,3,1435836805
25544,177,2722,4,1435525275
25545,177,1256,4,1435524393
25546,177,3389,3,1435836993
25547,177,1257,0,1435804378
25548,177,237,2,1435526633
25549,177,1899,4,1435525248
25550,177,5254,3,1435837590
25551,177,3512,4,1435529993
25552,177,2312,4,1435525470
25553,177,1133,4,1435524049
25554,177,5255,3,1435837695
25555,177,238,4,1435525965
25556,177,5256,2,1435838086
25557,177,1052,4,1435524446
25558,177,825,3,1435525245
25559,177,826,3,1435525675
25560,177,5257,4,1435537393
25561,177,2320,4,1435524662
25562,177,3077,1,1435836740
25563,177,3398,4,1435837041
25564,177,1053,4,1435526056
25565,177,1903,3,1435530038
25566,177,3079,2,1435804480
25567,177,900,2,1435524456
25568,177,5258,3,1435837886
25569,177,5259,2,1435837856
25570,177,2986,2,1435525609
25571,177,2056,2,1435526358
25572,177,3405,2,1435529758
25573,177,1263,3,1435525760
25574,177,5260,3,1435837785
25575,177,2979,1,1435524910
25576,177,1905,3,1435524821
25577,177,1906,2,1435525417
25578,177,1264,4,1435524766
25579,177,1265,4,1435529755
25580,177,1907,3,1435524992
25581,177,1267,3,1435525477
25582,177,2710,3,1435525859
25583,177,2519,5,1435524731
25584,177,4148,3,1435525723
25585,177,1270,3,1435524789
25586,177,1908,3,1435838090
25587,177,903,4,1435524449
25588,177,3415,3,1435525378
25589,177,1273,2,1435525159
25590,177,1274,3,1435525222
25591,177,1275,4,1435524824
25592,177,4523,4,1435837237
25593,177,3424,4,1435526671
25594,177,2060,3,1435525686
25595,177,5261,2,1435837638
25596,177,3425,3,1435804548
25597,177,3427,4,1435525734
25598,177,904,4,1435524458
25599,177,2347,4,1435804354
25600,177,1276,3,1435525031
25601,177,1909,4,1435526726
25602,177,2062,4,1435525497
25603,177,2521,5,1435836756
25604,177,905,3,1435525440
25605,177,1910,3,1435525472
25606,177,906,3,1435529811
25607,177,3595,4,1435837359
25608,177,1280,2,1435525550
25609,177,3433,4,1435837791
25610,177,239,5,1435523703
25611,177,2351,4,1435525421
25612,177,1911,2,1435525011
25613,177,3437,4,1435837650
25614,177,1055,3,1435525994
25615,177,1912,3,1435526187
25616,177,3080,3,1435526838
25617,177,2522,2,1435836759
25618,177,1283,4,1435524865
25619,177,1285,4,1435525089
25620,177,3082,3,1435525743
25621,177,5262,3,1435836897
25622,177,909,3,1435530103
25623,177,910,3,1435525606
25624,177,2064,3,1435526244
25625,177,5263,4,1435530336
25626,177,3443,5,1435837904
25627,177,3444,3,1435836979
25628,177,2379,4,1435525637
25629,177,1916,2,1435526019
25630,177,5264,2,1435837020
25631,177,1057,2,1435525710
25632,177,2726,4,1435525260
25633,177,913,3,1435526647
25634,177,2065,3,1435525812
25635,177,1058,3,1435526122
25636,177,2409,3,1435525492
25637,177,2383,4,1435525820
25638,177,1151,3,1435524967
25639,177,1290,3,1435526224
25640,177,2384,4,1435836789
25641,177,4765,3,1435836889
25642,177,2524,4,1435837113
25643,177,5265,4,1435526883
25644,177,4530,3,1435837839
25645,177,2066,4,1435525095
25646,177,5266,3,1435837454
25647,177,1292,4,1435525110
25648,177,3451,4,1435837513
25649,177,3084,2,1435804423
25650,177,5267,3,1435838053
25651,177,3517,3,1435526906
25652,177,241,3,1435524511
25653,177,1919,4,1435837260
25654,177,916,4,1435524505
25655,177,1297,4,1435532961
25656,177,917,3,1435525864
25657,177,2991,5,1435524949
25658,177,1298,3,1435529826
25659,177,1060,3,1435524715
25660,177,918,5,1435526221
25661,177,5268,2,1435838020
25662,177,919,4,1435837313
25663,177,1061,2,1435524591
25664,177,920,4,1435529723
25665,177,2392,3,1435836926
25666,177,4729,3,1435837187
25667,177,1063,3,1435836802
25668,177,2068,2,1435804618
25669,177,4771,1,1435837074
25670,177,242,5,1435524764
25671,177,5269,4,1435719319
25672,177,922,3,1435525028
25673,177,291,3,1435525268
25674,177,1922,4,1435525405
25675,177,5270,3,1435837558
25676,177,5271,4,1435837154
25677,177,926,4,1435837180
25678,177,927,2,1435524485
25679,177,3825,4,1435837742
25680,177,928,4,1435524753
25681,177,3468,4,1435837199
25682,177,1303,2,1435837366
25683,177,929,3,1435837952
25684,177,243,5,1435524721
25685,177,1308,3,1435533349
25686,177,3726,3,1435837222
25687,177,1926,5,1435526185
25688,177,1312,3,1435524838
25689,177,3523,2,1435837078
25690,177,1313,3,1435524899
25691,177,5272,5,1435803342
25692,177,1134,5,1435524741
25693,177,5273,3,1435836732
25694,177,1927,2,1435837464
25695,177,931,3,1435836986
25696,177,932,4,1435525144
25697,177,245,5,1435523764
25698,177,4174,4,1435837596
25699,177,1929,3,1435837103
25700,177,1317,2,1435525839
25701,177,1318,5,1435526339
25702,177,5274,0,1435837761
25703,177,1153,4,1435524775
25704,177,246,3,1435525424
25705,177,933,5,1435525684
25706,177,3841,1,1435837216
25707,177,1932,4,1435804362
25708,177,1933,3,1435524773
25709,177,1934,5,1435526260
25710,177,935,5,1435524748
25711,177,936,5,1435525266
25712,177,1154,4,1435525431
25713,177,937,3,1435837757
25714,177,1935,2,1435837491
25715,177,1155,4,1435525040
25716,177,5275,2,1435837916
25717,177,1064,3,1435526485
25718,177,939,3,1435837468
25719,177,1322,3,1435721072
25720,177,3847,2,1435529939
25721,177,1065,3,1435525679
25722,177,1325,4,1435525204
25723,177,5276,4,1435803472
25724,177,3485,4,1435804463
25725,177,1327,3,1435529717
25726,177,2132,4,1435525341
25727,177,3093,2,1435804689
25728,177,1328,4,1435524998
25729,177,3094,2,1435837133
25730,177,2528,3,1435804497
25731,177,1939,5,1435524925
25732,177,1330,2,1435525131
25733,177,1331,4,1435526592
25734,177,942,4,1435526726
25735,177,1940,4,1435837352
25736,177,943,4,1435525666
25737,177,3487,4,1435836951
25738,177,3095,4,1435526646
25739,177,1067,4,1435524779
25740,177,3160,1,1435837163
25741,177,5277,2,1435836948
25742,177,3161,5,1435529901
25743,177,5278,3,1435720314
25744,177,5279,3,1435837803
25745,177,3097,4,1435525716
25746,177,944,2,1435837815
25747,177,1068,4,1435524993
25748,177,250,4,1435524803
25749,177,1943,3,1435837121
25750,177,1334,4,1435525270
25751,177,1944,3,1435525468
25752,177,3863,4,1435531947
25753,177,5280,5,1435721089
25754,177,4555,3,1435837946
25755,177,1948,2,1435836793
25756,177,947,4,1435804550
25757,177,949,4,1435525464
25758,177,5281,2,1435837883
25759,177,4352,3,1449721445
25760,177,1953,5,1435720819
25761,177,1070,3,1435525128
25762,177,2830,5,1435526489
25763,177,4734,4,1435837023
25764,177,1954,4,1435525735
25765,177,2532,4,1435525348
25766,177,953,4,1435526682
25767,177,5282,4,1435836860
25768,177,2411,3,1435529990
25769,177,4561,4,1435838025
25770,177,4705,3,1435837739
25771,177,252,3,1435524830
25772,177,2735,3,1435837725
25773,177,1071,2,1435836712
25774,177,2133,3,1435837479
25775,177,1959,5,1435837207
25776,177,1073,3,1435525195
25777,177,1074,5,1435804649
25778,177,1970,4,1435532192
25779,177,3104,3,1435837307
25780,177,1353,3,1435836938
25781,177,2736,5,1435804693
25782,177,1354,4,1435525443
25783,177,960,5,1435529765
25784,177,1974,2,1435529819
25785,177,961,4,1435720703
25786,177,1980,4,1435837309
25787,177,962,3,1435525242
25788,177,1987,4,1435837729
25789,177,3107,2,1435837228
25790,177,1357,3,1435525531
25791,177,1076,4,1435526621
25792,177,2537,5,1435720961
25793,177,1994,4,1449720916
25794,177,2538,2,1435804534
25795,177,1077,4,1435523615
25796,177,1078,5,1435525149
25797,177,3109,4,1435838029
25798,177,1998,5,1435523609
25799,177,1362,4,1435523599
25800,177,1363,5,1435720681
25801,177,1364,3,1435720730
25802,177,2739,3,1435803436
25803,177,5283,3,1435720217
25804,178,1,4,1164354911
25805,178,487,4,1164355337
25806,178,496,4,1164355401
25807,178,4,4,1164355292
25808,178,5,4,1163673981
25809,178,8,4,1164355046
25810,178,531,4,1164355385
25811,178,550,4,1164355382
25812,178,469,3,1163673713
25813,178,17,4,1164355189
25814,178,233,5,1164355198
25815,178,20,4,1164355268
25816,178,21,4,1164354927
25817,178,314,5,1164355344
25818,178,622,3,1164355249
25819,178,473,4,1164355018
25820,178,2438,3,1163673711
25821,178,639,4,1164355349
25822,178,26,5,1164355052
25823,178,27,3,1164354863
25824,178,29,4,1164355240
25825,178,479,4,1164355211
25826,178,33,4,1164355043
25827,178,35,4,1164354905
25828,178,324,2,1164355264
25829,178,37,4,1164355246
25830,178,42,3,1164355295
25831,178,43,3,1164355216
25832,178,701,3,1163673676
25833,178,1102,5,1164355404
25834,178,71,4,1164355272
25835,178,75,4,1164355572
25836,178,82,4,1164355380
25837,178,85,4,1164355393
25838,178,86,4,1164355299
25839,178,1114,3,1163673623
25840,178,2566,4,1163673692
25841,178,372,4,1163673613
25842,178,122,5,1164354854
25843,178,1036,1,1163673592
25844,178,2184,4,1163673637
25845,178,148,5,1163673965
25846,178,167,4,1164355026
25847,178,2093,4,1163673957
25848,178,3297,4,1163673714
25849,178,1658,3,1163673695
25850,178,185,5,1163673983
25851,178,193,4,1164355561
25852,178,432,4,1164355024
25853,178,433,4,1163673620
25854,178,445,4,1163673959
25855,178,2102,4,1164355537
25856,178,1823,2,1163673609
25857,178,1824,4,1163673663
25858,178,460,5,1163673848
25859,178,1126,5,1164355534
25860,178,754,4,1164354874
25861,178,3183,5,1163673883
25862,178,5284,1,1164355427
25863,178,765,4,1164355151
25864,178,1206,4,1163673634
25865,178,1147,5,1163673907
25866,178,5285,4,1164355569
25867,178,1046,4,1163673628
25868,178,771,2,1164354902
25869,178,772,2,1163673649
25870,178,775,4,1164355077
25871,178,1130,4,1164354934
25872,178,2048,3,1163673682
25873,178,2266,4,1163673719
25874,178,795,4,1164354909
25875,178,891,4,1164355520
25876,178,5286,4,1163673970
25877,178,1249,5,1163673924
25878,178,2053,3,1163673987
25879,178,1251,4,1164355057
25880,178,2307,5,1164354807
25881,179,1,4,852114051
25882,179,2,4,852114317
25883,179,485,3,852115405
25884,179,5018,3,852114156
25885,179,2658,4,852115405
25886,179,493,3,840907679
25887,179,293,4,852114116
25888,179,461,5,840907679
25889,179,4,4,840907616
25890,179,295,4,852115696
25891,179,506,3,852115576
25892,179,516,3,852114051
25893,179,519,4,852114156
25894,179,8,5,840907561
25895,179,521,4,852114317
25896,179,522,3,852115576
25897,179,525,4,852114317
25898,179,464,4,840907313
25899,179,465,3,840907370
25900,179,531,5,840907462
25901,179,532,4,840907370
25902,179,540,4,840907561
25903,179,550,3,840907511
25904,179,558,5,840907679
25905,179,14,3,840907418
25906,179,466,4,840907511
25907,179,585,4,840907561
25908,179,588,4,840907461
25909,179,17,4,840907314
25910,179,470,3,840907616
25911,179,18,3,840907418
25912,179,598,5,840907726
25913,179,233,5,840907462
25914,179,600,3,840907462
25915,179,605,3,840907511
25916,179,471,3,840907370
25917,179,20,4,840907370
25918,179,21,5,840907511
25919,179,472,4,840907616
25920,179,23,3,840907679
25921,179,973,3,852114116
25922,179,622,5,840907679
25923,179,473,4,840907314
25924,179,474,3,840907616
25925,179,1414,3,840907726
25926,179,634,4,840907462
25927,179,639,4,840907561
25928,179,26,4,840907417
25929,179,27,4,840907561
25930,179,653,4,852114051
25931,179,28,4,840907726
25932,179,479,5,840907616
25933,179,33,4,840907313
25934,179,34,3,840907313
25935,179,35,4,840907418
25936,179,37,4,852114116
25937,179,677,3,852115372
25938,179,38,3,852114116
25939,179,1424,4,852115456
25940,179,326,4,852114193
25941,179,5287,3,852115653
25942,179,4042,3,852115743
25943,179,42,5,852114051
25944,179,1428,3,852115576
25945,179,690,3,852114116
25946,179,43,5,852114051
25947,179,1026,3,852115609
25948,179,2427,4,852115325
25949,179,720,4,852114317
25950,180,16,4,1270237876
25951,180,597,3,1270237506
25952,180,1430,2,1270237531
25953,180,68,4,1270237867
25954,180,69,4,1270237862
25955,180,70,4,1270237872
25956,180,71,4,1270237900
25957,180,75,4,1270237889
25958,180,2397,3,1270237513
25959,180,1109,4,1270237636
25960,180,4057,2,1270237641
25961,180,1516,3,1270237523
25962,180,2183,3,1270237560
25963,180,1571,1,1270237608
25964,180,167,3,1270237896
25965,180,174,3,1270237580
25966,180,735,4,1270237614
25967,180,1117,3,1270237583
25968,180,182,4,1270237599
25969,180,193,4,1270237884
25970,180,277,3,1270237621
25971,180,2606,4,1270237587
25972,180,1795,3,1270237542
25973,180,754,4,1270237909
25974,181,484,3,845470124
25975,181,3,3,845469804
25976,181,485,3,845470611
25977,181,487,2,845469438
25978,181,488,5,845469653
25979,181,491,3,845469893
25980,181,292,2,845469555
25981,181,494,3,845469972
25982,181,495,3,845470571
25983,181,496,1,845469842
25984,181,260,3,845469893
25985,181,461,5,845469500
25986,181,463,3,845469625
25987,181,294,3,845470124
25988,181,4,3,845469500
25989,181,504,4,845472115
25990,181,505,4,845469756
25991,181,509,4,845470717
25992,181,510,4,845472271
25993,181,517,3,845470909
25994,181,8,3,845469438
25995,181,2544,3,845470529
25996,181,4876,3,845470661
25997,181,523,3,845471085
25998,181,525,3,845469724
25999,181,526,2,845470104
26000,181,9,3,845469756
26001,181,10,2,845470963
26002,181,531,4,845469438
26003,181,11,2,845470046
26004,181,532,3,845469325
26005,181,533,3,845469842
26006,181,5288,3,845470321
26007,181,534,3,845470611
26008,181,1027,1,845469842
26009,181,540,4,845469472
26010,181,541,3,845469756
26011,181,543,1,845470737
26012,181,545,2,845469702
26013,181,554,2,845471067
26014,181,555,3,845470481
26015,181,558,4,845469583
26016,181,559,3,845470070
26017,181,561,4,845469678
26018,181,566,2,845470611
26019,181,572,4,845470321
26020,181,579,3,845470848
26021,181,581,4,845469893
26022,181,583,3,845470644
26023,181,589,3,845469756
26024,181,17,2,845469280
26025,181,591,1,845470148
26026,181,18,3,845469403
26027,181,598,3,845469583
26028,181,1409,2,845470348
26029,181,605,4,845469472
26030,181,471,3,845469325
26031,181,20,4,845469325
26032,181,609,4,845469625
26033,181,611,2,845469779
26034,181,613,2,845469860
26035,181,21,5,845469403
26036,181,314,1,845469583
26037,181,616,3,845471202
26038,181,23,3,845469528
26039,181,315,3,845469778
26040,181,619,3,845469972
26041,181,620,4,845470176
26042,181,622,3,845469500
26043,181,623,3,845471102
26044,181,473,2,845469280
26045,181,625,3,845470588
26046,181,626,1,845470644
26047,181,629,3,845470588
26048,181,630,1,845470762
26049,181,1414,3,845469625
26050,181,633,3,845469653
26051,181,635,2,845469625
26052,181,636,2,845470813
26053,181,638,3,845471268
26054,181,5289,3,845472202
26055,181,639,5,845469472
26056,181,640,3,845470499
26057,181,26,4,845469365
26058,181,4054,3,845470717
26059,181,643,2,845470070
26060,181,475,4,845469678
26061,181,647,3,845470321
26062,181,27,5,845469403
26063,181,648,3,845469928
26064,181,649,3,845470797
26065,181,650,4,845470680
26066,181,653,3,845470321
26067,181,28,3,845469528
26068,181,655,2,845470780
26069,181,659,2,845470717
26070,181,2655,2,845470571
26071,181,660,1,845470070
26072,181,4055,2,845470762
26073,181,322,4,845469555
26074,181,665,3,845470148
26075,181,666,2,845470848
26076,181,32,2,845469702
26077,181,671,5,845469528
26078,181,323,4,845469325
26079,181,33,3,845469280
26080,181,34,2,845469279
26081,181,35,3,845469365
26082,181,324,4,845469365
26083,181,36,3,845470175
26084,181,481,4,845469555
26085,181,676,3,845470945
26086,181,678,2,845471038
26087,181,3004,3,845471009
26088,181,713,3,845471793
26089,181,61,3,845472188
26090,181,722,3,845471420
26091,181,344,3,845472128
26092,182,1,4,1063289621
26093,182,3,4,1054782012
26094,182,487,3,1054782216
26095,182,3679,4,1063289654
26096,182,491,5,1054783631
26097,182,492,4,1066428620
26098,182,2658,5,1055153282
26099,182,292,2,1054782030
26100,182,2164,3,1055153587
26101,182,496,4,1054783186
26102,182,497,4,1063648819
26103,182,2069,4,1054779789
26104,182,293,4,1054779785
26105,182,462,4,1063289589
26106,182,499,4,1054781875
26107,182,972,1,1055150820
26108,182,294,3,1075764933
26109,182,4,4,1054781315
26110,182,5,4,1054781309
26111,182,2664,3,1054784267
26112,182,6,4,1077804802
26113,182,508,3,1055152107
26114,182,4037,3,1055154219
26115,182,513,3,1055151186
26116,182,2432,4,1075765007
26117,182,5290,4,1075764905
26118,182,517,3,1055153511
26119,182,519,3,1055155108
26120,182,8,3,1054780923
26121,182,1094,4,1054780398
26122,182,521,3,1054783878
26123,182,525,4,1055155137
26124,182,464,2,1055157599
26125,182,465,3,1055150878
26126,182,531,3,1054782902
26127,182,300,3,1054781357
26128,182,11,3,1054782168
26129,182,532,3,1120879588
26130,182,5291,1,1055156234
26131,182,534,2,1054782433
26132,182,1027,3,1055150749
26133,182,1405,3,1055150640
26134,182,302,4,1069633835
26135,182,538,3,1126562325
26136,182,540,3,1126562322
26137,182,4877,3,1063289502
26138,182,2423,4,1054780554
26139,182,3001,4,1054779989
26140,182,304,4,1055157049
26141,182,13,4,1054784091
26142,182,557,3,1055157991
26143,182,14,0,1055155770
26144,182,15,4,1054780422
26145,182,307,4,1054783240
26146,182,2433,4,1066072076
26147,182,466,3,1055157668
26148,182,16,3,1120879576
26149,182,578,3,1075802498
26150,182,585,4,1054783872
26151,182,589,4,1054780295
26152,182,17,5,1054781290
26153,182,2508,4,1054780604
26154,182,2434,4,1054780622
26155,182,2435,3,1054780612
26156,182,18,2,1120879601
26157,182,233,4,1055157293
26158,182,309,4,1057526383
26159,182,19,3,1055155341
26160,182,604,4,1063648711
26161,182,605,3,1055155379
26162,182,311,4,1055151797
26163,182,312,4,1055151865
26164,182,611,4,1054782049
26165,182,21,5,1054782675
26166,182,619,0,1054779649
26167,182,1410,4,1055155304
26168,182,622,2,1054780896
26169,182,473,3,1055155099
26170,182,628,5,1055158064
26171,182,2548,3,1055156429
26172,182,1156,4,1055153995
26173,182,2552,3,1055153811
26174,182,25,4,1054784213
26175,182,1157,3,1055151164
26176,182,26,3,1054783792
26177,182,2426,4,1054779644
26178,182,475,3,1054782094
26179,182,318,4,1054780543
26180,182,27,3,1120879567
26181,182,2169,2,1055153245
26182,182,2895,4,1055153160
26183,182,652,3,1054783725
26184,182,654,4,1054783081
26185,182,320,3,1055157954
26186,182,2896,4,1054780379
26187,182,29,4,1054781427
26188,182,975,2,1054779615
26189,182,1095,4,1054779827
26190,182,30,3,1054779684
26191,182,1158,3,1054780839
26192,182,828,3,1063289220
26193,182,479,2,1066331268
26194,182,33,4,1054781599
26195,182,34,3,1054781098
26196,182,35,4,1054783612
26197,182,481,3,1120879611
26198,182,5292,4,1055153489
26199,182,37,5,1054780385
26200,182,1422,3,1054783022
26201,182,38,4,1054782276
26202,182,1159,2,1054782423
26203,182,2172,4,1064782838
26204,182,5106,3,1054781737
26205,182,263,4,1057526367
26206,182,41,3,1054780903
26207,182,2073,5,1054779791
26208,182,1097,4,1077070424
26209,182,723,5,1054779870
26210,182,5293,4,1054782634
26211,182,1160,4,1054780334
26212,182,43,1,1054780010
26213,182,1026,2,1055156182
26214,182,1430,3,1055155024
26215,182,1431,2,1055152181
26216,182,1432,2,1055150807
26217,182,695,3,1055151642
26218,182,264,1,1055150798
26219,182,1028,4,1054781812
26220,182,1436,4,1054783214
26221,182,708,1,1055153864
26222,182,329,3,1055157952
26223,182,331,5,1054783259
26224,182,3728,3,1055155402
26225,182,332,5,1054783285
26226,182,1438,4,1077069064
26227,182,333,4,1161623929
26228,182,334,4,1054780406
26229,182,336,5,1054780481
26230,182,45,4,1054781073
26231,182,46,3,1054780444
26232,182,724,5,1054779890
26233,182,2665,2,1054781612
26234,182,3696,4,1055157500
26235,182,717,3,1075764968
26236,182,1135,4,1055158318
26237,182,832,4,1055150846
26238,182,60,2,1077140729
26239,182,720,4,1055154083
26240,182,61,4,1127208740
26241,182,62,2,1054779609
26242,182,63,5,1054781289
26243,182,64,5,1054781436
26244,182,833,4,1069633744
26245,182,66,2,1054779923
26246,182,725,3,1054783801
26247,182,2428,4,1054781830
26248,182,2174,3,1054780451
26249,182,67,0,1054779861
26250,182,1451,2,1054780979
26251,182,68,4,1054784002
26252,182,1100,4,1077070479
26253,182,3499,5,1054781862
26254,182,1006,4,1055156925
26255,182,2075,3,1054779882
26256,182,349,4,1054782648
26257,182,1101,4,1073397520
26258,182,1102,4,1054780366
26259,182,69,3,1054779803
26260,182,70,3,1054781212
26261,182,71,3,1054781077
26262,182,351,5,1054779665
26263,182,1029,4,1064782813
26264,182,2396,4,1126561558
26265,182,72,5,1054779822
26266,182,1104,4,1066639196
26267,182,73,5,1054780329
26268,182,74,2,1054779829
26269,182,75,5,1055153970
26270,182,76,4,1066151134
26271,182,1452,4,1077070406
26272,182,3221,4,1054781046
26273,182,77,3,1069633872
26274,182,78,3,1054782080
26275,182,1137,4,1054781955
26276,182,79,5,1054780297
26277,182,80,5,1054780420
26278,182,354,4,1055157309
26279,182,1164,5,1075764796
26280,182,1138,4,1054780529
26281,182,2079,4,1054781432
26282,182,2080,5,1054780648
26283,182,82,2,1066331265
26284,182,2397,4,1054780907
26285,182,2081,5,1054780345
26286,182,1165,4,1054780337
26287,182,726,4,1077804786
26288,182,865,3,1054780578
26289,182,2755,5,1063288480
26290,182,1107,4,1075764755
26291,182,2176,4,1054779900
26292,182,1454,2,1063288647
26293,182,84,4,1063904317
26294,182,2145,4,1077070476
26295,182,268,4,1054780446
26296,182,85,4,1054783243
26297,182,1110,4,1075764728
26298,182,86,3,1077804659
26299,182,2177,4,1055156626
26300,182,2756,4,1054780639
26301,182,2084,5,1054779799
26302,182,87,3,1054783711
26303,182,358,5,1066072125
26304,182,1112,4,1054783934
26305,182,2146,3,1054782078
26306,182,2757,3,1054781360
26307,182,90,3,1054783760
26308,182,3707,5,1075764822
26309,182,91,3,1067106447
26310,182,2902,4,1054779906
26311,182,270,4,1055157091
26312,182,361,3,1054780826
26313,182,2751,4,1054782403
26314,182,2558,4,1055153181
26315,182,994,4,1054783263
26316,182,977,4,1063288177
26317,182,2450,4,1075765076
26318,182,978,3,1055158327
26319,182,93,4,1055151038
26320,182,362,4,1054782899
26321,182,2420,3,1063288308
26322,182,1475,4,1054781223
26323,182,94,2,1054779681
26324,182,1476,3,1055153216
26325,182,95,2,1064434920
26326,182,1477,2,1055155591
26327,182,4051,5,1054780389
26328,182,2429,3,1057526175
26329,182,2559,2,1055150663
26330,182,5024,4,1055151113
26331,182,5294,3,1054780658
26332,182,5295,4,1055154169
26333,182,363,4,1054784032
26334,182,2087,4,1075765031
26335,182,364,4,1055153993
26336,182,2180,4,1054782249
26337,182,4864,3,1055153647
26338,182,98,2,1054779640
26339,182,99,2,1054779587
26340,182,1031,4,1054779948
26341,182,4151,3,1063287687
26342,182,1488,4,1063285996
26343,182,1168,3,1055153656
26344,182,5296,3,1073397357
26345,182,100,3,1055151328
26346,182,1493,1,1066667044
26347,182,101,3,1054782226
26348,182,102,2,1054779951
26349,182,727,0,1054779865
26350,182,1007,4,1055150914
26351,182,1497,3,1055150795
26352,182,365,4,1055153318
26353,182,5297,3,1075765119
26354,182,1499,2,1055153706
26355,182,984,2,1054782330
26356,182,728,4,1054783775
26357,182,5298,4,1055156764
26358,182,985,2,1054782544
26359,182,104,3,1054780241
26360,182,1008,3,1054782712
26361,182,106,4,1055153106
26362,182,5110,3,1055154253
26363,182,3286,4,1054780575
26364,182,366,4,1055151947
26365,182,107,3,1055153747
26366,182,1501,4,1055153236
26367,182,5299,3,1075801066
26368,182,1032,3,1054779637
26369,182,1505,2,1055156350
26370,182,2460,2,1075765162
26371,182,2461,4,1054780442
26372,182,108,4,1066639560
26373,182,729,3,1054779656
26374,182,986,4,1054782559
26375,182,1510,4,1054782452
26376,182,5300,4,1063285931
26377,182,234,4,1055157251
26378,182,367,3,1054780566
26379,182,1514,3,1054782300
26380,182,2565,3,1075859227
26381,182,1169,4,1054780533
26382,182,3719,4,1064155721
26383,182,109,4,1054780737
26384,182,1515,3,1054780681
26385,182,1516,4,1054779793
26386,182,2672,2,1055155794
26387,182,1517,4,1055153611
26388,182,2673,3,1055153455
26389,182,1518,3,1055152056
26390,182,730,4,1054784128
26391,182,2182,4,1054780874
26392,182,2462,3,1066639218
26393,182,113,4,1055153233
26394,182,5301,2,1075765223
26395,182,1524,3,1055150801
26396,182,4220,3,1055151073
26397,182,2567,3,1075859248
26398,182,3021,2,1055151258
26399,182,2675,4,1064782825
26400,182,372,4,1066639587
26401,182,2091,4,1055156860
26402,182,1033,2,1075859283
26403,182,1534,2,1055156295
26404,182,3022,4,1054783206
26405,182,378,4,1054780863
26406,182,731,0,1054779634
26407,182,991,2,1055158299
26408,182,114,3,1054782914
26409,182,1536,4,1054779844
26410,182,379,3,1054784187
26411,182,5302,4,1063285741
26412,182,2038,4,1055157421
26413,182,2039,3,1054780476
26414,182,2092,4,1054782611
26415,182,1171,4,1063285692
26416,182,1537,4,1055151942
26417,182,117,3,1054780128
26418,182,382,5,1126561591
26419,182,1543,2,1055153175
26420,182,1777,2,1054782998
26421,182,3023,4,1054780030
26422,182,3547,5,1054779910
26423,182,120,3,1054779663
26424,182,2183,4,1054779969
26425,182,5303,5,1054780519
26426,182,5304,3,1063285661
26427,182,122,3,1054780925
26428,182,1550,3,1075764769
26429,182,127,4,1054783810
26430,182,2678,2,1054781246
26431,182,3024,4,1054782626
26432,182,384,4,1075764806
26433,182,134,4,1064782872
26434,182,2679,4,1054782751
26435,182,135,4,1054783847
26436,182,4064,4,1054779834
26437,182,5115,3,1055150936
26438,182,1782,1,1063285520
26439,182,3508,0,1063285523
26440,182,1571,2,1054779833
26441,182,140,2,1063285478
26442,182,2570,3,1063285487
26443,182,1574,1,1063285553
26444,182,1575,4,1054782207
26445,182,142,3,1054784239
26446,182,5305,3,1077804696
26447,182,2908,3,1077804728
26448,182,1141,4,1054780920
26449,182,2184,3,1055157566
26450,182,1580,4,1054779766
26451,182,1584,4,1054783249
26452,182,146,3,1054782070
26453,182,1037,2,1054782037
26454,182,3027,3,1054780469
26455,182,147,2,1054779600
26456,182,1593,4,1054781137
26457,182,5306,4,1055151632
26458,182,1594,4,1063285110
26459,182,2466,3,1055156937
26460,182,2152,4,1055152324
26461,182,3598,4,1054781545
26462,182,1596,4,1055153468
26463,182,1597,4,1054784171
26464,182,148,4,1055157265
26465,182,3289,2,1055151292
26466,182,393,4,1054780359
26467,182,3290,3,1075859211
26468,182,4903,3,1054780963
26469,182,150,3,1055151026
26470,182,1601,3,1054781595
26471,182,395,3,1054784175
26472,182,152,4,1055154271
26473,182,2469,4,1055153018
26474,182,154,3,1054779653
26475,182,1609,4,1054783219
26476,182,1610,3,1054781763
26477,182,157,5,1054780780
26478,182,1615,2,1055152138
26479,182,2470,4,1063285020
26480,182,4492,3,1055155965
26481,182,397,4,1054780741
26482,182,5307,4,1055157686
26483,182,1000,2,1063284960
26484,182,1115,3,1054782203
26485,182,1624,4,1055155416
26486,182,163,4,1077804819
26487,182,2580,3,1055153669
26488,182,164,2,1055152419
26489,182,165,4,1054779888
26490,182,2153,1,1055152184
26491,182,1627,2,1055154951
26492,182,1010,4,1063284915
26493,182,166,4,1054781327
26494,182,4222,4,1055153092
26495,182,1631,1,1055156347
26496,182,5308,4,1063285854
26497,182,3294,3,1055155267
26498,182,167,5,1054779786
26499,182,1001,4,1055155150
26500,182,168,4,1055153989
26501,182,2583,3,1055155862
26502,182,399,3,1054781250
26503,182,4154,4,1054780045
26504,182,1632,3,1055153495
26505,182,1633,3,1055156398
26506,182,5309,4,1055157300
26507,182,171,2,1055153292
26508,182,1635,3,1055155146
26509,182,172,1,1054780075
26510,182,732,3,1055154962
26511,182,1639,4,1055152278
26512,182,400,4,1055155129
26513,182,2094,4,1054780730
26514,182,5310,4,1075801143
26515,182,179,4,1054780795
26516,182,1003,2,1055155968
26517,182,5311,4,1075765137
26518,182,734,2,1063284772
26519,182,1179,2,1055154881
26520,182,1643,4,1063284735
26521,182,401,4,1054779669
26522,182,2585,0,1055153801
26523,182,1645,0,1063284777
26524,182,1646,0,1055150958
26525,182,1117,4,1054782359
26526,182,3296,4,1055157085
26527,182,2096,5,1054780270
26528,182,402,4,1126561639
26529,182,403,4,1054782201
26530,182,5312,3,1055155694
26531,182,5125,2,1063284683
26532,182,404,2,1055155607
26533,182,4073,4,1063284642
26534,182,2589,3,1063284688
26535,182,1655,0,1055150699
26536,182,184,3,1054782407
26537,182,2590,1,1127221088
26538,182,1658,2,1055153673
26539,182,2188,4,1063284555
26540,182,406,5,1055151542
26541,182,1659,4,1066667577
26542,182,185,5,1054780327
26543,182,1660,2,1055156050
26544,182,5066,4,1054784226
26545,182,186,3,1054783747
26546,182,2593,3,1054780332
26547,182,188,3,1054784608
26548,182,1180,4,1054784015
26549,182,4890,3,1057525573
26550,182,190,4,1057525941
26551,182,191,4,1057525938
26552,182,192,4,1057525943
26553,182,2190,4,1063284406
26554,182,193,5,1054780289
26555,182,3231,4,1054780502
26556,182,1669,4,1054779818
26557,182,5313,4,1070162575
26558,182,5314,4,1055157691
26559,182,2927,3,1055156102
26560,182,194,2,1055151017
26561,182,1866,4,1057526118
26562,182,196,4,1057525945
26563,182,197,4,1057525934
26564,182,1670,1,1075859308
26565,182,198,5,1054781156
26566,182,1118,5,1054781963
26567,182,5315,4,1075765245
26568,182,1671,2,1055153513
26569,182,2041,3,1054780377
26570,182,2503,3,1055156986
26571,182,2191,2,1054780884
26572,182,199,4,1054781770
26573,182,2157,4,1054781561
26574,182,411,4,1066639533
26575,182,3036,5,1055155063
26576,182,201,2,1054784162
26577,182,202,4,1054782897
26578,182,203,4,1054780944
26579,182,1682,4,1054783000
26580,182,5316,4,1055157614
26581,182,1183,4,1077637182
26582,182,1684,3,1057526108
26583,182,2193,4,1055157108
26584,182,1120,4,1054780397
26585,182,1688,1,1055150757
26586,182,736,4,1054784008
26587,182,4914,4,1054780589
26588,182,204,4,1055153103
26589,182,2929,4,1063648690
26590,182,5317,4,1063284272
26591,182,5318,4,1094400787
26592,182,415,5,1054780364
26593,182,205,3,1054780264
26594,182,1121,4,1055151779
26595,182,416,4,1054779846
26596,182,206,3,1054780758
26597,182,4082,3,1063904500
26598,182,4915,4,1075765213
26599,182,2599,1,1055157721
26600,182,2687,4,1054782606
26601,182,2197,4,1055157124
26602,182,277,4,1054784119
26603,182,208,2,1055156324
26604,182,209,4,1063284136
26605,182,1697,3,1055156157
26606,182,2100,2,1066639736
26607,182,4083,3,1055167590
26608,182,1700,3,1055152247
26609,182,2203,4,1055157275
26610,182,2204,4,1055154152
26611,182,1185,4,1077070414
26612,182,2511,4,1063284084
26613,182,2603,2,1063284068
26614,182,1011,3,1054780055
26615,182,1701,4,1055154114
26616,182,1703,2,1055150897
26617,182,419,4,1054781218
26618,182,5319,4,1055151777
26619,182,2604,2,1055152140
26620,182,842,5,1054780409
26621,182,737,0,1075859296
26622,182,1705,4,1055153625
26623,182,2494,4,1054780416
26624,182,2403,3,1054784108
26625,182,1012,4,1055153466
26626,182,1717,4,1054783751
26627,182,1122,4,1063648871
26628,182,1790,3,1055150848
26629,182,215,4,1054782674
26630,182,216,4,1055155118
26631,182,3301,3,1054782506
26632,182,1186,4,1054783919
26633,182,5320,4,1055153620
26634,182,1723,4,1054780716
26635,182,423,4,1054783912
26636,182,1725,2,1066666941
26637,182,5084,4,1076826045
26638,182,1040,2,1055157572
26639,182,5321,4,1054780394
26640,182,219,1,1054779963
26641,182,1041,4,1055153254
26642,182,1734,3,1055154869
26643,182,1042,2,1054782274
26644,182,2122,4,1054780482
26645,182,4917,2,1075764884
26646,182,3614,3,1054783721
26647,182,220,3,1054782084
26648,182,5322,3,1055157745
26649,182,221,2,1055155472
26650,182,5047,3,1063649098
26651,182,738,2,1054782387
26652,182,1014,3,1054782172
26653,182,4270,4,1054783933
26654,182,1868,3,1057526146
26655,182,1869,4,1057525948
26656,182,222,4,1057525951
26657,182,2607,0,1075859328
26658,182,2161,3,1054780938
26659,182,223,3,1055154552
26660,182,1123,4,1054780206
26661,182,1747,4,1054783050
26662,182,224,3,1054783830
26663,182,225,1,1054779876
26664,182,1015,2,1055151127
26665,182,226,4,1054782223
26666,182,2764,3,1054780455
26667,182,843,4,1054780412
26668,182,227,4,1057525936
26669,182,4273,4,1054781453
26670,182,228,3,1055151240
26671,182,1756,2,1054780067
26672,182,5323,4,1055157037
26673,182,1187,4,1054781125
26674,182,1757,3,1055156029
26675,182,1016,2,1054783741
26676,182,5324,4,1055154143
26677,182,2207,4,1127208656
26678,182,1761,3,1055155527
26679,182,1188,3,1063282767
26680,182,229,2,1054779940
26681,182,2933,0,1066666956
26682,182,230,3,1055154931
26683,182,4868,4,1054784278
26684,182,1764,3,1063282704
26685,182,1765,2,1055153883
26686,182,1018,2,1054782415
26687,182,2163,4,1054782881
26688,182,5134,4,1055155678
26689,182,2496,2,1055155888
26690,182,5325,3,1055155076
26691,182,1019,2,1054780093
26692,182,1872,3,1055158364
26693,182,739,2,1055158369
26694,182,5326,1,1063282664
26695,182,867,2,1055155273
26696,182,5327,4,1063282649
26697,182,5328,1,1055153879
26698,182,1189,1,1055154112
26699,182,429,4,1126561652
26700,182,3050,3,1055156170
26701,182,3722,5,1055157054
26702,182,430,4,1054781233
26703,182,5329,4,1126561673
26704,182,740,3,1055157592
26705,182,5330,5,1054784288
26706,182,2613,2,1055153842
26707,182,5331,2,1055153078
26708,182,1797,1,1055154835
26709,182,278,4,1054780305
26710,182,2208,4,1055157267
26711,182,5332,1,1063282607
26712,182,2937,2,1054779915
26713,182,431,4,1055157350
26714,182,2512,4,1064782987
26715,182,2715,4,1063282465
26716,182,1798,3,1055167611
26717,182,741,4,1054782372
26718,182,3308,3,1063282497
26719,182,4493,3,1063282537
26720,182,3309,2,1063282502
26721,182,1873,4,1057526011
26722,182,1799,2,1055151078
26723,182,5333,4,1055158118
26724,182,5334,3,1054780527
26725,182,742,1,1066639687
26726,182,432,4,1054780798
26727,182,2475,3,1063282530
26728,182,4925,2,1063282491
26729,182,1190,4,1057526405
26730,182,2615,4,1054782652
26731,182,1022,4,1054781325
26732,182,434,5,1054783966
26733,182,3310,1,1127221081
26734,182,1803,3,1063282472
26735,182,2042,5,1054780504
26736,182,743,3,1055155481
26737,182,1804,3,1055157546
26738,182,1043,2,1055157611
26739,182,1805,2,1054782430
26740,182,437,4,1054781030
26741,182,438,4,1057526385
26742,182,5335,4,1055156169
26743,182,440,3,1057526304
26744,182,4869,4,1063739498
26745,182,2210,4,1054782668
26746,182,5336,3,1055153739
26747,182,1807,4,1063282404
26748,182,4929,3,1055157679
26749,182,5337,3,1055150627
26750,182,5338,4,1075765191
26751,182,3238,2,1055156355
26752,182,5339,4,1075765257
26753,182,2622,2,1055156377
26754,182,5340,4,1063282219
26755,182,4469,2,1055150871
26756,182,5341,4,1069633978
26757,182,1810,3,1055155800
26758,182,4930,2,1055153422
26759,182,5342,4,1054781853
26760,182,744,2,1054782670
26761,182,4932,4,1054784044
26762,182,445,4,1054780286
26763,182,3241,3,1055155919
26764,182,4933,3,1055153640
26765,182,2102,5,1054780449
26766,182,446,4,1055157171
26767,182,447,3,1055157072
26768,182,4495,2,1063282183
26769,182,1191,4,1054780313
26770,182,2941,3,1075765282
26771,182,5343,2,1055150964
26772,182,2625,4,1054780487
26773,182,1813,3,1054782333
26774,182,3743,4,1055156847
26775,182,5344,2,1055153710
26776,182,745,4,1054780155
26777,182,5345,4,1055156111
26778,182,451,4,1055157002
26779,182,746,2,1054782561
26780,182,5346,3,1075765294
26781,182,2214,2,1055152162
26782,182,1814,2,1054782487
26783,182,2631,5,1054781175
26784,182,5347,4,1058621750
26785,182,2634,4,1055154655
26786,182,1816,1,1063646210
26787,182,1817,1,1054782481
26788,182,747,3,1054779919
26789,182,1818,3,1054780586
26790,182,1193,2,1055153274
26791,182,5348,5,1055157647
26792,182,2635,2,1055150946
26793,182,5349,4,1076826019
26794,182,5350,4,1063290004
26795,182,1819,3,1126562118
26796,182,3179,4,1054782154
26797,182,5351,3,1055155084
26798,182,4871,3,1055158530
26799,182,1878,4,1055152175
26800,182,1146,3,1054780169
26801,182,2646,4,1054782705
26802,182,5352,4,1055155028
26803,182,1822,2,1055150956
26804,182,5353,3,1055153242
26805,182,454,4,1054780382
26806,182,5354,4,1054780424
26807,182,748,3,1055150984
26808,182,5355,3,1075765322
26809,182,4101,3,1055151587
26810,182,3322,4,1055155732
26811,182,5356,3,1055153694
26812,182,1044,4,1054783581
26813,182,5357,2,1063649037
26814,182,4944,3,1075765339
26815,182,1194,1,1055155420
26816,182,1824,1,1055154821
26817,182,5139,0,1055153850
26818,182,4747,4,1055155448
26819,182,5358,2,1055153798
26820,182,3180,3,1055155851
26821,182,4102,2,1055154747
26822,182,1825,3,1055157289
26823,182,5359,4,1055157807
26824,182,5360,3,1055157674
26825,182,1195,3,1055155784
26826,182,3323,3,1055155476
26827,182,5361,4,1054780886
26828,182,1829,5,1067119039
26829,182,5362,4,1055151579
26830,182,1830,2,1055153258
26831,182,4184,4,1063646378
26832,182,751,4,1054780050
26833,182,1125,4,1054779769
26834,182,5363,3,1055155516
26835,182,457,4,1054780357
26836,182,752,4,1054781119
26837,182,5364,4,1055157588
26838,182,4470,3,1055154100
26839,182,458,4,1054782973
26840,182,5365,3,1055153633
26841,182,1831,3,1054783836
26842,182,5366,3,1054780174
26843,182,5367,3,1055153286
26844,182,4233,4,1054780088
26845,182,5169,2,1054783014
26846,182,4159,4,1055154150
26847,182,5368,3,1075765369
26848,182,753,4,1054780933
26849,182,1126,4,1066639510
26850,182,2717,3,1055153143
26851,182,5369,4,1054783592
26852,182,1832,4,1054780352
26853,182,2404,3,1055156270
26854,182,754,3,1054780153
26855,182,755,4,1055157215
26856,182,2220,2,1054781591
26857,182,4473,3,1075765378
26858,182,1834,3,1054780643
26859,182,1835,4,1055157786
26860,182,1836,4,1054780581
26861,182,4954,4,1063649066
26862,182,3182,4,1064782935
26863,182,5370,3,1055152155
26864,182,5371,4,1077069129
26865,182,3645,2,1054784552
26866,182,5372,4,1055155815
26867,182,5373,4,1055155071
26868,182,4956,4,1054782743
26869,182,2718,1,1055153450
26870,182,1838,4,1055154946
26871,182,5374,4,1055155058
26872,182,5375,4,1054782306
26873,182,756,3,1063275734
26874,182,1881,2,1054782442
26875,182,1840,2,1054782316
26876,182,3251,3,1055154984
26877,182,1198,2,1063648979
26878,182,2223,3,1055157634
26879,182,2699,3,1055155548
26880,182,1841,2,1055153169
26881,182,3648,0,1055156342
26882,182,5376,4,1055155191
26883,182,2499,2,1055154354
26884,182,1843,0,1055150763
26885,182,4479,3,1063275627
26886,182,5377,0,1055153917
26887,182,5378,3,1075765392
26888,182,5379,3,1063275580
26889,182,757,3,1055151103
26890,182,870,3,1055154555
26891,182,758,3,1054781747
26892,182,5380,5,1064782930
26893,182,1845,3,1054780855
26894,182,1199,2,1055153109
26895,182,4172,3,1054782890
26896,182,5381,4,1055157212
26897,182,5382,4,1054782354
26898,182,5383,4,1054782683
26899,182,5384,1,1055156547
26900,182,759,3,1054779798
26901,182,1847,0,1055151008
26902,182,761,4,1055157277
26903,182,848,1,1055155725
26904,182,5385,2,1055156164
26905,182,5386,4,1069633734
26906,182,4500,1,1063275441
26907,182,762,2,1054779945
26908,182,849,3,1054782491
26909,182,5387,3,1054781741
26910,182,2703,3,1055153034
26911,182,5153,3,1055155865
26912,182,1200,4,1054782465
26913,182,2227,4,1054781263
26914,182,1201,3,1054780440
26915,182,5388,2,1055153897
26916,182,5389,2,1054782554
26917,182,5390,3,1054784517
26918,182,2045,2,1077637114
26919,182,763,4,1065660030
26920,182,3276,3,1054782413
26921,182,2228,4,1054780363
26922,182,5144,3,1054781376
26923,182,5391,4,1075764841
26924,182,4114,2,1069633806
26925,182,5392,2,1066639726
26926,182,5393,4,1064782967
26927,182,1202,4,1054781351
26928,182,2046,4,1054781160
26929,182,5394,3,1064170386
26930,182,5395,3,1054782655
26931,182,3186,4,1161623936
26932,182,5396,4,1077582837
26933,182,2125,4,1063275145
26934,182,5397,3,1063275120
26935,182,2772,4,1054784511
26936,182,3559,3,1054780661
26937,182,764,3,1054781084
26938,182,5398,4,1063275124
26939,182,852,3,1054782302
26940,182,4968,4,1054781583
26941,182,4483,4,1063275022
26942,182,856,4,1054781154
26943,182,1204,4,1126562481
26944,182,5172,2,1077145737
26945,182,872,2,1055156282
26946,182,2231,3,1054780517
26947,182,765,3,1054780151
26948,182,3188,4,1054781285
26949,182,857,4,1055154019
26950,182,4839,3,1054783607
26951,182,767,4,1054781296
26952,182,4851,4,1054781843
26953,182,5154,3,1063274953
26954,182,1206,4,1054780324
26955,182,5399,2,1066666938
26956,182,861,4,1054780435
26957,182,5400,3,1054784532
26958,182,4504,3,1054780821
26959,182,1147,4,1054780785
26960,182,5401,4,1075765402
26961,182,3069,2,1063274888
26962,182,3616,3,1055153334
26963,182,5402,3,1063274876
26964,182,5403,4,1055154204
26965,182,1854,2,1054782361
26966,182,4281,4,1063274782
26967,182,3189,3,1063274775
26968,182,5404,5,1063274731
26969,182,3331,3,1069633614
26970,182,5405,3,1076448344
26971,182,5406,4,1054781520
26972,182,5407,0,1063274678
26973,182,2233,2,1077069874
26974,182,5408,4,1063274649
26975,182,5409,1,1077069861
26976,182,3596,3,1063274615
26977,182,3565,4,1077804792
26978,182,2958,3,1063274549
26979,182,5410,3,1063274592
26980,182,768,1,1054779775
26981,182,5411,2,1085148334
26982,182,5412,4,1054781916
26983,182,5413,4,1069633932
26984,182,769,2,1054779781
26985,182,1209,2,1063274522
26986,182,5285,2,1077069091
26987,182,3332,0,1066639703
26988,182,3194,3,1077190747
26989,182,1211,4,1054781152
26990,182,770,2,1066428633
26991,182,2235,0,1066331257
26992,182,771,2,1063274328
26993,182,3070,2,1064039398
26994,182,5414,4,1063274282
26995,182,2236,4,1063904001
26996,182,3071,0,1063646207
26997,182,5415,4,1077069363
26998,182,5416,4,1063274253
26999,182,5417,4,1063274248
27000,182,4123,4,1116756249
27001,182,5214,0,1063274210
27002,182,5418,4,1063274161
27003,182,5419,4,1063274141
27004,182,5420,3,1077069614
27005,182,2047,4,1075764455
27006,182,3259,2,1076826061
27007,182,4854,4,1065660059
27008,182,2239,3,1077636988
27009,182,4980,3,1066639364
27010,182,2109,1,1066667016
27011,182,772,4,1127221127
27012,182,1148,3,1120879441
27013,182,2963,3,1073397318
27014,182,235,4,1067829786
27015,182,3337,3,1078244810
27016,182,5421,4,1076826096
27017,182,5422,4,1077069107
27018,182,3338,3,1076825922
27019,182,4750,4,1075801156
27020,182,5423,3,1077140641
27021,182,773,0,1073397313
27022,182,2243,3,1075739258
27023,182,2244,3,1077582812
27024,182,5424,4,1075801013
27025,182,5425,4,1075802456
27026,182,5426,3,1075801048
27027,182,3261,3,1075802511
27028,182,3142,4,1075742316
27029,182,5427,4,1075801179
27030,182,3267,4,1126562496
27031,182,4982,4,1075800952
27032,182,2251,4,1075742337
27033,182,2114,4,1075801031
27034,182,1218,4,1085148199
27035,182,775,1,1073397287
27036,182,1047,4,1127221144
27037,182,5428,4,1090326653
27038,182,4752,4,1077069226
27039,182,5429,4,1090326714
27040,182,1221,3,1078244831
27041,182,5430,4,1078244924
27042,182,5431,3,1078244890
27043,182,1130,4,1090326671
27044,182,4287,4,1085148102
27045,182,1048,4,1085148284
27046,182,5432,2,1090326632
27047,182,5433,3,1085148244
27048,182,4136,4,1085148211
27049,182,5158,4,1085148188
27050,182,5434,4,1085152197
27051,182,779,3,1127221149
27052,182,2120,4,1091809444
27053,182,4143,4,1091809459
27054,182,1228,4,1120879427
27055,182,792,4,1116756258
27056,182,4856,4,1120879632
27057,182,799,3,1120879640
27058,182,891,4,1161623947
27059,182,2051,3,1161623902
27060,182,805,2,1116756402
27061,182,807,4,1127208683
27062,182,809,2,1120879669
27063,182,810,3,1120879664
27064,182,812,2,1120879654
27065,182,2303,3,1146534357
27066,182,1251,4,1146534346
27067,182,1252,3,1146534363
27068,182,2308,3,1146534367
27069,183,8,5,992331285
27070,183,622,5,992331540
27071,183,473,4,992331435
27072,183,26,5,992331540
27073,183,475,4,992331435
27074,183,27,4,992331396
27075,183,479,5,992331396
27076,183,34,3,992331596
27077,183,41,4,992331396
27078,183,1028,3,992331344
27079,183,1135,4,992331344
27080,183,69,4,992331144
27081,183,1029,5,992331285
27082,183,1103,4,992331435
27083,183,74,4,992331285
27084,183,76,4,992331285
27085,183,78,4,992331667
27086,183,79,4,992331344
27087,183,2079,4,992331344
27088,183,2397,4,992331344
27089,183,2146,5,992331493
27090,183,361,4,992331493
27091,183,978,5,992331702
27092,183,2147,5,992331493
27093,183,95,4,992331493
27094,183,1031,2,992331630
27095,183,102,4,992331667
27096,183,5435,3,992331144
27097,183,728,5,992331344
27098,183,1538,3,992331144
27099,183,122,5,992331285
27100,183,127,4,992331702
27101,183,1141,5,992331396
27102,183,273,2,992331493
27103,183,5436,3,992331493
27104,183,165,4,992331540
27105,183,5437,4,992331596
27106,183,3295,3,992331667
27107,183,186,3,992331540
27108,183,4890,3,992331144
27109,183,190,4,992331435
27110,183,192,3,992331667
27111,183,1181,3,992331540
27112,183,197,4,992331667
27113,183,203,4,992331540
27114,183,2194,5,992331571
27115,183,208,4,992331144
27116,183,2201,3,992331702
27117,183,1717,3,992331571
27118,183,219,4,992331630
27119,183,5438,2,992331145
27120,183,2161,4,992331396
27121,183,225,3,992331396
27122,183,5439,3,992331396
27123,183,1795,4,992331596
27124,183,229,2,992331435
27125,183,1876,4,992331540
27126,184,2093,4,1537094293
27127,184,229,3,1537094351
27128,184,445,5,1537094440
27129,184,458,3,1537094519
27130,184,1845,3,1537094597
27131,184,2772,3,1537094706
27132,184,764,2,1537094736
27133,184,1206,4,1537094723
27134,184,4118,4,1537094484
27135,184,3351,3,1537094784
27136,184,2796,4,1537094239
27137,184,810,4,1537094797
27138,184,2127,2,1537094838
27139,184,3585,3,1537094858
27140,184,1052,5,1537094917
27141,184,4318,4,1537094966
27142,184,239,5,1537095024
27143,184,4189,3,1537094979
27144,184,1055,4,1537094991
27145,184,1284,2,1537095010
27146,184,5440,2,1537094814
27147,184,5441,3,1537094949
27148,184,5442,5,1537094766
27149,184,1313,3,1537098627
27150,184,245,4,1537098639
27151,184,1153,4,1537098659
27152,184,935,4,1537098650
27153,184,1064,4,1537098736
27154,184,5443,3,1537095051
27155,184,1325,3,1537098747
27156,184,4547,2,1537098758
27157,184,1331,4,1537098776
27158,184,1067,4,1537098811
27159,184,250,4,1537098836
27160,184,1947,4,1537098823
27161,184,2830,4,1537098862
27162,184,3100,3,1537098991
27163,184,1346,4,1537098914
27164,184,3101,3,1537099001
27165,184,5444,2,1537094815
27166,184,5445,2,1537099035
27167,184,1969,4,1537099119
27168,184,1353,2,1537099217
27169,184,253,5,1537099242
27170,184,5446,2,1537098879
27171,184,1976,4,1537099198
27172,184,1981,5,1537099275
27173,184,962,4,1537099288
27174,184,254,5,1537099534
27175,184,5447,4,1537099270
27176,184,5448,1,1537099051
27177,184,1075,4,1537099419
27178,184,2538,4,1537099256
27179,184,255,5,1537099249
27180,184,1078,4,1537099481
27181,184,1995,2,1537099520
27182,184,3109,3,1537099570
27183,184,3111,4,1537099494
27184,184,1362,4,1537099503
27185,184,4715,4,1537099581
27186,184,5449,1,1537107397
27187,184,967,5,1537099589
27188,184,1366,3,1537099659
27189,184,2843,2,1537109736
27190,184,1367,4,1537099857
27191,184,5450,4,1537109979
27192,184,2135,5,1537110034
27193,184,2136,4,1537109712
27194,184,1368,4,1537109379
27195,184,1369,4,1537107779
27196,184,1083,4,1537108247
27197,184,1370,4,1537109469
27198,184,4583,4,1537099611
27199,184,5451,4,1537099621
27200,184,2017,2,1537107978
27201,184,4723,5,1537107367
27202,184,2543,2,1537107760
27203,184,1376,4,1537107284
27204,184,3118,2,1537109441
27205,184,1379,5,1537107674
27206,184,5452,4,1537098891
27207,184,5453,4,1537107596
27208,184,4606,3,1537108194
27209,184,5454,3,1537099012
27210,184,2747,5,1537094869
27211,184,5455,3,1537107946
27212,184,5456,4,1537107747
27213,184,5457,3,1537098924
27214,184,4431,3,1537107916
27215,184,2748,4,1537108184
27216,184,1391,5,1537108076
27217,184,5458,4,1537108221
27218,184,5459,1,1537108232
27219,184,5460,4,1537108004
27220,184,5461,5,1537108204
27221,184,5462,4,1537107995
27222,184,5463,4,1537108257
27223,184,3122,4,1537109117
27224,184,4636,2,1537109401
27225,184,5464,4,1537107881
27226,184,2750,5,1537094870
27227,184,3124,4,1537109198
27228,184,5465,5,1537107906
27229,184,5466,4,1537108267
27230,184,2879,4,1537109477
27231,184,5467,4,1537099601
27232,184,5468,0,1537109570
27233,184,2883,1,1537109637
27234,184,5469,3,1537109451
27235,184,1395,3,1537109645
27236,184,2137,4,1537109683
27237,184,5470,3,1537109182
27238,184,5471,4,1537109367
27239,184,5472,2,1537109624
27240,184,5473,5,1537109847
27241,184,3130,2,1537109900
27242,184,5474,4,1537109213
27243,184,5475,4,1537109959
27244,184,5476,3,1537109917
27245,184,5477,1,1537109864
27246,184,5478,4,1537109726
27247,184,5479,1,1537109393
27248,184,5480,0,1537094808
27249,184,5481,4,1537110051
27250,184,5482,4,1537109489
27251,184,5483,3,1537098554
27252,184,5484,3,1537099103
27253,184,5485,4,1537099392
27254,184,5486,4,1537099811
27255,184,5487,3,1537107259
27256,184,5488,4,1537109082
27257,184,5489,3,1537109545
27258,184,5490,3,1537109805
27259,184,5491,3,1537110021
27260,185,1,4,1044311830
27261,185,461,2,1044311830
27262,185,13,4,1044311144
27263,185,617,2,1044311071
27264,185,472,4,1044311830
27265,185,323,4,1044311830
27266,185,324,4,1044311830
27267,185,2413,3,1044311093
27268,185,331,5,1044311949
27269,185,45,3,1044311830
27270,185,360,3,1044311949
27271,185,2420,4,1044311995
27272,185,1503,5,1044337449
27273,185,5492,3,1044311995
27274,185,988,3,1044311157
27275,185,5493,4,1044311071
27276,185,376,3,1044311830
27277,185,128,4,1044311830
27278,185,1035,4,1044311949
27279,185,1036,4,1044311830
27280,185,1601,3,1044311830
27281,185,153,2,1044311144
27282,185,1609,4,1044311995
27283,185,1784,4,1044311949
27284,185,179,4,1044311995
27285,185,5494,2,1044311157
27286,185,5066,3,1044311949
27287,185,200,3,1044311830
27288,185,736,3,1044311119
27289,185,423,4,1044311619
27290,185,3303,3,1044311397
27291,185,5322,3,1044311426
27292,185,1016,3,1044311108
27293,185,429,4,1044311358
27294,185,278,5,1044311310
27295,185,1803,4,1044311744
27296,185,440,5,1044311310
27297,185,445,5,1044311318
27298,185,4494,2,1044311195
27299,185,451,4,1044311949
27300,185,1125,4,1044311358
27301,185,755,5,1044311310
27302,185,2476,1,1044311283
27303,185,870,3,1044311310
27304,185,1199,4,1044311619
27305,185,5495,3,1044311830
27306,185,765,4,1044311345
27307,186,1,4,1031080831
27308,186,482,4,1031087675
27309,186,487,4,1031088020
27310,186,540,4,1031080255
27311,186,545,4,1031080284
27312,186,16,4,1031079382
27313,186,18,4,1031080124
27314,186,598,5,1031087700
27315,186,600,4,1031080176
27316,186,472,4,1031079149
27317,186,622,4,1031072855
27318,186,1411,4,1031080255
27319,186,473,4,1031088039
27320,186,1157,4,1031080284
27321,186,27,4,1031079589
27322,186,28,4,1031073096
27323,186,1418,4,1031080176
27324,186,1095,4,1031073630
27325,186,323,5,1031080921
27326,186,479,5,1031079431
27327,186,34,4,1031087870
27328,186,35,5,1031073519
27329,186,480,4,1031079112
27330,186,324,5,1031079112
27331,186,38,4,1031088055
27332,186,41,4,1031087923
27333,186,2996,4,1031080101
27334,186,723,4,1031073489
27335,186,43,4,1031080005
27336,186,1431,4,1031080305
27337,186,330,4,1031073593
27338,186,331,4,1031073593
27339,186,332,5,1031072545
27340,186,3729,5,1031073542
27341,186,334,4,1031072794
27342,186,265,4,1031079112
27343,186,1441,4,1031080604
27344,186,2997,5,1031073542
27345,186,45,5,1031079112
27346,186,724,5,1031079431
27347,186,3735,4,1031073630
27348,186,5496,4,1031087898
27349,186,2395,5,1031073630
27350,186,3169,5,1031079906
27351,186,2143,5,1031080578
27352,186,50,4,1031087641
27353,186,3282,4,1031079871
27354,186,863,5,1031079149
27355,186,56,4,1031087983
27356,186,1775,5,1031079112
27357,186,61,5,1031087604
27358,186,66,3,1031079382
27359,186,67,4,1031079628
27360,186,68,5,1031073654
27361,186,1100,4,1031080831
27362,186,1102,4,1031072107
27363,186,69,5,1031079382
27364,186,70,4,1031087825
27365,186,71,5,1031072474
27366,186,1029,5,1031079431
27367,186,2396,4,1031072742
27368,186,74,5,1031072228
27369,186,76,4,1031073489
27370,186,82,4,1031079382
27371,186,2176,5,1031073503
27372,186,3012,4,1031087537
27373,186,356,4,1031087825
27374,186,85,5,1031080604
27375,186,1455,4,1031073654
27376,186,2146,5,1031072742
27377,186,90,4,1031087825
27378,186,2902,5,1031079382
27379,186,866,3,1031080619
27380,186,2751,4,1031080323
27381,186,5015,5,1031080064
27382,186,1465,4,1031073355
27383,186,1166,4,1031079788
27384,186,271,4,1031080201
27385,186,1469,5,1031080088
27386,186,1167,4,1031072855
27387,186,1140,4,1031080088
27388,186,1471,5,1031079628
27389,186,362,4,1031080176
27390,186,1031,4,1031079906
27391,186,1168,4,1031080284
27392,186,101,4,1031080088
27393,186,102,4,1031079788
27394,186,727,5,1031079788
27395,186,1032,4,1031079628
27396,186,108,4,1031073244
27397,186,1511,4,1031087720
27398,186,1516,4,1031079628
27399,186,996,4,1031072369
27400,186,1033,4,1031079871
27401,186,1536,4,1031079906
27402,186,5196,5,1031087825
27403,186,380,4,1031079149
27404,186,118,4,1031072474
27405,186,1544,3,1031073136
27406,186,3023,4,1031079906
27407,186,5199,4,1031087983
27408,186,2183,4,1031080064
27409,186,1550,2,1031073355
27410,186,5497,5,1031073228
27411,186,125,3,1031072107
27412,186,1556,3,1031073228
27413,186,126,4,1031080305
27414,186,2678,4,1031080694
27415,186,4902,3,1031078668
27416,186,128,4,1031080921
27417,186,1560,4,1031072545
27418,186,131,4,1031079871
27419,186,998,4,1031087641
27420,186,134,3,1031087700
27421,186,135,4,1031087950
27422,186,136,4,1031080005
27423,186,1782,4,1031087950
27424,186,4066,4,1031080921
27425,186,1571,4,1031087604
27426,186,141,4,1031087675
27427,186,142,3,1031087641
27428,186,388,4,1031073542
27429,186,143,4,1031087700
27430,186,5498,5,1031080578
27431,186,1589,4,1031072514
27432,186,273,4,1031079589
27433,186,2152,4,1031080255
27434,186,392,4,1031073692
27435,186,5499,4,1031080005
27436,186,151,4,1031087854
27437,186,1602,4,1031081475
27438,186,155,5,1031087898
27439,186,2916,4,1031079689
27440,186,162,4,1031081360
27441,186,5500,4,1031079689
27442,186,164,4,1031079926
27443,186,165,5,1031079431
27444,186,2153,4,1031080221
27445,186,2154,4,1031080201
27446,186,1010,4,1031081454
27447,186,167,3,1031079431
27448,186,1632,3,1031081495
27449,186,171,5,1031088039
27450,186,172,4,1031079926
27451,186,173,5,1031079788
27452,186,174,4,1031080221
27453,186,3295,4,1031079628
27454,186,2925,5,1031079431
27455,186,400,3,1031081389
27456,186,733,4,1031081566
27457,186,1641,3,1031080005
27458,186,1116,4,1031081389
27459,186,1643,3,1031081422
27460,186,2585,4,1031081602
27461,186,181,3,1031081566
27462,186,183,4,1031087604
27463,186,4908,4,1031073692
27464,186,186,3,1031087604
27465,186,188,4,1031079689
27466,186,1669,3,1031079689
27467,186,194,4,1031079871
27468,186,195,5,1031080896
27469,186,5501,4,1031072855
27470,186,1682,3,1031080176
27471,186,736,4,1031073489
27472,186,416,5,1031081566
27473,186,1691,4,1031081454
27474,186,1700,3,1031080284
27475,186,2205,4,1031078668
27476,186,422,4,1031081495
27477,186,1012,4,1031081508
27478,186,1722,4,1031079382
27479,186,217,4,1031087641
27480,186,1040,4,1031081566
27481,186,5502,4,1031081406
27482,186,219,4,1031079628
27483,186,1733,4,1031081360
27484,186,220,4,1031081566
27485,186,1870,4,1031080064
27486,186,3305,4,1031079276
27487,186,1871,4,1031080255
27488,186,5503,4,1031072998
27489,186,227,3,1031073228
27490,186,1756,4,1031080124
27491,186,1187,4,1031080851
27492,186,1016,4,1031073061
27493,186,1795,3,1031088020
27494,186,1765,4,1031081582
27495,186,5504,4,1031079906
27496,186,741,4,1031081436
27497,186,1873,4,1031087950
27498,186,1800,4,1031081582
27499,186,437,4,1031087825
27500,186,442,4,1031072959
27501,186,1811,5,1031087923
27502,186,1813,3,1031073136
27503,186,745,5,1031080851
27504,186,746,3,1031073177
27505,186,2628,5,1031087983
27506,186,2634,4,1031080604
27507,186,1815,3,1031087604
27508,186,5156,4,1031073607
27509,186,1878,4,1031080338
27510,186,748,4,1031080201
27511,186,2949,4,1031080064
27512,186,4946,4,1031078820
27513,186,5505,5,1031079871
27514,186,4950,4,1031079112
27515,186,458,4,1031072959
27516,186,3325,5,1031080785
27517,186,754,5,1031081151
27518,186,4472,4,1031072998
27519,186,755,3,1031072742
27520,186,1196,5,1031073408
27521,186,5506,4,1031087604
27522,186,281,4,1031080005
27523,186,5507,4,1031073136
27524,186,757,4,1031081207
27525,186,4961,4,1031072276
27526,186,758,4,1031079788
27527,186,3558,4,1031072959
27528,186,5171,3,1031072794
27529,186,5508,4,1031073136
27530,186,5509,4,1031073228
27531,186,5510,3,1031073061
27532,186,5511,4,1031073061
27533,187,491,4,1161849621
27534,187,496,3,1161872627
27535,187,2069,4,1161849623
27536,187,4,4,1161850486
27537,187,5,4,1161849680
27538,187,6,4,1161849108
27539,187,5290,3,1180301412
27540,187,8,3,1161863869
27541,187,1094,4,1161849811
27542,187,526,1,1161849123
27543,187,13,4,1161849704
27544,187,14,1,1161872599
27545,187,15,4,1161849733
27546,187,307,4,1161849767
27547,187,466,3,1161863909
27548,187,16,4,1161849967
27549,187,585,3,1180734881
27550,187,469,4,1161849794
27551,187,17,4,1161849333
27552,187,233,3,1161849921
27553,187,309,4,1161849924
27554,187,21,2,1161863877
27555,187,622,2,1161863867
27556,187,473,2,1161863826
27557,187,4840,4,1161954627
27558,187,1156,4,1161849614
27559,187,28,1,1161872595
27560,187,29,4,1161872571
27561,187,1095,4,1161850214
27562,187,1420,3,1161850511
27563,187,1158,4,1161849377
27564,187,828,1,1161864097
27565,187,33,1,1180300979
27566,187,35,4,1161850098
27567,187,481,1,1161872593
27568,187,37,4,1161863840
27569,187,42,1,1161863853
27570,187,2073,4,1161849515
27571,187,1097,4,1161849970
27572,187,723,4,1161849861
27573,187,1160,3,1161850493
27574,187,43,0,1180300989
27575,187,1436,4,1161850347
27576,187,336,4,1161864021
27577,187,831,5,1161849981
27578,187,724,4,1161850326
27579,187,3169,4,1161849790
27580,187,62,4,1161849782
27581,187,63,4,1161849370
27582,187,2174,4,1161849193
27583,187,68,4,1180734773
27584,187,1100,4,1161849972
27585,187,2075,4,1161850045
27586,187,69,4,1180734824
27587,187,71,3,1161863830
27588,187,351,5,1161850221
27589,187,1029,4,1180734819
27590,187,1103,5,1161849644
27591,187,352,4,1161849225
27592,187,72,4,1161849504
27593,187,1136,5,1161849906
27594,187,74,4,1161863821
27595,187,76,4,1161849824
27596,187,1452,4,1161850031
27597,187,3221,2,1161850335
27598,187,79,4,1161849352
27599,187,4056,4,1161849720
27600,187,84,4,1161849677
27601,187,1109,5,1161849737
27602,187,268,2,1161850246
27603,187,85,4,1161864081
27604,187,2084,4,1161849683
27605,187,1462,3,1161849198
27606,187,2087,5,1161872651
27607,187,364,4,1161849859
27608,187,1031,1,1161863924
27609,187,102,2,1161864061
27610,187,104,4,1161850261
27611,187,2461,4,1161849616
27612,187,1510,4,1161849162
27613,187,1169,4,1161849650
27614,187,109,5,1161849502
27615,187,1516,4,1161849626
27616,187,730,3,1161863944
27617,187,2089,5,1161849752
27618,187,5301,4,1161850037
27619,187,996,1,1161849126
27620,187,2091,3,1161849635
27621,187,731,1,1161863936
27622,187,1536,5,1161849913
27623,187,2678,4,1161849246
27624,187,384,5,1161954662
27625,187,273,4,1161849930
27626,187,147,4,1161849735
27627,187,3598,5,1161850065
27628,187,148,3,1161850457
27629,187,163,4,1161849792
27630,187,166,1,1161849138
27631,187,5512,4,1161864141
27632,187,167,4,1161863977
27633,187,172,1,1180734850
27634,187,178,4,1180301616
27635,187,179,3,1161849667
27636,187,180,4,1161863956
27637,187,734,0,1161849168
27638,187,5513,5,1161849911
27639,187,185,4,1161849492
27640,187,2593,3,1161849814
27641,187,1181,4,1161849745
27642,187,193,3,1161849329
27643,187,198,5,1161849605
27644,187,1118,4,1161849397
27645,187,5514,4,1180302250
27646,187,415,4,1161849151
27647,187,842,5,1161954924
27648,187,423,3,1161849769
27649,187,3066,5,1161954752
27650,187,220,2,1161864002
27651,187,5515,5,1161954605
27652,187,1145,4,1161849748
27653,187,3722,4,1161849712
27654,187,278,5,1161849364
27655,187,432,3,1161850238
27656,187,1022,1,1161864057
27657,187,437,4,1161850282
27658,187,440,3,1180734787
27659,187,3140,4,1161850051
27660,187,445,4,1161849528
27661,187,1191,4,1161849672
27662,187,5347,4,1161850251
27663,187,5138,4,1161954740
27664,187,5353,5,1161850349
27665,187,454,4,1161849755
27666,187,1044,4,1161850286
27667,187,5516,4,1161849301
27668,187,1829,5,1161849898
27669,187,1125,3,1161849216
27670,187,459,4,1161849512
27671,187,460,4,1161849658
27672,187,1832,4,1161849796
27673,187,754,4,1161849940
27674,187,2476,4,1161849937
27675,187,5517,5,1161849548
27676,187,757,2,1161863812
27677,187,758,2,1161863799
27678,187,759,3,1161863913
27679,187,5518,4,1161850495
27680,187,1201,4,1161849326
27681,187,763,5,1161849806
27682,187,1202,4,1161849350
27683,187,5519,4,1161850313
27684,187,765,4,1161850077
27685,187,3188,3,1161849602
27686,187,1045,3,1161954458
27687,187,5402,4,1161849778
27688,187,3190,4,1161849883
27689,187,4118,3,1161849854
27690,187,1128,5,1161850230
27691,187,769,2,1161863805
27692,187,5520,5,1161850357
27693,187,876,2,1161863902
27694,187,1211,4,1161850033
27695,187,1046,4,1161849418
27696,187,2235,2,1161864067
27697,187,4123,5,1161849685
27698,187,2514,3,1161850272
27699,187,2047,4,1161849200
27700,187,3336,4,1161850226
27701,187,2109,5,1161849655
27702,187,1148,3,1161849787
27703,187,235,4,1161849149
27704,187,5422,2,1161850395
27705,187,773,2,1161863997
27706,187,2777,4,1161849865
27707,187,3142,3,1161849344
27708,187,5521,4,1161850206
27709,187,1129,5,1161850091
27710,187,1218,2,1161849699
27711,187,775,4,1161849888
27712,187,2405,4,1161954503
27713,187,3200,4,1161849723
27714,187,1130,4,1161849382
27715,187,4287,4,1161850373
27716,187,3144,4,1161849718
27717,187,1048,4,1161849208
27718,187,777,2,1161850274
27719,187,4136,4,1161849821
27720,187,5522,4,1180302261
27721,187,5523,4,1161954861
27722,187,5524,4,1161954590
27723,187,2118,4,1180302224
27724,187,2119,4,1161954534
27725,187,2120,5,1161849597
27726,187,2048,4,1161849808
27727,187,5525,4,1180302198
27728,187,5526,4,1161849391
27729,187,5527,4,1161849932
27730,187,2049,3,1161849631
27731,187,783,1,1161863927
27732,187,2266,5,1161849541
27733,187,792,5,1161850300
27734,187,1230,4,1161849388
27735,187,795,4,1161863972
27736,187,5528,4,1180301476
27737,187,5529,4,1180302171
27738,187,4295,5,1161849384
27739,187,5530,4,1180300860
27740,187,4302,4,1161954533
27741,187,4857,4,1161864209
27742,187,5531,5,1161954440
27743,187,3676,5,1161849357
27744,187,5532,4,1161849374
27745,187,3072,4,1161849499
27746,187,800,4,1161864218
27747,187,1132,4,1161850452
27748,187,3148,4,1161849509
27749,187,5533,4,1161850324
27750,187,5534,2,1161850420
27751,187,5535,4,1161850368
27752,187,3149,4,1180301740
27753,187,5536,4,1161849361
27754,187,3150,4,1161850263
27755,187,5537,5,1161849532
27756,187,2051,5,1161849628
27757,187,1150,4,1161849648
27758,187,803,3,1161849774
27759,187,5538,5,1161850305
27760,187,807,4,1161849338
27761,187,5539,5,1161954986
27762,187,5540,4,1161849511
27763,187,809,2,1161863983
27764,187,5541,4,1161849408
27765,187,1242,2,1161849805
27766,187,2052,3,1161850223
27767,187,5542,4,1161849323
27768,187,1247,4,1161849878
27769,187,814,4,1161850351
27770,187,3585,4,1161850057
27771,187,5191,4,1180301554
27772,187,5543,4,1161850083
27773,187,3372,3,1161850015
27774,187,2300,4,1161863959
27775,187,3217,3,1161849309
27776,187,1251,3,1161849415
27777,187,2307,4,1161849403
27778,187,1252,3,1161850072
27779,187,3382,4,1180301722
27780,187,817,2,1180734813
27781,187,5544,4,1180301525
27782,187,1901,0,1180301655
27783,187,3075,3,1180301469
27784,187,1133,4,1180301406
27785,187,5545,3,1180734842
27786,187,824,4,1180301461
27787,187,5546,4,1180301635
27788,187,1262,3,1180300951
27789,187,900,2,1180301582
27790,187,2331,3,1180302091
27791,188,485,4,962559461
27792,188,21,5,962559856
27793,188,480,4,962560143
27794,188,699,4,962559935
27795,188,330,5,962559988
27796,188,331,5,962560143
27797,188,333,5,962560383
27798,188,1439,5,962560423
27799,188,1098,5,962560423
27800,188,265,5,962560181
27801,188,3730,4,962560181
27802,188,45,5,962560143
27803,188,3543,4,962559391
27804,188,863,5,962559967
27805,188,1775,5,962560143
27806,188,345,4,962560423
27807,188,864,4,962560253
27808,188,3698,3,962559903
27809,188,1163,5,962560383
27810,188,2901,3,962559831
27811,188,5053,4,962560383
27812,188,1455,3,962560423
27813,188,89,5,962560181
27814,188,361,4,962560016
27815,188,2455,4,962559740
27816,188,1515,4,962560016
27817,188,380,5,962560143
27818,188,4899,4,962560383
27819,188,5547,5,962560221
27820,188,1578,5,962560423
27821,188,1581,4,962559831
27822,188,1594,5,962559903
27823,188,3227,5,962559492
27824,188,5499,3,962559461
27825,188,395,5,962559856
27826,188,1609,2,962559740
27827,188,5548,5,962559935
27828,188,1784,5,962560181
27829,188,2587,4,962559903
27830,188,185,3,962559768
27831,188,1180,5,962559903
27832,188,1785,5,962560271
27833,188,5549,4,962559461
27834,188,3736,4,962560181
27835,188,3737,5,962560044
27836,188,5080,5,962560044
27837,188,5550,5,962559652
27838,188,232,5,962559831
27839,189,233,4,1439465054
27840,189,21,4,1439465080
27841,189,29,4,1439465064
27842,189,35,4,1439465116
27843,189,85,4,1439465112
27844,189,167,4,1439465057
27845,189,402,4,1439465088
27846,189,193,4,1439465118
27847,189,220,4,1439465140
27848,189,754,4,1439465093
27849,189,765,4,1439465085
27850,189,775,4,1439465091
27851,189,810,3,1439465138
27852,189,238,4,1439465131
27853,189,903,4,1439465114
27854,189,239,5,1439465067
27855,189,916,4,1439465136
27856,189,1926,4,1439465149
27857,189,245,4,1439465099
27858,189,250,3,1439465147
27859,190,233,4,1504309935
27860,190,29,5,1504309938
27861,190,1028,4,1504310662
27862,190,1102,4,1504310666
27863,190,1137,4,1504310664
27864,190,234,4,1504309949
27865,190,392,5,1504309959
27866,190,167,3,1504309954
27867,190,193,4,1504309945
27868,190,1813,2,1504310409
27869,190,745,3,1504310018
27870,190,746,3,1504310150
27871,190,868,3,1504310123
27872,190,1824,3,1504310421
27873,190,1825,3,1504310182
27874,190,1829,4,1504310126
27875,190,1125,3,1504310077
27876,190,752,4,1504310027
27877,190,458,5,1504310080
27878,190,753,3,1504310065
27879,190,1126,5,1504310024
27880,190,2717,3,1504310162
27881,190,755,4,1504310057
27882,190,1834,4,1504310427
27883,190,3183,5,1504310619
27884,190,870,4,1504310152
27885,190,758,3,1504310088
27886,190,759,3,1504310055
27887,190,848,3,1504310159
27888,190,763,4,1504310096
27889,190,1849,4,1504310439
27890,190,2772,3,1504310449
27891,190,764,5,1504310099
27892,190,856,3,1504310157
27893,190,857,3,1504310277
27894,190,766,4,1504310079
27895,190,767,3,1504310163
27896,190,1147,5,1504310109
27897,190,874,3,1504310625
27898,190,768,3,1504310106
27899,190,876,3,1504310030
27900,190,771,3,1504310021
27901,190,2514,4,1504310469
27902,190,2047,5,1504310102
27903,190,1148,4,1504310142
27904,190,235,4,1504310050
27905,190,3195,3,1504310447
27906,190,1221,4,1504310606
27907,190,1130,5,1504310052
27908,190,1048,4,1504310074
27909,190,885,4,1504310400
27910,190,780,5,1504310094
27911,190,2048,4,1504310174
27912,190,888,3,1504310418
27913,190,2049,3,1504310273
27914,190,1228,3,1504310129
27915,190,1230,4,1504310388
27916,190,795,4,1504310067
27917,190,797,3,1504310385
27918,190,891,4,1504310146
27919,190,3150,5,1504310424
27920,190,918,5,1504310674
27921,190,245,4,1504309942
27922,190,1934,5,1504310675
27923,190,1939,5,1504310673
27924,190,1363,4,1504310669
27925,191,1,4,829759809
27926,191,3,4,829759809
27927,191,491,4,829759809
27928,191,492,5,829759809
27929,191,292,4,829759809
27930,191,496,5,829759809
27931,191,293,5,829759809
27932,191,461,4,829760897
27933,191,462,5,829759809
27934,191,463,1,829760897
27935,191,4,4,829760898
27936,191,5,5,829760898
27937,191,295,5,829759809
27938,191,296,4,829759809
27939,191,5551,4,829760897
27940,191,4038,5,829759809
27941,191,2432,4,829759809
27942,191,516,3,829759809
27943,191,5552,5,829759809
27944,191,8,3,829760897
27945,191,1094,5,829759809
27946,191,524,3,829759809
27947,191,2545,4,829760897
27948,191,5553,5,829760897
27949,191,464,2,829760897
27950,191,9,4,829760898
27951,191,465,1,829760897
27952,191,5554,4,829760897
27953,191,528,2,829760897
27954,191,529,1,829760897
27955,191,530,1,829760897
27956,191,531,2,829760897
27957,191,300,5,829760897
27958,191,2070,5,829760897
27959,191,5555,1,829760898
27960,191,1024,2,829760898
27961,191,2423,5,829760898
27962,191,550,1,829760898
27963,191,4258,5,829760897
27964,191,304,4,829760897
27965,191,13,5,829760897
27966,191,557,4,829760897
27967,191,5556,5,829760897
27968,191,559,4,829760897
27969,191,15,5,829760897
27970,191,561,3,829760897
27971,191,562,1,829760897
27972,191,2425,5,829760897
27973,191,467,4,829760898
27974,191,308,5,829760898
27975,191,5557,3,829760898
27976,191,2071,5,829760898
27977,191,583,4,829760898
27978,191,584,3,829760898
27979,191,4485,4,829760898
27980,191,585,3,829760898
27981,191,588,1,829760898
27982,191,589,5,829760898
27983,191,17,5,829760898
27984,191,3684,5,829760898
27985,191,470,4,829760898
27986,191,591,1,829760898
27987,191,2508,5,829760898
27988,191,2434,5,829760898
27989,191,2435,5,829760898
27990,191,594,1,829760898
27991,191,596,4,829760898
27992,191,18,1,829760898
27993,191,233,4,829760898
27994,191,309,4,829760898
27995,191,604,5,829760898
27996,191,605,1,829760898
27997,191,608,5,829760897
27998,191,312,5,829760897
27999,191,473,3,829760898
28000,191,316,4,829760897
28001,191,1416,1,829760897
28002,191,644,3,829760897
28003,191,653,3,829759809
28004,191,5558,5,829760898
28005,191,4040,5,829759809
28006,191,37,5,829759809
28007,191,5559,5,829759809
28008,191,40,5,829760898
28009,191,263,5,829759809
28010,192,487,5,835128874
28011,192,4,3,835129031
28012,192,8,3,835128955
28013,192,464,5,835128552
28014,192,530,4,835129148
28015,192,540,5,835128912
28016,192,558,4,835129031
28017,192,468,4,835129083
28018,192,585,3,835128955
28019,192,588,4,835128874
28020,192,17,3,835128552
28021,192,597,4,835129209
28022,192,18,4,835128831
28023,192,598,3,835129031
28024,192,20,5,835128746
28025,192,21,5,835129257
28026,192,473,5,835128552
28027,192,633,4,835129209
28028,192,639,4,835129148
28029,192,27,5,835129540
28030,192,33,4,835128551
28031,192,35,3,835128912
28032,193,1,2,1435856890
28033,193,16,5,1435857223
28034,193,17,4,1435857247
28035,193,2434,3,1436558775
28036,193,233,3,1436558657
28037,193,21,3,1435856904
28038,193,27,2,1435856899
28039,193,29,4,1435857242
28040,193,35,3,1435856893
28041,193,1160,4,1435857306
28042,193,1028,4,1436558895
28043,193,334,5,1436558703
28044,193,724,5,1436558672
28045,193,1102,5,1435857277
28046,193,69,4,1435857227
28047,193,70,3,1435857238
28048,193,71,2,1435857225
28049,193,72,5,1435857302
28050,193,1104,5,1435857322
28051,193,353,3,1436558852
28052,193,86,3,1435856901
28053,193,185,2,1436558605
28054,193,193,3,1435857218
28055,193,1125,4,1435857313
28056,193,763,5,1436558923
28057,193,1147,4,1435857246
28058,193,1218,3,1435856997
28059,193,775,4,1435857256
28060,193,5560,5,1436558810
28061,193,1253,4,1436558690
28062,193,1256,4,1435857309
28063,193,2316,4,1436558646
28064,193,3677,5,1435857327
28065,193,4343,0,1436558865
28066,193,953,4,1435857055
28067,194,1401,2,1110316714
28068,194,11,3,1110316653
28069,194,533,3,1110316690
28070,194,597,3,1110316625
28071,194,310,3,1110316704
28072,194,31,3,1110316736
28073,194,1026,3,1110316591
28074,194,1775,4,1110316724
28075,194,64,4,1110316671
28076,194,1107,3,1110316645
28077,194,360,4,1110316629
28078,194,1474,2,1110316695
28079,194,94,3,1110316718
28080,194,98,3,1110316605
28081,194,1032,3,1110316600
28082,194,155,3,1110316675
28083,194,399,3,1110316597
28084,194,1641,3,1110316685
28085,194,232,4,1110316664
28086,194,774,4,1110316914
28087,195,3,4,974705807
28088,195,487,4,974705349
28089,195,491,4,974705903
28090,195,496,4,1008558673
28091,195,293,4,974709650
28092,195,462,4,1008558588
28093,195,5,5,974705671
28094,195,6,4,979858326
28095,195,1094,2,994276257
28096,195,464,4,974709770
28097,195,531,4,974705986
28098,195,532,2,974709470
28099,195,303,1,974710304
28100,195,4181,3,1008558036
28101,195,15,5,974709939
28102,195,16,4,974707220
28103,195,17,5,974709531
28104,195,470,4,1008558588
28105,195,233,5,974709608
28106,195,4893,3,974705867
28107,195,622,4,974705986
28108,195,1156,4,974709939
28109,195,634,3,974705306
28110,195,29,4,974706225
28111,195,321,3,1008558588
28112,195,32,4,974706168
28113,195,479,3,974705726
28114,195,37,5,974706650
28115,195,38,5,974706589
28116,195,1160,4,974709814
28117,195,328,2,974706535
28118,195,1436,4,974705903
28119,195,1438,2,994276287
28120,195,333,5,974707463
28121,195,334,5,1012727183
28122,195,45,1,979470146
28123,195,716,1,974706168
28124,195,1135,5,974707340
28125,195,3545,4,974709608
28126,195,60,5,1008558673
28127,195,63,5,974705726
28128,195,64,5,974710189
28129,195,66,3,974710189
28130,195,2174,4,1008558636
28131,195,69,4,974706225
28132,195,73,3,997734144
28133,195,74,4,974705240
28134,195,75,5,974709608
28135,195,2077,1,974707220
28136,195,79,4,974710250
28137,195,2079,3,974709608
28138,195,2083,4,974705726
28139,195,356,4,974706483
28140,195,357,5,974706168
28141,195,86,5,974705349
28142,195,90,4,974706483
28143,195,270,5,974708152
28144,195,977,4,974705671
28145,195,2450,3,1008558696
28146,195,978,3,974709477
28147,195,5561,4,974706375
28148,195,1476,3,974705838
28149,195,363,3,997156781
28150,195,364,4,974709770
28151,195,5562,3,979469828
28152,195,2563,1,1008558215
28153,195,101,3,974705903
28154,195,2670,4,974705807
28155,195,3286,2,1008558673
28156,195,1032,3,974938327
28157,195,3020,2,1008557612
28158,195,2461,4,1008558616
28159,195,729,4,974709939
28160,195,234,4,1008558588
28161,195,1514,2,974706018
28162,195,109,4,974705986
28163,195,730,4,974708999
28164,195,113,4,974706047
28165,195,2674,2,974708241
28166,195,1033,3,974706559
28167,195,3022,4,974709814
28168,195,1536,2,974705766
28169,195,379,3,974709882
28170,195,4175,4,1008559185
28171,195,1171,4,974705276
28172,195,382,3,974710250
28173,195,1543,4,994033008
28174,195,119,3,974710110
28175,195,1777,4,979858488
28176,195,120,3,974706168
28177,195,122,3,974709608
28178,195,384,2,974710250
28179,195,2571,5,974707634
28180,195,4673,3,981959870
28181,195,388,3,1012210187
28182,195,145,4,974707845
28183,195,1037,3,974706047
28184,195,1597,3,974709939
28185,195,4221,3,1009700393
28186,195,148,4,981960112
28187,195,393,4,1008557577
28188,195,152,4,981959828
28189,195,2469,4,974709939
28190,195,1612,3,1012210244
28191,195,1614,5,1008558323
28192,195,2471,4,974706437
28193,195,167,3,974705726
28194,195,168,5,974709882
28195,195,2583,4,979469872
28196,195,399,2,974706332
28197,195,179,4,974709608
28198,195,180,3,1008558215
28199,195,1643,1,974706758
28200,195,402,5,974705726
28201,195,403,4,974705986
28202,195,404,4,1008557995
28203,195,2586,3,1008557995
28204,195,183,4,974710110
28205,195,1658,3,1008558215
28206,195,2188,4,974705766
28207,195,185,4,974706332
28208,195,2592,4,979858467
28209,195,5043,1,997909510
28210,195,5044,1,997909510
28211,195,2593,4,974709814
28212,195,2189,3,974709882
28213,195,188,4,974705867
28214,195,1180,5,1012210262
28215,195,2190,3,974705766
28216,195,195,1,974706483
28217,195,1671,4,1012210123
28218,195,202,3,1008558152
28219,195,1183,4,1008558215
28220,195,1688,1,974708914
28221,195,2929,4,974710025
28222,195,415,3,974709167
28223,195,1121,4,1008558152
28224,195,2599,4,997230534
28225,195,1691,4,1008558036
28226,195,2200,4,1008558673
28227,195,209,4,974709814
28228,195,2493,4,974709348
28229,195,422,3,974708051
28230,195,1719,4,974709348
28231,195,1040,4,997909460
28232,195,1731,4,979470183
28233,195,1041,2,997909336
28234,195,220,4,974708051
28235,195,738,3,1008558152
28236,195,1123,3,974705510
28237,195,1015,3,1008558066
28238,195,1016,3,974708078
28239,195,229,4,974708078
28240,195,1765,3,997909336
28241,195,429,5,974938295
28242,195,430,4,994032774
28243,195,1797,4,974708051
28244,195,1021,3,974707736
28245,195,4923,4,987397486
28246,195,742,5,975578555
28247,195,432,5,978075707
28248,195,1802,1,1008558289
28249,195,1804,4,978994367
28250,195,435,3,1009700378
28251,195,1043,3,978994326
28252,195,437,3,997734099
28253,195,438,4,1011849697
28254,195,439,4,997909542
28255,195,440,5,979248837
28256,195,2618,4,1002764403
28257,195,744,3,987297165
28258,195,447,5,987397430
28259,195,2625,4,1008559202
28260,195,745,3,994032742
28261,195,451,2,1011849879
28262,195,1814,3,994032759
28263,195,1817,3,997909460
28264,195,3318,4,997909483
28265,195,5348,3,1009762657
28266,195,3179,4,1008558215
28267,195,5351,4,996180891
28268,195,454,3,1017979265
28269,195,1044,5,1008557729
28270,195,5357,1,999292981
28271,195,755,4,1012210144
28272,195,2220,3,1011849737
28273,195,1840,3,1017979236
28274,196,505,4,1460954240
28275,196,519,3,1460954519
28276,196,8,3,1460954199
28277,196,464,5,1460954092
28278,196,472,5,1460954164
28279,196,26,3,1460954185
28280,196,41,5,1460954131
28281,196,1135,4,1460954067
28282,196,76,4,1460954418
28283,196,356,3,1460954102
28284,196,1031,3,1460954438
28285,196,100,4,1460954263
28286,196,122,3,1460954279
28287,196,167,5,1460954049
28288,196,402,3,1460954058
28289,196,220,5,1460954089
28290,196,753,3,1460954295
28291,196,1199,4,1460954103
28292,196,765,3,1460954073
28293,196,1206,3,1460954120
28294,196,1210,4,1460954271
28295,196,2300,2,1460953998
28296,196,1254,4,1460953986
28297,196,899,4,1460954512
28298,196,2328,4,1460954595
28299,196,239,5,1460954069
28300,196,1055,4,1460954108
28301,196,916,4,1460954168
28302,196,1061,2,1460954229
28303,196,254,3,1460954412
28304,196,1085,4,1460954008
28305,196,1376,5,1460954012
28306,197,5,3,947462391
28307,197,465,2,947462092
28308,197,15,3,947461020
28309,197,589,5,947461684
28310,197,17,5,947461923
28311,197,233,4,947462973
28312,197,21,3,947461058
28313,197,1095,5,947461866
28314,197,479,5,947462047
28315,197,34,5,947462092
28316,197,2427,2,947461058
28317,197,1028,2,947462734
28318,197,724,4,947462579
28319,197,62,5,947461968
28320,197,1102,5,947461020
28321,197,1103,3,947462764
28322,197,1136,5,947462811
28323,197,75,3,947462347
28324,197,82,4,947462047
28325,197,93,4,947462092
28326,197,2563,3,947461058
28327,197,1169,3,947461910
28328,197,5563,5,947462298
28329,197,730,5,947462685
28330,197,990,3,947462751
28331,197,1033,4,947461891
28332,197,382,4,947461734
28333,197,5304,5,947461295
28334,197,122,3,947462973
28335,197,1575,2,947461866
28336,197,145,4,947462734
28337,197,167,5,947461364
28338,197,172,5,947461556
28339,197,1651,3,947462579
28340,197,1683,4,947461020
28341,198,492,3,1034136028
28342,198,495,4,1034138101
28343,198,496,4,1034136139
28344,198,293,5,1034135531
28345,198,461,4,1034137414
28346,198,462,5,1034136028
28347,198,4,5,1034136177
28348,198,5,5,1034136008
28349,198,296,5,1034137364
28350,198,507,1,1034135137
28351,198,519,3,1034207438
28352,198,520,4,1034137243
28353,198,8,3,1034136119
28354,198,1027,4,1034138273
28355,198,540,4,1034138131
28356,198,3001,4,1034138064
28357,198,304,5,1034138495
28358,198,16,5,1034137711
28359,198,308,5,1034136756
28360,198,468,4,1034135187
28361,198,17,5,1034135986
28362,198,18,5,1034135137
28363,198,233,5,1034137533
28364,198,471,4,1034137243
28365,198,21,5,1034134802
28366,198,314,5,1034136733
28367,198,472,4,1034207302
28368,198,3168,3,1034135986
28369,198,315,4,1034207438
28370,198,25,4,1034138571
28371,198,1157,4,1034138236
28372,198,27,3,1034135628
28373,198,1095,3,1039797013
28374,198,4841,1,1034137937
28375,198,479,3,1034136119
28376,198,34,3,1034135137
28377,198,35,4,1034136028
28378,198,481,3,1034138959
28379,198,37,3,1034137612
28380,198,38,3,1034139174
28381,198,723,3,1034135489
28382,198,1160,4,1034134565
28383,198,43,2,1034138101
28384,198,1438,4,1034137690
28385,198,336,5,1034134297
28386,198,1098,4,1034137677
28387,198,337,5,1034138307
28388,198,46,5,1034134297
28389,198,724,4,1034135489
28390,198,1161,3,1034138750
28391,198,343,2,1034137852
28392,198,63,5,1034135243
28393,198,65,4,1034139104
28394,198,66,3,1034135503
28395,198,67,4,1034135578
28396,198,3499,5,1034136655
28397,198,69,5,1034135531
28398,198,70,5,1034136756
28399,198,71,4,1034137577
28400,198,1029,3,1039797013
28401,198,72,5,1034134565
28402,198,74,5,1034136682
28403,198,75,4,1034137793
28404,198,76,2,1034135503
28405,198,1137,3,1034137533
28406,198,1106,3,1034136655
28407,198,82,3,1034135545
28408,198,726,5,1034138519
28409,198,865,3,1034136655
28410,198,355,5,1034138384
28411,198,1107,4,1034137612
28412,198,84,3,1034137298
28413,198,356,4,1034137711
28414,198,268,3,1034137838
28415,198,85,4,1034136733
28416,198,86,5,1034135578
28417,198,2084,4,1034135641
28418,198,3014,4,1034137838
28419,198,5564,3,1034138064
28420,198,866,4,1034135217
28421,198,362,3,1034138117
28422,198,2420,5,1034136733
28423,198,1475,1,1034196898
28424,198,2452,5,1034136085
28425,198,2087,2,1034139126
28426,198,1485,4,1034134297
28427,198,1031,1,1034135655
28428,198,101,4,1034138064
28429,198,102,4,1034135628
28430,198,727,4,1034135578
28431,198,1497,2,1034138273
28432,198,365,5,1034138875
28433,198,104,4,1034136028
28434,198,1008,4,1034138678
28435,198,106,2,1034139049
28436,198,5110,1,1034139135
28437,198,1009,2,1034136119
28438,198,107,3,1034139198
28439,198,1501,5,1034139094
28440,198,1032,5,1034135628
28441,198,108,4,1034138225
28442,198,729,4,1034134690
28443,198,1510,2,1034138225
28444,198,234,4,1034134690
28445,198,2088,3,1034139126
28446,198,109,3,1034139066
28447,198,4669,4,1034138480
28448,198,996,2,1034138079
28449,198,373,1,1034136153
28450,198,731,3,1034138247
28451,198,1536,2,1034138176
28452,198,2092,3,1034137504
28453,198,1171,5,1034134690
28454,198,382,3,1034196167
28455,198,1543,2,1034137374
28456,198,120,5,1034138159
28457,198,837,4,1034137256
28458,198,122,4,1034136177
28459,198,1559,4,1034136733
28460,198,3024,4,1034136733
28461,198,272,5,1034136789
28462,198,135,3,1034207373
28463,198,4064,3,1034135578
28464,198,142,3,1034197876
28465,198,1172,2,1034139146
28466,198,1580,2,1034138079
28467,198,2572,3,1034207413
28468,198,392,5,1034136119
28469,198,148,5,1034137793
28470,198,149,1,1034139198
28471,198,3290,1,1034138648
28472,198,2468,4,1034137919
28473,198,3548,3,1034136028
28474,198,2469,2,1034136166
28475,198,1609,4,1034136085
28476,198,1610,3,1039797076
28477,198,1618,4,1034135531
28478,198,161,2,1034137364
28479,198,1010,3,1034135187
28480,198,167,5,1034135489
28481,198,1001,1,1034136443
28482,198,5565,3,1034137826
28483,198,3549,5,1034136789
28484,198,4154,5,1034135531
28485,198,172,2,1034138101
28486,198,173,3,1034137427
28487,198,179,4,1034136057
28488,198,1179,4,1034136454
28489,198,181,2,1034196898
28490,198,5566,4,1034137768
28491,198,402,1,1034134565
28492,198,405,3,1034196149
28493,198,183,4,1034196916
28494,198,185,5,1034136008
28495,198,2473,2,1034139126
28496,198,188,4,1034135655
28497,198,193,5,1034134565
28498,198,194,2,1039797046
28499,198,5129,2,1034138290
28500,198,198,3,1034137809
28501,198,199,3,1034135217
28502,198,2192,5,1034138704
28503,198,204,5,1034136190
28504,198,1038,3,1034138079
28505,198,415,3,1034136139
28506,198,2198,5,1034136008
28507,198,2200,5,1034134297
28508,198,1143,3,1034207302
28509,198,1700,3,1034138101
28510,198,211,4,1034139066
28511,198,422,3,1034138843
28512,198,5567,5,1034138862
28513,198,215,5,1034196916
28514,198,3301,2,1034135389
28515,198,1722,3,1034135489
28516,198,423,4,1039796825
28517,198,1039,4,1034207058
28518,198,219,2,1034135655
28519,198,1733,4,1034136443
28520,198,220,3,1034134690
28521,198,1744,3,1034138892
28522,198,4227,5,1039796811
28523,198,1019,2,1034195222
28524,198,1872,4,1034197876
28525,198,5568,4,1034136988
28526,198,429,2,1034134802
28527,198,5569,3,1034135641
28528,198,278,4,1039796697
28529,198,431,4,1034137045
28530,198,432,3,1034137010
28531,198,1022,3,1034207400
28532,198,434,3,1034135357
28533,198,1804,4,1039796797
28534,198,3176,5,1034195998
28535,198,440,5,1034134297
28536,198,442,4,1034137281
28537,198,3177,3,1034196916
28538,198,5338,1,1034135389
28539,198,1810,3,1034138828
28540,198,5570,3,1034136139
28541,198,5342,4,1034207413
28542,198,445,4,1034134565
28543,198,2102,4,1039796930
28544,198,446,3,1039796917
28545,198,747,4,1034135416
28546,198,453,2,1034196027
28547,198,3319,1,1034137344
28548,198,3179,2,1039796861
28549,198,1823,1,1034196010
28550,198,1825,4,1034137213
28551,198,5571,2,1034139198
28552,198,3323,1,1034135389
28553,198,752,3,1039796737
28554,198,2044,3,1034347012
28555,198,5572,1,1034139038
28556,198,753,4,1034195349
28557,198,1126,4,1034135324
28558,198,1832,1,1034136388
28559,198,754,2,1034136388
28560,198,755,4,1034136695
28561,198,1834,4,1034139066
28562,198,1835,5,1034196106
28563,198,4954,2,1039796957
28564,198,757,3,1034135416
28565,198,758,3,1034135440
28566,198,1845,3,1039796901
28567,198,759,5,1034135416
28568,198,760,2,1034135451
28569,198,5518,5,1034134690
28570,198,5573,5,1034136388
28571,199,3,4,1057590506
28572,199,485,3,940544181
28573,199,488,4,940543988
28574,199,3605,2,1022161793
28575,199,292,4,940372914
28576,199,496,5,940372513
28577,199,462,4,940372656
28578,199,4,3,940372883
28579,199,5,4,940372419
28580,199,505,1,941295529
28581,199,4037,3,940544216
28582,199,4038,1,940380890
28583,199,1094,3,940372348
28584,199,464,4,940372782
28585,199,531,3,1060289068
28586,199,13,3,944513494
28587,199,5556,3,940373078
28588,199,16,4,1022970258
28589,199,468,2,1023654884
28590,199,575,1,1094309696
28591,199,589,3,1105715925
28592,199,17,4,940372462
28593,199,470,4,940372390
28594,199,2434,2,940372513
28595,199,233,4,940372390
28596,199,311,3,940456728
28597,199,20,3,1060289084
28598,199,21,2,940372744
28599,199,622,2,940544026
28600,199,473,3,940544360
28601,199,316,4,940544155
28602,199,1416,1,940544740
28603,199,637,4,940544320
28604,199,26,4,940372697
28605,199,643,3,940544964
28606,199,2895,3,941295675
28607,199,319,2,1023654917
28608,199,654,3,940372513
28609,199,320,3,940544123
28610,199,2509,2,1023655015
28611,199,29,5,940372656
28612,199,478,4,940544123
28613,199,322,2,940381095
28614,199,1095,5,940380371
28615,199,30,3,940544279
28616,199,1420,1,1094309653
28617,199,1158,2,940543949
28618,199,2440,3,1087154726
28619,199,671,2,1094309540
28620,199,479,3,1057590366
28621,199,34,3,1024884741
28622,199,35,4,940372348
28623,199,481,3,940544622
28624,199,37,5,940372304
28625,199,5574,1,944513522
28626,199,5575,3,1126036262
28627,199,42,3,940543804
28628,199,723,5,940381382
28629,199,1160,3,1126036000
28630,199,43,3,1024710076
28631,199,1028,4,940379738
28632,199,1438,3,940379738
28633,199,333,3,940381876
28634,199,335,4,946523653
28635,199,336,5,1094260102
28636,199,1098,4,1261363313
28637,199,46,5,940379698
28638,199,2143,4,1401308909
28639,199,1449,2,940379935
28640,199,5576,1,1126036284
28641,199,60,5,940372265
28642,199,343,4,946523745
28643,199,62,4,1071179802
28644,199,63,4,940372348
28645,199,3698,1,1105715856
28646,199,346,3,940544026
28647,199,66,2,1094309545
28648,199,976,1,940544688
28649,199,725,2,940380107
28650,199,68,5,940380847
28651,199,1099,3,940372348
28652,199,3499,3,940379645
28653,199,4262,5,940380424
28654,199,348,4,1401308834
28655,199,349,4,940544123
28656,199,69,3,1119190979
28657,199,70,4,940379799
28658,199,71,4,940380371
28659,199,2396,5,1070938364
28660,199,72,4,940381382
28661,199,1104,3,940380847
28662,199,73,5,940379738
28663,199,74,2,940543906
28664,199,353,4,946523745
28665,199,75,4,940372592
28666,199,76,4,940380410
28667,199,2076,5,940381382
28668,199,1138,4,1023655015
28669,199,1106,3,1023654652
28670,199,2079,5,940372697
28671,199,82,5,1057590354
28672,199,2397,4,940381650
28673,199,2901,3,1023654918
28674,199,355,5,940380499
28675,199,1109,3,941325416
28676,199,2145,5,1060289044
28677,199,85,4,946523712
28678,199,1110,5,940381876
28679,199,269,5,1095331581
28680,199,1111,4,946523712
28681,199,3014,4,940544083
28682,199,88,5,946523712
28683,199,1456,4,1057590498
28684,199,2146,4,1095331617
28685,199,3707,1,1094309665
28686,199,3708,4,1023655054
28687,199,2178,4,1094309453
28688,199,361,5,946523785
28689,199,1462,4,940544360
28690,199,1166,3,1061308947
28691,199,994,3,1094309519
28692,199,977,4,940372549
28693,199,1167,4,1061308941
28694,199,93,1,943698847
28695,199,2147,5,940380653
28696,199,3015,2,940380653
28697,199,362,1,940379896
28698,199,2420,3,940372830
28699,199,4051,4,940372462
28700,199,1479,1,940380923
28701,199,364,3,1023654764
28702,199,1484,2,940544320
28703,199,98,3,943698653
28704,199,5562,2,940544216
28705,199,2563,2,1094309629
28706,199,99,5,1023654652
28707,199,981,4,940373018
28708,199,102,4,940456621
28709,199,727,2,1023654736
28710,199,1007,2,955313862
28711,199,365,3,940544249
28712,199,984,3,940372592
28713,199,728,5,1070938417
28714,199,104,5,940372304
28715,199,106,2,940372513
28716,199,3286,3,946223222
28717,199,366,4,940372348
28718,199,1501,2,954193151
28719,199,108,2,940379971
28720,199,987,4,955806902
28721,199,234,2,940380467
28722,199,367,3,940372549
28723,199,988,3,940372697
28724,199,110,3,946223238
28725,199,1518,2,955313743
28726,199,730,1,940372697
28727,199,3058,3,1023654791
28728,199,3172,4,995165354
28729,199,4671,3,940373078
28730,199,1033,3,940456648
28731,199,3022,3,940544360
28732,199,731,2,940456582
28733,199,379,5,940372390
28734,199,4899,4,1057590495
28735,199,116,4,1261363367
28736,199,3225,3,1023654953
28737,199,1544,1,940380579
28738,199,1777,3,940379698
28739,199,122,4,940372462
28740,199,3024,4,1023654764
28741,199,1564,3,940372462
28742,199,2465,2,940372513
28743,199,387,3,940379799
28744,199,5577,3,1124392250
28745,199,1577,4,940380031
28746,199,142,2,1074006407
28747,199,5118,3,940372883
28748,199,1037,4,1023655054
28749,199,4153,3,955313913
28750,199,3027,5,940372265
28751,199,838,5,1023654985
28752,199,3227,3,1023654708
28753,199,3228,2,940544320
28754,199,3598,3,1090544240
28755,199,148,3,1023654611
28756,199,393,4,976291650
28757,199,150,2,940545049
28758,199,395,3,940381317
28759,199,2469,3,1060288828
28760,199,1609,4,976291668
28761,199,157,3,940372656
28762,199,397,4,1060289150
28763,199,5500,3,940380371
28764,199,165,4,940380816
28765,199,1627,4,940372103
28766,199,166,3,995165242
28767,199,167,4,940371931
28768,199,399,4,1018183577
28769,199,172,2,940371961
28770,199,5578,4,940380229
28771,199,732,4,1021178968
28772,199,5579,1,1095331656
28773,199,400,4,1094309416
28774,199,179,5,995165528
28775,199,1641,4,943698807
28776,199,1179,1,1093802585
28777,199,1116,2,1020087389
28778,199,402,4,941325372
28779,199,404,3,1094309616
28780,199,405,5,1023654612
28781,199,1653,4,1105552028
28782,199,5580,1,940380136
28783,199,4908,4,940381023
28784,199,185,5,941295364
28785,199,2473,2,940373078
28786,199,2593,4,941583590
28787,199,2189,4,945008920
28788,199,2097,4,1101838442
28789,199,1180,4,1105552056
28790,199,2474,4,940543988
28791,199,410,4,1022384598
28792,199,198,4,946523761
28793,199,1676,4,946523712
28794,199,2157,4,946523712
28795,199,203,4,1060289034
28796,199,1680,2,941295627
28797,199,1681,2,941295627
28798,199,2491,4,1064681698
28799,199,1684,3,945008950
28800,199,4914,4,946523549
28801,199,5581,4,995165198
28802,199,415,4,1401308949
28803,199,416,4,948034556
28804,199,206,3,951581366
28805,199,2599,2,1101533870
28806,199,2687,3,1095331575
28807,199,2200,3,1024104403
28808,199,2201,3,1070938466
28809,199,1703,2,952215276
28810,199,842,3,1094309752
28811,199,2494,4,1261364736
28812,199,3039,1,1090544218
28813,199,1734,4,979418039
28814,199,220,4,959638011
28815,199,5047,3,1018818501
28816,199,223,4,1095331591
28817,199,1872,3,1401308851
28818,199,1797,2,1261364679
28819,199,741,2,1024595450
28820,199,4925,3,1018206697
28821,199,1043,3,1018183623
28822,199,437,4,1060289141
28823,199,440,4,1024862818
28824,199,1023,1,1094309582
28825,199,744,4,1022595594
28826,199,445,4,1025918767
28827,199,2212,2,1025918733
28828,199,451,3,1082556819
28829,199,4938,3,1057590671
28830,199,1814,3,1026613126
28831,199,747,3,995165164
28832,199,1818,4,1082556764
28833,199,5156,5,1095331530
28834,199,3553,5,1070938326
28835,199,3243,4,1074006476
28836,199,5582,2,1105284698
28837,199,454,4,1133207859
28838,199,1825,3,1018183597
28839,199,1829,3,1025918796
28840,199,457,4,1082556698
28841,199,753,3,1101073599
28842,199,1126,2,1090544433
28843,199,1832,2,1018206732
28844,199,2220,4,1018183644
28845,199,1836,3,1099856073
28846,199,232,5,946523653
28847,199,3184,3,1095331571
28848,199,2224,4,1095331630
28849,199,1842,3,1060288943
28850,199,757,3,1023592667
28851,199,870,4,1023654612
28852,199,758,1,1119190937
28853,199,1199,4,1057590429
28854,199,4481,2,1028066388
28855,199,761,4,1094309740
28856,199,848,3,1030155435
28857,199,2702,4,1094309746
28858,199,762,3,1091369858
28859,199,2955,3,1094260030
28860,199,2704,3,1064681562
28861,199,1200,1,1133207839
28862,199,5583,3,1051818578
28863,199,2046,4,1123439297
28864,199,2230,4,1074006455
28865,199,856,3,1102252563
28866,199,766,4,1068349404
28867,199,1206,5,1112634613
28868,199,1147,4,1261363782
28869,199,5405,3,1082556845
28870,199,3191,3,1060288894
28871,199,1207,1,1094309574
28872,199,769,2,1060288963
28873,199,1210,3,1064022775
28874,199,2236,3,1261363952
28875,199,2237,4,1060288780
28876,199,2238,3,1061734046
28877,199,1215,3,1071179792
28878,199,2241,4,1261363873
28879,199,1148,4,1261364227
28880,199,2243,3,1070289514
28881,199,2244,3,1115521347
28882,199,3265,4,1105552050
28883,199,2778,4,1401308873
28884,199,3341,3,1074006330
28885,199,3571,4,1073246272
28886,199,1221,3,1082556592
28887,199,3269,4,1094309318
28888,199,1130,4,1101073428
28889,199,777,3,1101742892
28890,199,886,3,1087154741
28891,199,782,3,1261363340
28892,199,5584,2,1094516652
28893,199,888,2,1094516666
28894,199,2049,3,1091369903
28895,199,4292,2,1094516626
28896,199,1227,2,1113258625
28897,199,784,3,1101838567
28898,199,3350,3,1114434961
28899,199,236,4,1093802567
28900,199,5585,3,1095331259
28901,199,2266,4,1113625062
28902,199,792,3,1104698183
28903,199,2272,3,1106663077
28904,199,799,3,1113258696
28905,199,2050,4,1261364247
28906,199,891,4,1261363836
28907,199,809,2,1119190953
28908,199,2974,3,1126036185
28909,199,814,3,1261363947
28910,199,3585,3,1133207825
28911,199,2054,4,1261364263
28912,199,2307,4,1261363579
28913,199,1253,4,1261363787
28914,199,5586,4,1208646002
28915,199,1256,2,1261363569
28916,199,2316,1,1261363348
28917,199,238,4,1261363832
28918,199,822,4,1261364721
28919,199,2323,3,1261363917
28920,199,2326,4,1261364275
28921,199,2334,3,1261364752
28922,199,1272,5,1208646057
28923,199,3806,4,1261363652
28924,199,2059,4,1208645990
28925,199,5587,3,1261364710
28926,199,904,3,1208645976
28927,199,2061,4,1261363877
28928,199,5588,3,1261363555
28929,199,1279,3,1261363564
28930,199,1911,4,1401308935
28931,199,1058,3,1261363910
28932,199,1297,2,1261364214
28933,199,2991,4,1261363408
28934,200,1,3,1229886312
28935,200,484,4,1229876436
28936,200,487,4,1229887453
28937,200,493,3,1229877095
28938,200,461,2,1229877775
28939,200,463,5,1229886362
28940,200,4,4,1229885752
28941,200,505,3,1229886642
28942,200,519,4,1229887243
28943,200,8,4,1229886082
28944,200,464,4,1229885978
28945,200,532,4,1229886183
28946,200,304,1,1229878061
28947,200,16,5,1229886006
28948,200,467,3,1229888190
28949,200,17,5,1229886402
28950,200,233,5,1229878882
28951,200,605,4,1229886407
28952,200,471,4,1229877092
28953,200,21,4,1229886266
28954,200,314,4,1229886985
28955,200,23,3,1229886978
28956,200,622,4,1229886632
28957,200,635,4,1229887499
28958,200,25,5,1229876640
28959,200,27,3,1229885895
28960,200,28,3,1229886982
28961,200,657,3,1229887138
28962,200,661,3,1229876652
28963,200,322,3,1229886921
28964,200,828,3,1229886394
28965,200,323,4,1229877199
28966,200,33,3,1229886699
28967,200,481,5,1229886223
28968,200,38,3,1229885782
28969,200,326,4,1229887359
28970,200,42,2,1229886338
28971,200,690,3,1229876512
28972,200,43,3,1229886639
28973,200,706,3,1229876476
28974,200,1098,4,1229876484
28975,200,1161,5,1229889847
28976,200,1448,3,1229877445
28977,200,863,3,1229876447
28978,200,54,3,1229876599
28979,200,1775,3,1229887412
28980,200,1135,3,1229886202
28981,200,58,5,1229888447
28982,200,61,4,1229886286
28983,200,864,4,1229887977
28984,200,725,4,1229887266
28985,200,69,5,1229886264
28986,200,70,5,1229886108
28987,200,71,4,1229885859
28988,200,74,5,1229885935
28989,200,75,4,1229886360
28990,200,76,3,1229877238
28991,200,78,4,1229878369
28992,200,355,4,1229887591
28993,200,356,4,1229886705
28994,200,1110,3,1229876586
28995,200,86,4,1229877810
28996,200,2177,4,1229876610
28997,200,90,3,1229886275
28998,200,270,3,1229876491
28999,200,866,3,1229887127
29000,200,1468,4,1229876861
29001,200,1474,5,1229887379
29002,200,362,3,1229887163
29003,200,2420,4,1229886849
29004,200,980,1,1229889470
29005,200,1485,3,1229886995
29006,200,98,5,1229887046
29007,200,2563,3,1229888241
29008,200,99,3,1229877723
29009,200,1031,3,1229886166
29010,200,1491,2,1229889886
29011,200,1494,4,1229887705
29012,200,102,4,1229885975
29013,200,984,3,1229887335
29014,200,728,4,1229886301
29015,200,1032,4,1229886938
29016,200,108,3,1229887041
29017,200,729,3,1229886367
29018,200,234,4,1229887174
29019,200,988,2,1229886327
29020,200,1514,4,1229887448
29021,200,110,5,1229887270
29022,200,730,3,1229877667
29023,200,1532,1,1229889198
29024,200,379,4,1229886448
29025,200,382,4,1229878679
29026,200,1777,4,1229887073
29027,200,836,4,1229877812
29028,200,120,4,1229877814
29029,200,126,3,1229886443
29030,200,3024,4,1229889065
29031,200,135,4,1229886375
29032,200,1568,0,1229877257
29033,200,1572,5,1229876626
29034,200,386,4,1229888469
29035,200,1583,3,1229889153
29036,200,1584,3,1229887751
29037,200,147,3,1229886319
29038,200,1594,4,1229876415
29039,200,1597,3,1229887034
29040,200,3290,4,1229889768
29041,200,154,3,1229887097
29042,200,1609,5,1229886174
29043,200,1000,4,1229889128
29044,200,2471,4,1229888418
29045,200,163,4,1229886460
29046,200,1010,4,1229888459
29047,200,167,5,1229887354
29048,200,1001,5,1229876838
29049,200,1002,4,1229888352
29050,200,399,3,1229876430
29051,200,171,4,1229887060
29052,200,172,3,1229885944
29053,200,732,4,1229887303
29054,200,400,4,1229877731
29055,200,734,3,1229887542
29056,200,1865,4,1229887852
29057,200,183,4,1229878170
29058,200,2589,4,1229889465
29059,200,185,3,1229886272
29060,200,1667,4,1229888219
29061,200,1180,5,1229886718
29062,200,190,4,1229887433
29063,200,191,4,1229888416
29064,200,192,4,1229888513
29065,200,193,5,1229885970
29066,200,196,4,1229889300
29067,200,2686,4,1229877799
29068,200,1684,4,1229888156
29069,200,2929,3,1229888391
29070,200,206,4,1229886949
29071,200,277,4,1229887801
29072,200,208,3,1229888256
29073,200,209,4,1229886966
29074,200,418,5,1229887525
29075,200,1701,5,1229888435
29076,200,422,4,1229886342
29077,200,423,5,1229886433
29078,200,218,3,1229887746
29079,200,1042,3,1229888349
29080,200,220,4,1229886217
29081,200,738,3,1229886187
29082,200,1870,4,1229889147
29083,200,1015,4,1229887527
29084,200,229,4,1229885786
29085,200,230,2,1229888400
29086,200,1764,3,1229889846
29087,200,867,4,1229878736
29088,200,429,4,1229877289
29089,200,430,3,1229878135
29090,200,740,4,1229887844
29091,200,1797,4,1229886373
29092,200,2512,4,1229878038
29093,200,741,4,1229886309
29094,200,1873,4,1229889194
29095,200,434,4,1229887324
29096,200,3310,4,1229888787
29097,200,743,4,1229887444
29098,200,1804,4,1229888045
29099,200,1043,3,1229886197
29100,200,1805,5,1229887361
29101,200,437,4,1229886106
29102,200,440,3,1229885960
29103,200,2616,4,1229889257
29104,200,1810,3,1229888764
29105,200,445,4,1229886695
29106,200,446,3,1229878334
29107,200,447,3,1229878716
29108,200,1812,3,1229887465
29109,200,1813,4,1229888192
29110,200,745,3,1229885793
29111,200,451,5,1229886822
29112,200,1816,2,1229887618
29113,200,1817,3,1229887735
29114,200,868,4,1229876637
29115,200,1146,4,1229878221
29116,200,2647,3,1229889059
29117,200,3320,3,1229877332
29118,200,5589,3,1229878977
29119,200,1195,5,1229888086
29120,200,3323,4,1229889568
29121,200,1125,5,1229886349
29122,200,752,3,1229885803
29123,200,458,4,1229886121
29124,200,753,4,1229886103
29125,200,1126,5,1229885760
29126,200,1832,2,1229886424
29127,200,754,4,1229886061
29128,200,755,4,1229878007
29129,200,1837,5,1229889133
29130,200,5590,3,1229877842
29131,200,2697,2,1229877019
29132,200,3183,4,1229877425
29133,200,1842,4,1229886919
29134,200,757,3,1229885797
29135,200,870,3,1229877074
29136,200,1199,4,1229878516
29137,200,759,3,1229885871
29138,200,848,3,1229877721
29139,200,4501,3,1229878346
29140,200,5591,2,1229877889
29141,200,2045,3,1229889092
29142,200,764,4,1229886071
29143,200,852,4,1229887810
29144,200,765,4,1229886220
29145,200,766,4,1229886260
29146,200,767,5,1229887017
29147,200,3191,4,1229878108
29148,200,768,4,1229885852
29149,200,769,5,1229885931
29150,200,1209,4,1229887107
29151,200,876,4,1229885937
29152,200,1210,4,1229886974
29153,200,3332,4,1229876905
29154,200,1883,3,1229888249
29155,200,771,4,1229886346
29156,200,3070,2,1229888021
29157,200,2514,3,1229887584
29158,200,3259,4,1229889056
29159,200,772,5,1229887075
29160,200,235,5,1229886192
29161,200,773,4,1229886357
29162,200,878,4,1229887177
29163,200,3196,4,1229889117
29164,200,3142,3,1229877947
29165,200,879,3,1229889245
29166,200,775,4,1229886816
29167,200,2969,2,1229889580
29168,200,2516,3,1229877297
29169,200,883,5,1229887837
29170,200,1130,4,1229886079
29171,200,1222,4,1229887487
29172,200,1048,5,1229885738
29173,200,2517,3,1229876874
29174,200,885,4,1229888275
29175,200,886,4,1229887391
29176,200,3346,3,1229876852
29177,200,779,3,1229886111
29178,200,3348,3,1229889261
29179,200,780,4,1229886288
29180,200,3146,3,1229887370
29181,200,783,2,1229886114
29182,200,4292,1,1229878063
29183,200,1227,3,1229877411
29184,200,784,4,1229878518
29185,200,1228,4,1229887290
29186,200,3351,5,1229888742
29187,200,2266,4,1229886997
29188,200,3354,3,1229888393
29189,200,792,2,1229886846
29190,200,794,4,1229887865
29191,200,795,4,1229885891
29192,200,890,3,1229878719
29193,200,4856,3,1229877827
29194,200,2270,3,1229877216
29195,200,799,2,1229887558
29196,200,1131,3,1229877974
29197,200,5592,2,1229878742
29198,200,1235,4,1229889685
29199,200,1237,3,1229886720
29200,200,801,4,1229877759
29201,200,1891,4,1229888123
29202,200,893,4,1229888244
29203,200,803,5,1229887684
29204,200,807,5,1229886430
29205,200,2286,4,1229886896
29206,200,895,5,1229887116
29207,200,810,4,1229885879
29208,200,3216,4,1229888534
29209,200,1241,2,1229888450
29210,200,1892,4,1229886857
29211,200,5593,3,1229877839
29212,200,1242,4,1229887133
29213,200,2127,3,1229877023
29214,200,1245,2,1229877149
29215,200,1246,3,1229887949
29216,200,1249,5,1229887534
29217,200,2053,3,1229878759
29218,200,1894,4,1229886396
29219,200,897,3,1229887062
29220,200,1895,3,1229887007
29221,200,1254,4,1229887404
29222,200,2309,5,1229878699
29223,200,5594,3,1229877358
29224,200,1896,3,1229887687
29225,200,817,4,1229887153
29226,200,818,3,1229887508
29227,200,3385,4,1229888358
29228,200,1255,5,1229885889
29229,200,1256,5,1229886335
29230,200,237,3,1229888476
29231,200,2055,4,1229887105
29232,200,2316,3,1229878418
29233,200,2317,4,1229887572
29234,200,1051,3,1229886419
29235,200,824,5,1229885814
29236,200,2320,4,1229887544
29237,200,2324,2,1229877311
29238,200,3514,0,1229878711
29239,200,5595,3,1229878025
29240,200,1053,4,1229886399
29241,200,2326,5,1229886899
29242,200,900,5,1229876946
29243,200,1905,4,1229887254
29244,200,1264,4,1229887155
29245,200,1267,1,1229889097
29246,200,1269,3,1229886946
29247,200,2519,4,1229886936
29248,200,4148,5,1229877110
29249,200,903,4,1229878520
29250,200,2058,4,1229886871
29251,200,904,5,1229885874
29252,200,1276,4,1229887490
29253,200,905,4,1229876928
29254,200,1278,4,1229887672
29255,200,2350,4,1229876843
29256,200,239,5,1229885836
29257,200,2351,3,1229876922
29258,200,1055,4,1229886298
29259,200,1282,1,1229887297
29260,200,2522,3,1229889251
29261,200,1284,4,1229887610
29262,200,3081,5,1229887768
29263,200,1285,3,1229887390
29264,200,2130,4,1229889835
29265,200,2064,4,1229887427
29266,200,5596,3,1229876803
29267,200,2380,4,1229887817
29268,201,1,5,939801780
29269,201,488,4,939227085
29270,201,491,4,939227554
29271,201,495,4,941211478
29272,201,496,5,939227591
29273,201,293,4,939833041
29274,201,461,5,939801740
29275,201,501,1,939227085
29276,201,464,4,939227808
29277,201,465,4,939226657
29278,201,530,4,941212999
29279,201,540,3,941211804
29280,201,545,2,941211804
29281,201,16,5,939226374
29282,201,589,3,940350410
29283,201,17,5,939833199
29284,201,605,5,939821323
29285,201,21,5,939801781
29286,201,473,4,939810830
29287,201,635,4,941212999
29288,201,27,5,941211343
29289,201,30,5,939224710
29290,201,1420,4,939821323
29291,201,671,5,940350613
29292,201,479,5,941211417
29293,201,34,3,939226657
29294,201,35,5,939832910
29295,201,481,5,939226161
29296,201,326,3,939801904
29297,201,41,5,939227479
29298,201,43,4,939226691
29299,201,1431,4,939227013
29300,201,1443,3,940006866
29301,201,2445,4,940350528
29302,201,863,4,939801930
29303,201,1775,4,939225400
29304,201,832,3,941212999
29305,201,66,5,941211478
29306,201,67,4,941211442
29307,201,69,5,939227261
29308,201,70,5,939801781
29309,201,71,5,939227364
29310,201,74,5,940006866
29311,201,75,4,939227627
29312,201,82,5,941211417
29313,201,356,4,939226122
29314,201,86,5,939226860
29315,201,1456,4,939820856
29316,201,90,5,939227212
29317,201,866,5,939227177
29318,201,4057,3,939227085
29319,201,93,2,939226657
29320,201,1472,4,939821323
29321,201,99,4,939225184
29322,201,1031,4,941211417
29323,201,1492,2,939226658
29324,201,1494,4,939226522
29325,201,101,4,941211302
29326,201,102,4,939821323
29327,201,727,5,941211417
29328,201,1009,5,940006866
29329,201,108,2,941211804
29330,201,988,5,939224378
29331,201,109,2,940350528
29332,201,1516,1,941211417
29333,201,996,4,941211417
29334,201,1033,5,941211343
29335,201,731,4,941211523
29336,201,379,5,939226205
29337,201,382,5,939810787
29338,201,836,5,939226860
29339,201,120,3,939226860
29340,201,122,5,939227714
29341,201,126,4,941212089
29342,201,272,4,939801727
29343,201,131,4,941211556
29344,201,998,4,939820856
29345,201,135,5,939227212
29346,201,3508,5,939811032
29347,201,1571,4,941211343
29348,201,139,5,939227085
29349,201,386,4,939227412
29350,201,142,4,939821323
29351,201,1583,5,939810830
29352,201,1584,5,939801984
29353,201,1585,3,939810775
29354,201,4176,3,939811032
29355,201,1594,5,939227524
29356,201,1597,4,939810830
29357,201,392,5,939226492
29358,201,393,4,939226810
29359,201,1601,5,939801930
29360,201,1609,5,939226586
29361,201,274,4,939227144
29362,201,1618,4,941211643
29363,201,1000,3,940263473
29364,201,172,3,939226374
29365,201,174,3,941211523
29366,201,400,5,939225184
29367,201,1003,4,940350528
29368,201,1641,3,941211302
29369,201,1179,4,939224189
29370,201,181,5,939821323
29371,201,735,3,940350613
29372,201,1865,1,939226449
29373,201,402,5,939224189
29374,201,183,4,940350569
29375,201,185,5,939801984
29376,201,188,4,941212172
29377,201,1180,5,939224319
29378,202,1,4,974923506
29379,202,482,4,974923336
29380,202,3,5,974918622
29381,202,487,4,974919042
29382,202,488,4,975013705
29383,202,2069,4,974923156
29384,202,293,4,974925068
29385,202,972,2,974923392
29386,202,5597,3,974925453
29387,202,5,4,974924628
29388,202,296,4,975013724
29389,202,505,3,975013683
29390,202,520,4,975014165
29391,202,8,4,974918508
29392,202,464,4,975013015
29393,202,531,4,974924911
29394,202,2423,3,975013040
29395,202,15,4,974912792
29396,202,5105,4,975013015
29397,202,2425,5,975015786
29398,202,16,4,974912002
29399,202,308,3,974925403
29400,202,589,5,974912991
29401,202,17,4,974912566
29402,202,470,4,974912821
29403,202,591,3,974919042
29404,202,2508,5,974912495
29405,202,2434,3,974912616
29406,202,2435,4,975012920
29407,202,233,4,974912341
29408,202,608,3,975013281
29409,202,609,3,974925604
29410,202,611,4,974919098
29411,202,21,5,974924053
29412,202,314,4,974923638
29413,202,620,4,975013922
29414,202,1410,3,975013501
29415,202,4893,3,974924687
29416,202,622,3,974921289
29417,202,1414,1,974912096
29418,202,637,3,974923893
29419,202,2168,5,975013223
29420,202,26,3,974918472
29421,202,5598,3,975013683
29422,202,645,2,975013847
29423,202,475,3,974918657
29424,202,27,4,974918825
29425,202,654,4,974925403
29426,202,2170,4,974918857
29427,202,657,4,975013335
29428,202,320,3,975013158
29429,202,3219,3,974912735
29430,202,975,4,974926025
29431,202,477,4,974912753
29432,202,664,3,975014045
29433,202,1095,5,974925048
29434,202,4841,3,974912341
29435,202,5599,3,975013195
29436,202,2441,4,975013525
29437,202,323,4,975015866
29438,202,479,5,974921268
29439,202,33,4,974923177
29440,202,34,3,974918657
29441,202,35,5,974912341
29442,202,324,4,975015866
29443,202,36,4,975015867
29444,202,37,4,974912414
29445,202,1422,4,974918797
29446,202,261,4,974924481
29447,202,38,3,974919186
29448,202,1425,2,974923361
29449,202,1096,4,974913044
29450,202,5600,4,975014150
29451,202,2172,4,974924273
29452,202,2443,4,975012829
29453,202,2073,4,974925068
29454,202,723,5,974924381
29455,202,43,2,974924550
29456,202,1435,3,974924954
29457,202,706,4,974923837
29458,202,1028,4,974912358
29459,202,334,5,974912496
29460,202,336,5,974912380
29461,202,1098,4,974925496
29462,202,45,4,974912341
29463,202,337,4,974924428
29464,202,46,5,974912380
29465,202,724,5,974912414
29466,202,2395,5,974912002
29467,202,3696,4,974925858
29468,202,717,4,974926168
29469,202,56,3,974912096
29470,202,1135,4,974918530
29471,202,1449,3,974918892
29472,202,345,4,974924788
29473,202,63,5,974924662
29474,202,64,5,974912698
29475,202,65,3,974925604
29476,202,346,4,974912911
29477,202,833,5,975012935
29478,202,66,4,974912792
29479,202,725,3,974918973
29480,202,2998,4,974924001
29481,202,67,5,974918657
29482,202,1451,3,974923220
29483,202,3699,4,974912846
29484,202,3700,4,974912341
29485,202,68,5,974923446
29486,202,1099,5,975015787
29487,202,3499,4,974912792
29488,202,1006,4,975015392
29489,202,5601,3,974925996
29490,202,2448,4,975013885
29491,202,348,4,974925694
29492,202,349,4,974924481
29493,202,3011,4,974924502
29494,202,350,4,974923720
29495,202,69,5,974912096
29496,202,70,4,974921250
29497,202,71,5,974918419
29498,202,351,4,974925048
29499,202,1029,5,974921268
29500,202,1103,5,974918508
29501,202,352,4,974912395
29502,202,2396,5,974923127
29503,202,72,4,974925048
29504,202,73,4,974912467
29505,202,1136,5,974924273
29506,202,74,3,974912027
29507,202,1163,4,974924628
29508,202,76,4,974921250
29509,202,2077,5,974918472
29510,202,77,4,974924662
29511,202,78,4,974918657
29512,202,1137,4,974918419
29513,202,81,4,974923661
29514,202,1164,3,974924755
29515,202,2416,4,974912566
29516,202,1139,5,974923681
29517,202,82,4,974918508
29518,202,2397,5,974921250
29519,202,726,4,975014416
29520,202,865,4,974912467
29521,202,2083,4,974924687
29522,202,356,5,974912991
29523,202,2145,5,974923127
29524,202,85,5,974923488
29525,202,357,5,974924273
29526,202,1110,5,974924662
29527,202,86,4,974925048
29528,202,2177,4,975013354
29529,202,269,5,974924405
29530,202,87,4,974918744
29531,202,1111,4,974912541
29532,202,3014,4,974918563
29533,202,88,4,974923588
29534,202,2449,4,974926010
29535,202,359,4,974924297
29536,202,3706,3,975015416
29537,202,90,4,974918563
29538,202,3283,3,974923720
29539,202,3707,4,975015080
29540,202,3708,4,974912892
29541,202,1113,4,974924405
29542,202,3500,4,975014298
29543,202,270,5,975015323
29544,202,361,4,974918419
29545,202,3709,4,975014509
29546,202,866,5,974923638
29547,202,5602,2,974912096
29548,202,5015,2,974925178
29549,202,1166,3,974918744
29550,202,977,4,974924687
29551,202,978,4,974918688
29552,202,1469,3,974918973
29553,202,1167,5,974918688
29554,202,1140,4,974919117
29555,202,1471,4,974918797
29556,202,1472,3,974924334
29557,202,979,3,974919079
29558,202,2147,4,974918472
29559,202,362,3,974919042
29560,202,2420,3,974925437
29561,202,1475,4,974923542
29562,202,3710,3,975015392
29563,202,94,3,974925096
29564,202,2429,5,974918797
29565,202,2179,3,974925604
29566,202,1485,4,974924123
29567,202,98,5,974923806
29568,202,1031,3,974921308
29569,202,2455,4,974923506
29570,202,102,4,974921336
29571,202,727,5,975013015
29572,202,982,3,974919155
29573,202,103,5,974919155
29574,202,728,4,974918588
29575,202,104,4,974924628
29576,202,106,3,974924851
29577,202,1009,4,974925403
29578,202,366,4,974923773
29579,202,2459,4,975013445
29580,202,1501,3,974924954
29581,202,1504,4,974923806
29582,202,834,4,974912892
29583,202,729,4,975012973
29584,202,367,4,974912698
29585,202,1514,3,974918973
29586,202,730,4,974923746
29587,202,2399,3,974919186
29588,202,1033,4,974924970
29589,202,2038,4,974925910
29590,202,2039,4,974912665
29591,202,116,4,974912096
29592,202,4900,4,974912846
29593,202,4175,4,975015565
29594,202,3502,4,975015416
29595,202,2092,3,974912892
29596,202,1171,4,974912467
29597,202,382,5,974923746
29598,202,118,4,974921289
29599,202,1034,4,974921336
29600,202,3547,4,974925048
29601,202,836,3,974925156
29602,202,121,4,975015867
29603,202,3060,4,974925352
29604,202,2183,3,974925178
29605,202,5303,3,975015080
29606,202,5603,3,974925552
29607,202,122,4,974912380
29608,202,2678,4,974923542
29609,202,998,4,974924087
29610,202,134,4,974923259
29611,202,1564,4,974923921
29612,202,135,3,974923259
29613,202,136,3,974923220
29614,202,1567,4,974924887
29615,202,1569,3,974923318
29616,202,386,3,975015416
29617,202,2570,3,975015599
29618,202,5604,3,975015717
29619,202,387,5,974924037
29620,202,1575,3,974921336
29621,202,1141,4,974918563
29622,202,2184,4,974926149
29623,202,1581,4,974923852
29624,202,1583,3,975015344
29625,202,1584,3,974912991
29626,202,4176,3,975015565
29627,202,145,4,974913044
29628,202,1037,4,974918622
29629,202,273,4,974921268
29630,202,3027,4,974912665
29631,202,147,4,974925419
29632,202,2152,4,974925178
29633,202,4903,4,974921360
29634,202,5499,3,974925156
29635,202,5060,4,974924123
29636,202,2575,5,975015124
29637,202,1601,4,974923872
29638,202,1603,3,974924201
29639,202,1609,4,974923468
29640,202,3229,3,974924297
29641,202,1863,2,974924550
29642,202,1864,3,974919016
29643,202,155,4,974918857
29644,202,1610,4,974925178
29645,202,1174,3,974919238
29646,202,1175,2,975015692
29647,202,156,4,974919016
29648,202,1177,4,975015392
29649,202,999,3,975015669
29650,202,5436,4,974919186
29651,202,1620,4,974924201
29652,202,397,4,974925519
29653,202,160,3,974923239
29654,202,3029,4,974919155
29655,202,5500,3,974918798
29656,202,164,3,974918892
29657,202,165,4,974921379
29658,202,5122,2,974912002
29659,202,2918,3,974925206
29660,202,5437,3,974918657
29661,202,2759,4,974924816
29662,202,167,4,974918563
29663,202,172,4,974923318
29664,202,173,4,974921398
29665,202,174,4,974923318
29666,202,401,4,975013481
29667,202,181,4,974923620
29668,202,5123,4,975014367
29669,202,2926,2,974925621
29670,202,182,5,975015913
29671,202,402,5,974924703
29672,202,183,4,974923746
29673,202,1652,4,974919258
29674,202,4908,4,974924755
29675,202,185,4,974912414
29676,202,2592,4,974923156
29677,202,186,5,974918588
29678,202,2593,4,974924444
29679,202,188,3,974918744
29680,202,1180,4,974923620
29681,202,408,4,974924297
29682,202,3033,3,974924297
29683,202,2713,3,975015669
29684,202,189,4,974918508
29685,202,190,3,974918472
29686,202,191,5,974918563
29687,202,192,4,974921308
29688,202,1181,4,974918588
29689,202,2190,3,974924763
29690,202,3230,3,974926250
29691,202,193,5,975013040
29692,202,3231,4,974925971
29693,202,5605,4,974924755
29694,202,194,3,974918857
29695,202,1866,4,974918973
29696,202,1867,4,974919079
29697,202,196,3,974918825
29698,202,197,4,974918744
29699,202,198,5,974923488
29700,202,1118,4,974918688
29701,202,2041,4,974912467
29702,202,3232,4,974921336
29703,202,5606,5,974923220
29704,202,1142,4,974923939
29705,202,412,5,974923827
29706,202,203,4,974918508
29707,202,5501,4,974912566
29708,202,1682,3,974923191
29709,202,4155,4,975015323
29710,202,1683,3,974924037
29711,202,2595,5,975014509
29712,202,2192,4,975013445
29713,202,1687,4,974918622
29714,202,2193,4,974912821
29715,202,1120,4,974923955
29716,202,5607,3,975015669
29717,202,204,4,974924834
29718,202,206,4,974925578
29719,202,5608,4,974912892
29720,202,417,4,974924992
29721,202,5609,2,975015080
29722,202,2762,3,975015565
29723,202,2198,4,975012973
29724,202,4683,4,974925578
29725,202,418,4,974923893
29726,202,2202,4,975013335
29727,202,1700,4,974925272
29728,202,2203,4,975012897
29729,202,5610,4,974912284
29730,202,4745,3,974924428
29731,202,420,4,974924147
29732,202,3505,4,974912496
29733,202,2205,4,975014416
29734,202,2494,4,974912467
29735,202,2403,4,974912595
29736,202,4916,4,974919155
29737,202,5611,4,975015323
29738,202,1717,5,974918744
29739,202,1718,3,974923542
29740,202,2931,3,974919079
29741,202,214,1,974924565
29742,202,3236,2,974918921
29743,202,5612,3,974925578
29744,202,215,3,974924072
29745,202,5613,4,974923127
29746,202,217,4,974923239
29747,202,1730,5,974924816
29748,202,424,5,974924297
29749,202,2160,3,974918921
29750,202,1732,4,974923720
29751,202,219,4,974918657
29752,202,5614,4,975014215
29753,202,1737,4,974924722
29754,202,2606,4,974923922
29755,202,426,3,975015565
29756,202,1868,5,974921379
29757,202,1869,4,974918892
29758,202,1870,3,974919214
29759,202,222,3,974918798
29760,202,2161,4,974918530
29761,202,1004,4,974925403
29762,202,1145,4,974924273
29763,202,5615,3,974924312
29764,202,4919,3,975015344
29765,202,1743,4,974925453
29766,202,1748,4,974923239
29767,202,225,3,974918472
29768,202,1750,3,974925133
29769,202,3306,3,975015669
29770,202,5616,4,974924502
29771,202,5617,3,975015944
29772,202,227,4,974921336
29773,202,1759,4,974918892
29774,202,229,5,974918744
29775,202,5618,3,974923361
29776,202,2163,5,974918530
29777,202,1798,3,974918472
29778,202,1873,3,974918892
29779,202,4924,4,974924502
29780,202,232,4,974923564
29781,203,260,3,1390094511
29782,203,8,5,1390094654
29783,203,17,5,1390095442
29784,203,233,4,1390094621
29785,203,19,1,1390094483
29786,203,20,4,1390095355
29787,203,619,2,1390094409
29788,203,1414,3,1390094402
29789,203,660,2,1390094392
29790,203,33,5,1390095352
29791,203,1435,4,1390094419
29792,203,727,5,1390095344
29793,203,1034,3,1390094435
29794,203,998,3,1390094451
29795,203,134,3,1390094519
29796,203,1594,4,1390094359
29797,203,1610,3,1390094473
29798,203,167,2,1390094970
29799,203,190,3,1390094478
29800,203,195,3,1390095338
29801,203,1686,3,1390094457
29802,203,418,3,1390094526
29803,203,220,5,1390094773
29804,203,223,2,1390094505
29805,203,1043,4,1390095330
29806,203,745,4,1390095326
29807,203,752,4,1390095323
29808,203,458,3,1390094907
29809,203,754,5,1390094672
29810,203,1199,5,1390095396
29811,203,765,5,1390094680
29812,203,775,5,1390094680
29813,203,886,4,1390095116
29814,203,780,3,1390094903
29815,203,784,5,1390095408
29816,203,1894,3,1390094899
29817,203,824,3,1390095078
29818,203,903,5,1390095421
29819,203,2336,5,1390095240
29820,203,1054,4,1390095044
29821,203,1055,3,1390094919
29822,203,1061,4,1390094998
29823,203,1941,4,1390095020
29824,203,1070,4,1390094953
29825,203,1343,5,1390095164
29826,204,4,5,1327182956
29827,204,589,4,1327183178
29828,204,17,4,1327183210
29829,204,29,4,1327183492
29830,204,35,4,1327183499
29831,204,687,2,1327170387
29832,204,1028,4,1327183341
29833,204,62,4,1327182406
29834,204,63,4,1327183252
29835,204,64,4,1327183736
29836,204,68,5,1327182389
29837,204,72,4,1327183545
29838,204,73,4,1327183527
29839,204,79,5,1327183322
29840,204,3285,1,1327181793
29841,204,1032,5,1327182865
29842,204,3173,4,1327169872
29843,204,148,5,1327183122
29844,204,167,4,1327183462
29845,204,1643,5,1327185697
29846,204,185,4,1327183447
29847,204,193,5,1327182941
29848,204,3612,5,1327185596
29849,204,1187,4,1327182555
29850,204,278,5,1327183487
29851,204,445,4,1327183205
29852,204,745,4,1327182567
29853,204,1125,5,1327183452
29854,204,752,3,1327182585
29855,204,1126,4,1327182812
29856,204,754,4,1327183628
29857,204,756,4,1327182607
29858,204,5619,5,1327181194
29859,204,1206,4,1327183646
29860,204,3141,4,1327170408
29861,204,1215,4,1327182403
29862,204,235,4,1327183712
29863,204,1218,5,1327184083
29864,204,1130,4,1327183274
29865,204,5620,3,1327171060
29866,204,2266,5,1327182806
29867,204,2792,4,1327182661
29868,204,5621,3,1327181622
29869,204,5622,4,1327181441
29870,204,891,4,1327185466
29871,204,807,4,1327183948
29872,204,1240,4,1327182622
29873,204,810,4,1327183772
29874,204,3585,4,1327184029
29875,204,1251,5,1327182831
29876,204,4859,3,1327183966
29877,204,1133,3,1327183400
29878,204,1052,5,1327183651
29879,204,823,3,1327170581
29880,204,2326,4,1327183589
29881,204,1270,3,1327182506
29882,204,5623,4,1327183864
29883,204,2059,4,1327183636
29884,204,5624,3,1327181380
29885,204,239,4,1327183229
29886,204,2351,5,1327183056
29887,204,5625,4,1327181689
29888,204,3444,4,1327182488
29889,204,914,3,1327170534
29890,204,5626,3,1327182496
29891,204,241,5,1327182882
29892,204,916,4,1327182451
29893,204,1061,4,1327183807
29894,204,1063,4,1327182516
29895,204,1312,4,1327183079
29896,204,5627,3,1327170984
29897,204,2814,0,1327181164
29898,204,1153,4,1327183849
29899,204,5628,3,1327182700
29900,204,1933,4,1327183682
29901,204,5629,0,1327182716
29902,204,1323,2,1327183469
29903,204,4342,0,1327184216
29904,204,941,2,1327181278
29905,204,1330,4,1327183068
29906,204,2821,3,1327181745
29907,204,944,1,1327184246
29908,204,251,5,1327185850
29909,205,16,4,1519900208
29910,205,21,4,1519900230
29911,205,336,2,1519900636
29912,205,863,3,1519900755
29913,205,1775,2,1523528499
29914,205,79,3,1523528510
29915,205,199,4,1519899159
29916,205,458,4,1519900808
29917,205,764,3,1519900818
29918,205,235,4,1519900732
29919,205,775,4,1519900412
29920,205,780,4,1519900910
29921,205,1894,3,1519900897
29922,205,2519,3,1519900824
29923,205,241,4,1519900524
29924,205,918,4,1519900892
29925,205,5630,5,1520118639
29926,205,1313,4,1519900265
29927,205,1934,4,1519900899
29928,205,935,4,1519901442
29929,205,1939,4,1519900902
29930,205,1334,4,1520075633
29931,205,947,4,1519901669
29932,205,951,3,1519900258
29933,205,252,4,1519902005
29934,205,2835,3,1519901449
29935,205,5631,4,1519901378
29936,206,1,5,850763267
29937,206,485,4,850763310
29938,206,3679,4,850763367
29939,206,492,5,850763267
29940,206,496,5,850763267
29941,206,293,3,850763267
29942,206,462,5,850763310
29943,206,296,5,850763367
29944,206,505,4,850763267
29945,206,516,3,850763267
29946,206,524,4,850763402
29947,206,525,4,850763267
29948,206,37,5,850763310
29949,206,38,3,850763267
29950,206,39,5,850763402
29951,206,688,3,850763471
29952,206,41,3,850763310
29953,206,42,3,850763267
29954,206,43,3,850763267
29955,206,693,4,850763367
29956,206,2427,4,850763367
29957,206,328,5,850763507
29958,206,702,5,850763507
29959,206,61,3,850763367
29960,206,1166,4,850763471
29961,207,517,3,1258548270
29962,207,677,1,1258548061
29963,207,1428,1,1258548070
29964,207,359,3,1258548236
29965,207,4057,4,1258547984
29966,207,1030,4,1258547990
29967,207,1491,1,1258548190
29968,207,2183,4,1258547871
29969,207,143,3,1258547921
29970,207,148,3,1258548561
29971,207,3642,0,1258548206
29972,207,1615,3,1258548153
29973,207,1116,3,1258548002
29974,207,185,5,1258548555
29975,207,192,4,1258548026
29976,207,1669,0,1258547883
29977,207,196,4,1258548252
29978,207,1143,3,1258548121
29979,207,1699,0,1258548257
29980,207,227,3,1258548262
29981,208,487,2,940639452
29982,208,8,4,940639310
29983,208,3001,2,940639375
29984,208,473,2,940639513
29985,208,26,3,940639309
29986,208,479,4,940639452
29987,208,41,3,940639513
29988,208,74,4,940639513
29989,208,3014,4,940639310
29990,208,728,3,940639452
29991,208,837,4,940639513
29992,208,122,5,940639310
29993,208,127,4,940639513
29994,208,1037,2,940639375
29995,208,150,4,940639375
29996,208,157,3,940639513
29997,208,167,5,940638581
29998,208,1002,4,940639121
29999,208,1632,2,940638718
30000,208,171,3,940638611
30001,208,172,4,940638611
30002,208,1641,2,940639375
30003,208,402,4,940638152
30004,208,1658,2,940638454
30005,208,3298,3,940638487
30006,208,188,4,940639452
30007,209,233,5,1524522161
30008,209,21,4,1524522179
30009,209,35,4,1524522197
30010,209,71,5,1524607502
30011,209,90,5,1524607726
30012,209,234,4,1524522185
30013,209,988,3,1524607412
30014,209,122,4,1524522191
30015,209,167,5,1524522373
30016,209,172,2,1524607394
30017,209,402,4,1524607356
30018,209,185,4,1524607362
30019,209,193,4,1524607417
30020,209,220,4,1524607358
30021,209,1022,5,1524607711
30022,209,754,5,1524522273
30023,209,765,5,1524522312
30024,209,775,5,1524522296
30025,209,2326,4,1524607709
30026,209,1279,4,1524606499
30027,209,1286,5,1524522466
30028,209,1058,4,1524607507
30029,209,241,5,1524522332
30030,209,916,4,1524607294
30031,209,242,2,1524607723
30032,209,243,4,1524607340
30033,209,245,5,1524606448
30034,209,2816,4,1524522405
30035,209,1939,4,1524607736
30036,209,945,4,1524607518
30037,209,951,4,1524607527
30038,209,1081,3,1524607732
30039,209,5632,3,1524522239
30040,209,1396,4,1524522248
30041,209,5633,1,1524522232
30042,210,465,3,1527266231
30043,210,16,5,1473705468
30044,210,17,0,1473705619
30045,210,635,1,1537087956
30046,210,648,3,1475508204
30047,210,479,4,1473882015
30048,210,69,5,1473705473
30049,210,71,3,1473881958
30050,210,74,5,1473705479
30051,210,86,4,1527266224
30052,210,1166,4,1527266226
30053,210,1031,5,1527266113
30054,210,727,4,1536862713
30055,210,836,4,1473882005
30056,210,134,2,1473882045
30057,210,167,5,1473881704
30058,210,172,5,1473705519
30059,210,181,4,1527266243
30060,210,204,4,1527266292
30061,210,1813,4,1527266246
30062,210,745,4,1473881922
30063,210,747,4,1530467916
30064,210,5634,2,1473881746
30065,210,458,4,1527266266
30066,210,754,4,1527266259
30067,210,755,4,1533997924
30068,210,757,4,1517173212
30069,210,758,5,1473705524
30070,210,764,4,1527266264
30071,210,1205,4,1527266229
30072,210,765,4,1527266258
30073,210,769,4,1527266099
30074,210,771,4,1527266242
30075,210,3070,4,1527266071
30076,210,773,4,1527266309
30077,210,775,4,1527266255
30078,210,3345,4,1527266076
30079,210,2254,4,1527266182
30080,210,5635,4,1527266181
30081,210,5636,4,1527266180
30082,210,5637,4,1527266184
30083,210,783,4,1527266085
30084,210,790,1,1475611030
30085,210,2126,3,1480802203
30086,210,809,5,1473705521
30087,210,1240,4,1473881816
30088,210,5638,3,1513943473
30089,210,1242,4,1473881790
30090,210,5639,4,1527266191
30091,210,2128,4,1480622934
30092,210,1052,4,1528550859
30093,210,825,4,1527266200
30094,210,1053,4,1475349175
30095,210,5640,4,1527266189
30096,210,2979,4,1517173205
30097,210,2060,3,1527867678
30098,210,1054,2,1475409531
30099,210,5641,4,1517086960
30100,210,239,4,1473881888
30101,210,1055,4,1517173203
30102,210,1056,5,1473882095
30103,210,5642,4,1480713045
30104,210,5643,4,1480713081
30105,210,3445,4,1527266297
30106,210,5644,2,1517086984
30107,210,1152,4,1527266270
30108,210,918,4,1527791871
30109,210,1061,4,1527266147
30110,210,1062,3,1527859832
30111,210,4173,2,1528624375
30112,210,927,5,1517173098
30113,210,1926,5,1473705582
30114,210,1313,4,1527266095
30115,210,5645,3,1533667604
30116,210,1134,4,1527266238
30117,210,932,4,1533667246
30118,210,4174,4,1528619175
30119,210,1932,4,1473882072
30120,210,3481,4,1527266069
30121,210,1328,4,1527266108
30122,210,1939,4,1527791864
30123,210,1067,4,1527266105
30124,210,5279,4,1527266274
30125,210,3097,4,1517149708
30126,210,4704,4,1527266298
30127,210,947,3,1517173079
30128,210,1070,3,1533667381
30129,210,1341,4,1527266196
30130,210,5013,4,1527266161
30131,210,5646,4,1527266204
30132,210,4791,3,1537087984
30133,210,1346,4,1527266096
30134,210,955,4,1533667259
30135,210,5647,4,1527266123
30136,210,1980,4,1527790408
30137,210,1981,3,1527266215
30138,210,1357,4,1527266101
30139,210,1076,4,1527266269
30140,210,1994,5,1473881441
30141,210,1078,5,1475349185
30142,210,3534,4,1473966140
30143,210,1362,5,1533754547
30144,210,5648,4,1527266139
30145,210,5649,4,1527266159
30146,210,5650,3,1533667562
30147,210,1081,5,1473705500
30148,210,1367,4,1517173101
30149,210,1082,3,1527266145
30150,210,5450,4,1537632293
30151,210,2136,4,1537632280
30152,210,1368,5,1513943744
30153,210,1084,4,1527266073
30154,210,1370,4,1527766806
30155,210,5651,1,1522173402
30156,210,5652,4,1527266156
30157,210,5653,4,1537632310
30158,210,1085,4,1473881905
30159,210,2848,4,1517086938
30160,210,2019,4,1533667275
30161,210,5654,4,1527266211
30162,210,5655,5,1513943333
30163,210,5656,4,1527266209
30164,210,5657,4,1527266137
30165,210,5658,4,1527266135
30166,210,5659,4,1527266129
30167,210,5660,4,1527266120
30168,210,5661,4,1527266128
30169,210,5662,4,1475611348
30170,210,5663,4,1527266133
30171,210,5664,4,1530467762
30172,210,5665,4,1537632336
30173,210,1092,4,1527266080
30174,210,4027,5,1537632257
30175,210,5666,4,1537632338
30176,210,3131,4,1527266081
30177,210,5667,4,1537649775
30178,210,5668,2,1517429989
30179,210,5669,1,1528486011
30180,211,5,4,1350912267
30181,211,16,4,1350913284
30182,211,17,4,1350913106
30183,211,233,5,1350913048
30184,211,21,4,1350912824
30185,211,1028,4,1350912929
30186,211,53,4,1350912068
30187,211,1135,4,1350913113
30188,211,2998,4,1350912043
30189,211,68,4,1350913300
30190,211,69,4,1350913287
30191,211,71,4,1350913324
30192,211,74,4,1350913053
30193,211,1137,3,1350912932
30194,211,79,4,1350913038
30195,211,1105,3,1350911995
30196,211,726,4,1350912971
30197,211,1491,2,1350912072
30198,211,234,5,1350913088
30199,211,2463,4,1350912046
30200,211,1524,3,1350911987
30201,211,2567,3,1350912082
30202,211,122,4,1350913025
30203,211,1780,3,1350912861
30204,211,134,3,1350912431
30205,211,166,4,1350913043
30206,211,167,5,1350913139
30207,211,1636,3,1350912090
30208,211,185,4,1350913010
30209,211,190,3,1350912524
30210,211,191,3,1350912517
30211,211,192,3,1350912534
30212,211,193,5,1350913294
30213,211,200,4,1350912147
30214,211,1699,3,1350912110
30215,211,423,4,1350912832
30216,211,220,5,1350913253
30217,211,1870,4,1350912124
30218,211,739,3,1350912121
30219,211,1800,3,1350912064
30220,211,1022,4,1350912886
30221,211,445,4,1350912257
30222,211,1191,4,1350912920
30223,211,1816,2,1350912018
30224,211,1198,2,1350912032
30225,211,1199,4,1350912589
30226,211,759,3,1350912391
30227,211,773,1,1350912417
30228,211,775,4,1350912976
30229,211,784,4,1350912571
30230,211,807,4,1350912916
30231,211,2286,5,1350913115
30232,211,810,4,1350912227
30233,211,1244,3,1350912777
30234,211,1254,3,1350912949
30235,211,2317,4,1350912762
30236,211,1051,3,1350912813
30237,211,1052,4,1350912288
30238,211,824,4,1350912470
30239,211,2320,4,1350913059
30240,211,903,4,1350912565
30241,211,1275,4,1350912900
30242,211,904,3,1350912710
30243,211,1279,4,1350912755
30244,211,239,4,1350912233
30245,211,1055,4,1350912198
30246,211,1286,5,1350912870
30247,211,912,4,1350912462
30248,211,1152,4,1350913132
30249,211,1297,4,1350912757
30250,211,2991,4,1350912713
30251,211,1061,2,1350913292
30252,211,242,4,1350912778
30253,211,928,4,1350912740
30254,211,243,2,1350912281
30255,211,1313,3,1350912747
30256,211,1134,4,1350913084
30257,211,245,4,1350912248
30258,211,1318,4,1350912699
30259,211,3091,2,1350912425
30260,211,1066,2,1350912381
30261,211,1328,4,1350912986
30262,211,1067,5,1350912191
30263,211,3096,3,1350912896
30264,211,3630,4,1350912405
30265,211,1068,4,1350913120
30266,211,250,5,1350912239
30267,211,1334,4,1350912696
30268,211,949,4,1350912676
30269,212,16,2,1505400094
30270,212,589,3,1490114772
30271,212,17,3,1490114859
30272,212,233,4,1490114697
30273,212,21,3,1490114873
30274,212,472,3,1523216970
30275,212,27,3,1490114887
30276,212,1095,3,1490202817
30277,212,479,4,1523216806
30278,212,35,3,1490114708
30279,212,37,3,1490114821
30280,212,723,3,1523216878
30281,212,1160,3,1498429638
30282,212,43,2,1490114897
30283,212,724,4,1523217002
30284,212,1162,3,1500932314
30285,212,62,4,1527796028
30286,212,68,4,1490115611
30287,212,69,3,1523216797
30288,212,71,4,1523216792
30289,212,1029,3,1523216803
30290,212,72,4,1490114860
30291,212,1104,3,1490115049
30292,212,74,3,1523216796
30293,212,78,4,1523216940
30294,212,82,4,1523216809
30295,212,84,4,1490115560
30296,212,85,2,1490121496
30297,212,90,4,1523216793
30298,212,1030,1,1490115278
30299,212,2147,3,1523216840
30300,212,234,2,1490114719
30301,212,109,3,1490121293
30302,212,116,3,1523216853
30303,212,382,3,1490115134
30304,212,119,4,1523216935
30305,212,122,2,1490114713
30306,212,125,3,1532362079
30307,212,128,4,1523217061
30308,212,147,3,1523216978
30309,212,167,3,1490114722
30310,212,181,3,1523216847
30311,212,405,4,1523216913
30312,212,185,3,1490114770
30313,212,1180,2,1490121478
30314,212,193,4,1490114785
30315,212,1118,4,1490115764
30316,212,209,4,1523217114
30317,212,220,3,1490121411
30318,212,1872,4,1527795827
30319,212,739,4,1532362108
30320,212,278,3,1490115067
30321,212,431,3,1490115182
30322,212,1022,4,1490114818
30323,212,1803,4,1528479516
30324,212,437,3,1523216490
30325,212,745,4,1523216459
30326,212,458,3,1523216502
30327,212,1832,4,1512503977
30328,212,754,3,1490121276
30329,212,756,3,1523216567
30330,212,763,4,1490115592
30331,212,3186,4,1490115775
30332,212,2772,3,1527796015
30333,212,765,3,1490121325
30334,212,1045,4,1490115749
30335,212,1128,4,1490203098
30336,212,1209,4,1523216579
30337,212,876,3,1523216478
30338,212,771,3,1523216961
30339,212,3071,3,1498429718
30340,212,772,3,1490121415
30341,212,235,3,1490115084
30342,212,775,3,1523216461
30343,212,1226,3,1490115128
30344,212,3146,4,1523216642
30345,212,1227,3,1523216675
30346,212,784,3,1523216869
30347,212,3351,3,1490121457
30348,212,2266,4,1490115069
30349,212,793,2,1523216657
30350,212,795,3,1523216920
30351,212,796,3,1528479611
30352,212,798,3,1523216670
30353,212,4302,4,1490115695
30354,212,1132,4,1523216618
30355,212,2050,4,1490115721
30356,212,801,3,1490114936
30357,212,1150,4,1490115674
30358,212,807,4,1490203144
30359,212,1239,4,1490203104
30360,212,810,4,1523216467
30361,212,1251,4,1490114775
30362,212,1897,3,1505400123
30363,212,1256,4,1490115470
30364,212,899,4,1490115486
30365,212,2316,2,1490114917
30366,212,1133,4,1490114914
30367,212,1053,3,1490203213
30368,212,2326,4,1490115668
30369,212,1262,4,1490115593
30370,212,900,3,1490115116
30371,212,2328,4,1523217067
30372,212,1905,3,1505400130
30373,212,1264,3,1523216631
30374,212,2057,4,1527795970
30375,212,1270,4,1505400126
30376,212,903,3,1490121239
30377,212,2058,3,1490115564
30378,212,2987,4,1523217362
30379,212,1272,3,1490115655
30380,212,904,3,1490115398
30381,212,4319,3,1490121167
30382,212,1279,3,1490121138
30383,212,1281,4,1528479502
30384,212,239,3,1490115412
30385,212,1055,3,1523216487
30386,212,1912,3,1523216976
30387,212,1283,4,1523216638
30388,212,1056,4,1498429644
30389,212,2130,2,1490121310
30390,212,5027,3,1490115201
30391,212,1058,4,1490115415
30392,212,5265,3,1490115730
30393,212,1293,4,1532362048
30394,212,241,4,1490115404
30395,212,1059,3,1490121130
30396,212,916,3,1490115514
30397,212,1297,3,1490121297
30398,212,918,3,1490121329
30399,212,242,4,1490115086
30400,212,3520,4,1490115587
30401,212,1922,4,1490115555
30402,212,927,3,1490114868
30403,212,928,3,1490203284
30404,212,3726,3,1498429805
30405,212,1926,2,1523216857
30406,212,1312,3,1490114728
30407,212,1313,3,1523217071
30408,212,3157,4,1503761720
30409,212,932,4,1523216677
30410,212,245,3,1490115076
30411,212,1318,4,1490115491
30412,212,1153,4,1490115505
30413,212,3090,4,1490203117
30414,212,1933,4,1490114909
30415,212,1934,4,1490203271
30416,212,5275,4,1490115724
30417,212,3479,3,1490115183
30418,212,1066,2,1490121419
30419,212,1324,3,1490115199
30420,212,5040,3,1523217110
30421,212,5670,4,1498429783
30422,212,5671,4,1490139271
30423,212,1939,3,1490114731
30424,212,1067,4,1527794941
30425,212,3630,2,1490114940
30426,212,1068,2,1527794948
30427,212,250,3,1490114815
30428,212,251,4,1490115401
30429,212,5672,4,1490203266
30430,212,1945,4,1490121321
30431,212,2994,4,1490115518
30432,212,3491,4,1490115480
30433,212,951,4,1523216972
30434,212,1953,3,1490203126
30435,212,2412,4,1490115530
30436,212,2830,4,1498429883
30437,212,953,4,1490115489
30438,212,5013,4,1528479595
30439,212,1343,3,1523216649
30440,212,252,4,1490114778
30441,212,3100,2,1490121436
30442,212,1348,4,1490203340
30443,212,1958,4,1490121351
30444,212,1349,2,1490115125
30445,212,3102,3,1490115545
30446,212,1961,2,1490203305
30447,212,1962,2,1490115240
30448,212,1967,3,1490121382
30449,212,1352,4,1490114933
30450,212,3104,4,1523217125
30451,212,5673,3,1490121227
30452,212,5674,3,1490115804
30453,212,1981,3,1490121242
30454,212,962,4,1490115452
30455,212,254,4,1490115537
30456,212,1075,3,1523216946
30457,212,1076,3,1490121271
30458,212,1993,3,1490121360
30459,212,1358,3,1490115406
30460,212,255,4,1490115073
30461,212,1078,4,1490115566
30462,212,5675,3,1490115279
30463,212,1995,2,1490114948
30464,212,1079,4,1490121252
30465,212,1998,4,1490203244
30466,212,1362,3,1490114782
30467,212,967,4,1490121268
30468,212,258,3,1490114906
30469,212,1081,3,1490121260
30470,212,1366,4,1523217028
30471,212,2009,3,1528479617
30472,212,1082,3,1490115094
30473,212,5450,3,1527795017
30474,212,2136,4,1527795013
30475,212,1368,4,1523216822
30476,212,1369,3,1523216927
30477,212,1083,4,1523216918
30478,212,1370,4,1523216862
30479,212,3537,3,1490115213
30480,212,2542,3,1523217341
30481,212,1085,4,1490115570
30482,212,2848,4,1527796007
30483,212,2018,2,1490121492
30484,212,2021,3,1490203078
30485,212,2744,3,1490203232
30486,212,3118,4,1523217342
30487,212,2746,3,1490121301
30488,212,1380,3,1490115149
30489,212,1088,3,1490114942
30490,212,1089,3,1490114901
30491,212,4820,4,1490114735
30492,212,4823,4,1490115642
30493,212,4002,3,1527796047
30494,212,4825,2,1490115228
30495,212,5676,3,1490115667
30496,212,4831,4,1490115515
30497,212,2748,4,1512504071
30498,212,4625,4,1523217279
30499,212,1092,4,1523216799
30500,212,3122,2,1527794903
30501,212,1393,4,1523217270
30502,212,2871,3,1528479504
30503,212,5677,4,1527795993
30504,212,5678,4,1528479350
30505,212,3124,4,1523217247
30506,212,5679,4,1527794983
30507,212,5680,3,1523216444
30508,212,3128,4,1525808735
30509,212,1395,3,1527796034
30510,212,1396,5,1527794935
30511,212,3130,4,1527794999
30512,212,5667,4,1527794972
30513,212,5476,4,1532361970
30514,212,5681,4,1528479490
30515,212,5682,5,1532361617
30516,212,5683,4,1532362151
30517,213,1,3,1316196157
30518,213,4861,2,1316195191
30519,213,479,5,1316195637
30520,213,1028,4,1316197388
30521,213,334,4,1316197344
30522,213,336,3,1316197229
30523,213,1135,4,1316196016
30524,213,71,4,1316196847
30525,213,352,4,1316195547
30526,213,76,4,1316196944
30527,213,1139,4,1316197302
30528,213,82,4,1316195644
30529,213,90,4,1316196838
30530,213,1468,3,1316195537
30531,213,978,4,1316196025
30532,213,729,4,1316197146
30533,213,988,4,1316195659
30534,213,114,4,1316194730
30535,213,116,4,1316197164
30536,213,135,3,1316196842
30537,213,5116,3,1316195159
30538,213,1580,3,1316196077
30539,213,1863,4,1316194645
30540,213,1173,3,1316197173
30541,213,1174,4,1316197180
30542,213,183,4,1316197284
30543,213,1660,3,1316195210
30544,213,1671,4,1316196067
30545,213,736,3,1316197248
30546,213,2511,4,1316194631
30547,213,1012,4,1316196111
30548,213,1719,4,1316194549
30549,213,423,4,1316197019
30550,213,4925,3,1316195124
30551,213,2621,4,1316195240
30552,213,745,4,1316196194
30553,213,4939,3,1316195255
30554,213,845,3,1316195073
30555,213,754,4,1316196313
30556,213,1881,4,1316195876
30557,213,1199,4,1316196991
30558,213,1846,3,1316195175
30559,213,4111,4,1316195306
30560,213,849,4,1316195595
30561,213,765,4,1316196318
30562,213,3069,4,1316196114
30563,213,2235,3,1316195640
30564,213,771,4,1316197095
30565,213,1218,5,1316197292
30566,213,775,4,1316196316
30567,213,779,5,1316196196
30568,213,3352,4,1316195881
30569,213,793,3,1316196088
30570,213,3600,2,1316196091
30571,213,5684,3,1316196117
30572,213,2311,4,1316197069
30573,213,1050,3,1316196769
30574,213,2978,2,1316196093
30575,213,2320,4,1316197058
30576,213,900,3,1316196753
30577,213,2328,3,1316195289
30578,213,3153,3,1316196274
30579,213,1906,3,1316196209
30580,213,2335,3,1316195564
30581,213,1268,4,1316196047
30582,213,1269,3,1316196608
30583,213,3418,3,1316195912
30584,213,5685,3,1316195608
30585,213,3594,3,1316196741
30586,213,239,4,1316195746
30587,213,1282,3,1316196834
30588,213,914,4,1316197131
30589,213,1920,3,1316196612
30590,213,1060,4,1316195524
30591,213,918,2,1316195111
30592,213,1061,4,1316196970
30593,213,1922,4,1316195969
30594,213,1312,4,1316195703
30595,213,1134,4,1316196160
30596,213,1315,3,1316196587
30597,213,3623,3,1316195873
30598,213,5686,4,1316195356
30599,213,1938,4,1316196614
30600,213,5687,4,1316195996
30601,214,1,3,853937855
30602,214,492,3,853937855
30603,214,496,2,853937855
30604,214,505,3,853937855
30605,214,507,3,853938014
30606,214,5688,3,853938185
30607,214,519,3,853937922
30608,214,525,2,853937855
30609,214,675,3,853937959
30610,214,38,3,853937855
30611,214,39,3,853937959
30612,214,688,3,853937989
30613,214,42,2,853937855
30614,214,1428,3,853937989
30615,214,43,3,853937854
30616,214,1431,2,853937922
30617,214,697,3,853937989
30618,214,1162,4,853938103
30619,214,61,3,853937922
30620,214,1166,3,853937959
30621,214,2419,3,853938223
30622,214,1477,3,853938206
30623,215,5,5,1260908668
30624,215,2545,4,1260905612
30625,215,538,3,1260905475
30626,215,13,3,1260909311
30627,215,16,4,1260908665
30628,215,17,3,1260909003
30629,215,233,5,1260908625
30630,215,21,3,1260908599
30631,215,29,4,1260909026
30632,215,35,3,1260908703
30633,215,37,3,1260908847
30634,215,1160,3,1260909090
30635,215,336,4,1260908781
30636,215,720,3,1260909279
30637,215,63,3,1260909012
30638,215,3698,1,1260905580
30639,215,3699,3,1260908900
30640,215,3499,5,1260908795
30641,215,69,4,1260908666
30642,215,70,4,1260908604
30643,215,71,4,1260908653
30644,215,1029,2,1260908710
30645,215,352,4,1260908727
30646,215,72,4,1260908807
30647,215,73,5,1260908749
30648,215,354,5,1260908741
30649,215,2079,4,1260908771
30650,215,726,4,1260909222
30651,215,865,4,1260908863
30652,215,1454,4,1260905569
30653,215,356,4,1260909394
30654,215,3013,5,1260909160
30655,215,2177,3,1260905464
30656,215,90,3,1260908593
30657,215,1457,5,1260908572
30658,215,1030,0,1260905513
30659,215,1484,3,1260905480
30660,215,98,3,1260909344
30661,215,2563,2,1260905482
30662,215,104,4,1260908909
30663,215,1009,3,1260909307
30664,215,234,4,1260908586
30665,215,110,4,1260909292
30666,215,382,5,1260908569
30667,215,118,3,1260909363
30668,215,119,4,1260909151
30669,215,122,3,1260908651
30670,215,135,4,1260909348
30671,215,1572,4,1260908567
30672,215,386,4,1260905520
30673,215,1584,4,1260905468
30674,215,392,5,1260908640
30675,215,161,2,1260905543
30676,215,166,4,1260908643
30677,215,2094,5,1260905552
30678,215,179,4,1260908700
30679,215,402,4,1260908613
30680,215,185,4,1260908670
30681,215,1667,3,1260905486
30682,215,1180,4,1260909185
30683,215,193,4,1260908635
30684,215,201,4,1260909226
30685,215,204,4,1260909340
30686,215,277,4,1260909327
30687,215,2200,4,1260909388
30688,215,215,4,1260909336
30689,215,1804,4,1260905562
30690,215,445,4,1260908721
30691,215,1877,2,1260909316
30692,215,3249,4,1260909247
30693,215,2647,3,1260909264
30694,215,1125,4,1260908675
30695,215,753,4,1260909378
30696,215,1126,4,1260908712
30697,215,754,4,1260908683
30698,215,4114,2,1260909399
30699,215,1127,5,1260908698
30700,215,765,4,1260908646
30701,215,874,5,1260909446
30702,215,1210,3,1260909351
30703,215,771,4,1260909382
30704,215,878,4,1260909261
30705,215,775,4,1260908696
30706,215,1130,3,1260908837
30707,215,3271,2,1260909275
30708,215,1228,4,1260909332
30709,215,891,4,1260908681
30710,215,824,4,1260905488
30711,215,2340,3,1260909242
30712,215,5689,3,1260909197
30713,215,3592,5,1260908824
30714,215,2059,4,1260908966
30715,215,906,4,1260909147
30716,215,2063,5,1260908929
30717,215,1916,4,1260908627
30718,215,2726,3,1260908943
30719,215,1152,4,1260908615
30720,215,924,2,1260908530
30721,216,1,3,975211713
30722,216,292,3,975212544
30723,216,461,5,975212451
30724,216,463,3,975212451
30725,216,1401,2,975211866
30726,216,519,2,975212514
30727,216,298,5,975212597
30728,216,472,3,975211782
30729,216,25,3,975212308
30730,216,2426,3,975212641
30731,216,654,4,975212597
30732,216,2509,3,975212804
30733,216,1420,3,975212699
30734,216,323,4,975211749
30735,216,480,4,975211749
30736,216,324,5,975211713
30737,216,674,4,975211831
30738,216,38,2,975211454
30739,216,1424,2,975212699
30740,216,3004,2,975211620
30741,216,330,5,975212362
30742,216,3729,4,975211972
30743,216,2754,4,975212422
30744,216,335,4,975212038
30745,216,1098,4,975211546
30746,216,2997,4,975212110
30747,216,1442,4,975212308
30748,216,831,5,975211546
30749,216,5690,4,975212335
30750,216,3053,5,974733351
30751,216,338,5,975211596
30752,216,1444,5,975212514
30753,216,3732,3,975212151
30754,216,3009,5,975212004
30755,216,3010,4,975212199
30756,216,863,4,975212727
30757,216,57,4,975211831
30758,216,342,3,975212395
30759,216,343,5,975212308
30760,216,62,3,975212199
30761,216,1450,4,975212727
30762,216,2998,3,975212477
30763,216,68,5,975212004
30764,216,2175,4,975212641
30765,216,3499,4,975212699
30766,216,348,4,975211596
30767,216,70,3,975212110
30768,216,71,5,974733351
30769,216,78,3,975212804
30770,216,1106,5,975212004
30771,216,1453,5,975212038
30772,216,2901,4,975212038
30773,216,1107,4,975211546
30774,216,83,3,975212038
30775,216,85,4,975212362
30776,216,1110,5,975211546
30777,216,1455,4,975212395
30778,216,2756,3,975212571
30779,216,88,4,975212220
30780,216,89,4,975211713
30781,216,360,5,975212079
30782,216,3283,3,975212335
30783,216,361,5,975212079
30784,216,866,3,975212335
30785,216,1475,4,975212079
30786,216,104,5,974733402
30787,216,366,5,975212571
30788,216,379,4,975212308
30789,216,5055,4,975212259
30790,216,3138,3,975212662
30791,216,381,2,975212804
30792,216,382,2,975212641
30793,216,121,4,975211713
30794,216,2678,5,975212544
30795,216,1035,4,975211782
30796,216,1780,4,975211831
30797,216,385,2,975212804
30798,216,139,2,975211831
30799,216,1572,3,975212451
30800,216,387,3,975212597
30801,216,142,2,975212597
30802,216,388,4,975211546
30803,216,5498,4,974733351
30804,216,5057,5,975212699
30805,216,1581,4,975212514
30806,216,1584,3,975212544
30807,216,3027,4,975212199
30808,216,838,5,975212079
30809,216,1597,2,975212750
30810,216,5060,2,975212641
30811,216,5061,3,975212362
30812,216,154,5,975212451
30813,216,399,4,975212308
30814,216,180,4,975211680
30815,216,181,3,975212727
30816,216,5064,3,975212699
30817,216,182,2,975211714
30818,216,1650,3,975212110
30819,216,405,5,975212259
30820,216,1659,4,975211749
30821,216,185,5,975212220
30822,216,5066,5,975212110
30823,216,1667,5,975212514
30824,216,1180,2,975212395
30825,216,4890,5,975212199
30826,216,409,3,975212544
30827,216,1668,3,975212151
30828,216,5067,4,975212451
30829,216,410,4,975212079
30830,216,195,3,975211596
30831,216,198,3,975212079
30832,216,1676,3,975212199
30833,216,3736,4,975212477
30834,216,4845,3,975212038
30835,216,1683,4,975212514
30836,216,1687,3,975212422
30837,216,415,3,975211383
30838,216,841,3,975211454
30839,216,5076,4,975212727
30840,216,277,4,975212362
30841,216,209,3,975212422
30842,216,2603,4,974733402
30843,216,1011,4,975211428
30844,216,2494,4,975212038
30845,216,2403,4,975212308
30846,216,1718,5,975212199
30847,216,5691,4,975212395
30848,216,1144,5,975211546
30849,216,423,5,975211346
30850,216,3066,5,975212335
30851,216,3041,5,975212727
30852,216,5321,2,975212827
30853,216,2206,5,975212259
30854,216,1042,3,975211383
30855,216,220,4,975211383
30856,216,1014,4,975211383
30857,216,223,3,975212362
30858,216,1743,5,975212641
30859,216,1795,4,975211410
30860,216,229,4,975211383
30861,216,2934,3,975212259
30862,216,1019,2,974733631
30863,216,1872,2,975212571
30864,216,1020,4,974733556
30865,216,429,5,974733513
30866,216,5330,3,975598903
30867,216,2613,2,974733654
30868,216,5692,4,975598825
30869,216,1798,5,974733513
30870,216,741,4,974733513
30871,216,3309,2,974733592
30872,216,1799,2,975598783
30873,216,5334,1,982169946
30874,216,742,5,975598752
30875,216,432,4,982169907
30876,216,433,3,975212110
30877,216,1874,2,975598722
30878,216,1190,2,975598722
30879,216,2615,3,975598722
30880,216,435,3,982169965
30881,216,3176,3,982169946
30882,216,1805,2,982169965
30883,216,440,5,982169907
30884,216,2043,3,982169980
30885,217,1,4,955942540
30886,217,482,2,955942327
30887,217,2,1,955944713
30888,217,3,2,955935939
30889,217,5018,3,955941157
30890,217,487,4,955940584
30891,217,1400,3,955945336
30892,217,493,1,955945611
30893,217,3605,2,955941424
30894,217,494,3,955943052
30895,217,461,4,955943345
30896,217,1860,2,955945548
30897,217,972,2,955941505
30898,217,294,2,955943999
30899,217,4,2,955942953
30900,217,5,3,955942801
30901,217,503,2,955942221
30902,217,506,1,955945452
30903,217,511,3,955945423
30904,217,513,4,955940533
30905,217,516,3,955941157
30906,217,8,2,955935806
30907,217,2544,2,955944832
30908,217,525,3,955944022
30909,217,465,2,955941233
30910,217,10,2,955944976
30911,217,528,2,955942221
30912,217,530,3,955941308
30913,217,3607,3,955943002
30914,217,532,3,956194984
30915,217,534,3,955943105
30916,217,1027,3,955941460
30917,217,1405,2,955942392
30918,217,535,2,955945503
30919,217,3001,2,955940859
30920,217,547,3,955941551
30921,217,548,3,955943259
30922,217,550,3,955941385
30923,217,12,1,955944662
30924,217,555,3,955944682
30925,217,13,4,955943943
30926,217,560,2,955945046
30927,217,566,3,955945151
30928,217,16,5,955941874
30929,217,575,1,955945503
30930,217,5693,2,955944634
30931,217,588,3,955936099
30932,217,17,2,955942837
30933,217,591,2,955940894
30934,217,597,2,956195369
30935,217,18,3,955940625
30936,217,598,2,955944192
30937,217,600,4,955940894
30938,217,471,3,955944531
30939,217,20,4,955935983
30940,217,313,2,955944634
30941,217,21,2,955943574
30942,217,314,3,955943627
30943,217,616,3,955941623
30944,217,23,3,955942978
30945,217,315,3,955940827
30946,217,620,4,955944348
30947,217,621,3,955945401
30948,217,1411,3,955941157
30949,217,473,2,955936050
30950,217,2893,1,955941016
30951,217,4861,1,955941778
30952,217,474,3,955935527
30953,217,1413,3,955944449
30954,217,631,2,955945452
30955,217,2141,3,955942112
30956,217,24,3,955941055
30957,217,5694,1,955945480
30958,217,633,3,955945177
30959,217,2551,3,955945046
30960,217,634,3,955942112
30961,217,635,3,955944863
30962,217,636,2,955945401
30963,217,5695,3,955945239
30964,217,1157,3,955940927
30965,217,5696,2,955945239
30966,217,26,4,955935806
30967,217,2553,2,956195369
30968,217,4054,3,955941587
30969,217,644,2,955944164
30970,217,2426,2,955943727
30971,217,646,3,955944976
30972,217,3002,2,955944863
30973,217,475,4,956194811
30974,217,2894,3,955941308
30975,217,27,4,955941990
30976,217,648,3,955941344
30977,217,4695,1,955944486
30978,217,653,4,955940700
30979,217,28,3,955944348
30980,217,5697,3,955941505
30981,217,2170,3,956195043
30982,217,1419,3,955943877
30983,217,659,2,955944449
30984,217,5698,4,956195125
30985,217,3003,3,955945007
30986,217,660,2,955945116
30987,217,4055,2,955941424
30988,217,2487,3,955941055
30989,217,667,3,955941703
30990,217,668,3,955941233
30991,217,1420,3,955934988
30992,217,1158,3,955943002
30993,217,1421,3,955941666
30994,217,5699,1,955945521
30995,217,670,2,955944976
30996,217,671,3,955944022
30997,217,479,3,955935174
30998,217,33,4,955942041
30999,217,34,2,955936019
31000,217,480,3,955942540
31001,217,37,5,955942801
31002,217,674,3,955935417
31003,217,261,3,955934988
31004,217,38,5,955940584
31005,217,4700,2,955945372
31006,217,39,3,955942698
31007,217,40,3,955942327
31008,217,262,2,955941551
31009,217,5700,1,955941778
31010,217,681,3,955941460
31011,217,263,4,955942540
31012,217,41,3,955942076
31013,217,42,3,955940827
31014,217,2660,1,955941551
31015,217,2996,3,955941055
31016,217,1429,3,955942392
31017,217,691,2,955945007
31018,217,43,3,955940584
31019,217,1026,3,955945205
31020,217,1430,2,955944813
31021,217,2427,4,955941016
31022,217,1431,2,955944813
31023,217,1432,3,955940793
31024,217,696,3,955944713
31025,217,5701,2,955941990
31026,217,5021,2,955945091
31027,217,1434,3,955945423
31028,217,699,3,955944895
31029,217,2662,3,955941460
31030,217,701,2,955944596
31031,217,264,2,955941157
31032,217,1028,2,956194704
31033,217,5702,1,955945548
31034,217,329,3,955943917
31035,217,3728,1,955934925
31036,217,332,2,955934925
31037,217,3729,4,955943221
31038,217,2754,4,955943574
31039,217,335,4,955942801
31040,217,45,3,955941874
31041,217,1442,2,955943345
31042,217,3280,3,955935417
31043,217,49,4,955935113
31044,217,2143,4,955936099
31045,217,714,4,955941949
31046,217,5107,3,955942177
31047,217,718,3,955941623
31048,217,5703,2,955944775
31049,217,2899,3,955943917
31050,217,1447,2,955944568
31051,217,3281,4,955941990
31052,217,1773,2,955944568
31053,217,3282,3,955942112
31054,217,1161,3,955944364
31055,217,1448,1,955944758
31056,217,1774,3,955942619
31057,217,54,3,955942619
31058,217,56,2,955942145
31059,217,57,3,955942619
31060,217,1135,4,955935853
31061,217,832,3,955941344
31062,217,720,3,955942953
31063,217,61,3,955942041
31064,217,342,2,955943501
31065,217,5051,2,955943999
31066,217,343,3,955943368
31067,217,62,2,955943432
31068,217,1450,5,955935417
31069,217,5704,3,955941925
31070,217,63,3,955942896
31071,217,976,2,955941551
31072,217,725,4,955940827
31073,217,5705,2,955945372
31074,217,67,4,955935371
31075,217,1451,3,955940667
31076,217,3701,3,955944568
31077,217,68,2,955943400
31078,217,1100,4,955942540
31079,217,2175,3,955944095
31080,217,348,3,955942953
31081,217,69,5,955935806
31082,217,71,5,955935759
31083,217,1029,3,956194747
31084,217,1103,1,955935759
31085,217,74,5,955935905
31086,217,76,3,956194704
31087,217,1452,2,955941990
31088,217,3221,3,955941925
31089,217,1137,2,956194704
31090,217,79,3,956194747
31091,217,1106,2,955943221
31092,217,1139,5,955942837
31093,217,82,2,955935759
31094,217,2397,4,955935759
31095,217,3012,3,955941875
31096,217,83,2,955943259
31097,217,356,3,955941925
31098,217,85,3,955943501
31099,217,1455,4,955943368
31100,217,86,3,955943345
31101,217,87,2,955942145
31102,217,88,3,955943432
31103,217,1456,1,955943660
31104,217,2146,3,955941925
31105,217,90,5,955935905
31106,217,3283,3,955943432
31107,217,1457,4,955943574
31108,217,361,3,955935905
31109,217,2751,2,955941308
31110,217,1461,3,955935220
31111,217,2417,2,955944895
31112,217,1166,4,955940625
31113,217,1467,1,955942294
31114,217,1468,3,955945151
31115,217,978,4,955940625
31116,217,271,4,955940968
31117,217,1469,3,955942112
31118,217,1470,4,955941385
31119,217,1167,3,955936019
31120,217,1140,4,955935459
31121,217,1471,5,955935853
31122,217,93,3,955941016
31123,217,1474,3,955943967
31124,217,979,3,956195369
31125,217,2147,4,955935905
31126,217,3015,3,955941273
31127,217,2668,2,955944634
31128,217,362,3,955941424
31129,217,94,5,955942978
31130,217,995,2,955944662
31131,217,1477,2,955944284
31132,217,2429,2,956195043
31133,217,980,3,955941099
31134,217,96,1,955945503
31135,217,1482,1,955945239
31136,217,1483,1,955945372
31137,217,1484,2,955941344
31138,217,2180,3,955935983
31139,217,2562,3,955941273
31140,217,1487,2,955941505
31141,217,981,3,956195083
31142,217,1031,3,956194846
31143,217,3224,3,955944471
31144,217,1168,3,955940927
31145,217,1489,3,955945321
31146,217,1490,3,955942392
31147,217,100,3,955941099
31148,217,1491,3,955941736
31149,217,1492,2,955942393
31150,217,101,2,955940625
31151,217,102,5,955940584
31152,217,5706,3,955945297
31153,217,5435,3,955942041
31154,217,982,4,955940793
31155,217,103,1,955940741
31156,217,4667,3,955943036
31157,217,1007,2,955941385
31158,217,1497,2,955941460
31159,217,2148,3,955945275
31160,217,365,3,955940793
31161,217,5297,3,955943105
31162,217,5707,3,956195257
31163,217,5708,2,955945592
31164,217,4149,2,955941703
31165,217,984,4,955940741
31166,217,728,5,955935939
31167,217,1500,3,955944895
31168,217,2670,2,955942112
31169,217,985,3,955941201
31170,217,104,3,955942837
31171,217,5709,2,955941551
31172,217,366,5,955943574
31173,217,1501,3,955942978
31174,217,3019,2,955945091
31175,217,1504,3,955943825
31176,217,1505,2,955945275
31177,217,2564,2,955940793
31178,217,5710,3,955943153
31179,217,108,2,955940534
31180,217,5711,2,955944348
31181,217,5712,3,955943036
31182,217,986,3,955941099
31183,217,1509,2,955943700
31184,217,1510,1,955941016
31185,217,3287,3,955945205
31186,217,2088,4,955943036
31187,217,5111,3,955945275
31188,217,1514,3,955936099
31189,217,1169,3,955942953
31190,217,5713,2,955945569
31191,217,1515,3,955943917
31192,217,1517,3,955940859
31193,217,3171,1,955941201
31194,217,110,3,955944095
31195,217,1518,3,955942327
31196,217,730,4,955943451
31197,217,2399,3,955941385
31198,217,1521,1,955942177
31199,217,1522,4,955943400
31200,217,1524,3,955941385
31201,217,4220,3,955940741
31202,217,989,2,955934988
31203,217,1526,3,955942221
31204,217,1527,3,955945068
31205,217,3021,2,955940667
31206,217,5714,2,955942252
31207,217,5715,3,955935371
31208,217,996,3,956195043
31209,217,990,2,955941587
31210,217,372,3,955943368
31211,217,1532,3,955942294
31212,217,1534,3,955945046
31213,217,3022,1,955936019
31214,217,731,3,955941099
31215,217,991,1,955941273
31216,217,114,3,955942698
31217,217,5716,3,955944095
31218,217,2401,3,955942870
31219,217,2039,3,955935939
31220,217,116,2,955935905
31221,217,1537,1,955943627
31222,217,3138,2,955944192
31223,217,117,2,955942221
31224,217,382,4,955943727
31225,217,118,4,955942953
31226,217,1034,3,955940667
31227,217,992,2,955940827
31228,217,1544,2,955944713
31229,217,119,3,955942112
31230,217,836,3,955943999
31231,217,120,2,955944596
31232,217,5199,3,955940894
31233,217,1546,3,955945151
31234,217,383,2,956194704
31235,217,122,4,955935759
31236,217,1553,3,955944400
31237,217,124,3,955942041
31238,217,1556,3,955944976
31239,217,126,3,955942294
31240,217,5717,3,955942449
31241,217,127,3,955935983
31242,217,1559,2,955943681
31243,217,997,4,955945151
31244,217,272,3,955942646
31245,217,1560,2,955935527
31246,217,1036,3,955942619
31247,217,1780,4,955942619
31248,217,1561,3,955942351
31249,217,131,3,955941099
31250,217,132,2,955942619
31251,217,998,2,955943760
31252,217,134,3,955942221
31253,217,1564,3,955943917
31254,217,385,3,955943967
31255,217,1565,2,955944813
31256,217,1566,3,955944531
31257,217,135,5,955940534
31258,217,1568,2,955942742
31259,217,2680,3,955935270
31260,217,5115,3,955941056
31261,217,3508,2,955944052
31262,217,137,4,955942619
31263,217,138,3,955942646
31264,217,140,2,955942252
31265,217,387,3,955943856
31266,217,2151,3,955944863
31267,217,5718,2,955945639
31268,217,1574,3,955941666
31269,217,141,2,955942145
31270,217,1575,2,955940700
31271,217,142,4,955943760
31272,217,143,3,955942221
31273,217,1141,4,955942896
31274,217,2681,3,955945275
31275,217,2184,4,955943036
31276,217,1583,2,955944226
31277,217,5118,3,955944531
31278,217,144,3,955941505
31279,217,2909,3,955942469
31280,217,145,3,955942896
31281,217,146,3,955940625
31282,217,1037,2,955943036
31283,217,1593,2,955942666
31284,217,1594,4,955943856
31285,217,2574,2,955944922
31286,217,2910,2,955941505
31287,217,4674,2,955943681
31288,217,3289,3,955940968
31289,217,1599,2,955945372
31290,217,4903,3,956194984
31291,217,5719,3,955944758
31292,217,150,4,955936099
31293,217,1600,3,955942742
31294,217,151,3,955935853
31295,217,5121,3,955942294
31296,217,1603,2,955943760
31297,217,5720,1,955941273
31298,217,1605,3,955944922
31299,217,1606,3,955945275
31300,217,1861,3,955940894
31301,217,1862,3,955944662
31302,217,2913,3,955945401
31303,217,2914,3,955945480
31304,217,3640,3,955945401
31305,217,5721,3,955945639
31306,217,3642,4,955943627
31307,217,2469,4,955942917
31308,217,1607,3,955940927
31309,217,1609,2,955943302
31310,217,1863,4,955941587
31311,217,1864,3,955940827
31312,217,2576,2,955941587
31313,217,2121,3,955941056
31314,217,155,3,955941949
31315,217,1610,4,955943943
31316,217,2915,3,955945068
31317,217,1174,1,955941273
31318,217,1175,2,955941424
31319,217,1176,1,955941666
31320,217,1611,3,955945007
31321,217,156,4,955940793
31322,217,1612,3,955935493
31323,217,1613,2,955944813
31324,217,274,3,955944401
31325,217,157,3,955940927
31326,217,2682,2,955945046
31327,217,5436,3,955940625
31328,217,1619,2,955943153
31329,217,1620,3,955943785
31330,217,1622,3,955941385
31331,217,160,3,955942145
31332,217,3292,3,955942351
31333,217,5722,2,955945239
31334,217,5307,2,955935270
31335,217,4675,2,955941505
31336,217,3029,3,956195125
31337,217,5723,3,955942221
31338,217,161,2,955945151
31339,217,1624,2,955944735
31340,217,1626,3,955944449
31341,217,2917,4,955941273
31342,217,5724,3,956195431
31343,217,5500,3,955940667
31344,217,164,3,955940793
31345,217,165,2,955935939
31346,217,2153,1,955941157
31347,217,2154,2,955940969
31348,217,2918,2,955941056
31349,217,5725,3,955941201
31350,217,5726,2,955942421
31351,217,1627,2,955944284
31352,217,4904,3,955943125
31353,217,3294,2,955944401
31354,217,167,3,955935905
31355,217,2583,4,955944895
31356,217,1632,2,955935493
31357,217,2921,2,955940741
31358,217,170,4,955941233
31359,217,171,3,955941233
31360,217,1635,3,955944308
31361,217,172,4,955940534
31362,217,173,4,955936050
31363,217,174,4,955940741
31364,217,1636,3,955942393
31365,217,1637,3,955941703
31366,217,3295,2,955940534
31367,217,1641,5,955941157
31368,217,181,4,955943501
31369,217,735,3,955945007
31370,217,1646,3,955940969
31371,217,1117,1,955935371
31372,217,1647,2,955942469
31373,217,2489,4,955941308
31374,217,5727,2,956195369
31375,217,1648,3,955944052
31376,217,5124,2,955941623
31377,217,2926,3,955935493
31378,217,402,4,955935113
31379,217,403,3,956194939
31380,217,5065,3,955944164
31381,217,5728,2,955945452
31382,217,2588,2,955944863
31383,217,4865,1,955945592
31384,217,1652,2,955941099
31385,217,1653,3,955943285
31386,217,1655,3,955941385
31387,217,5580,3,955941623
31388,217,5729,3,955941703
31389,217,5127,1,955941778
31390,217,1656,2,955942145
31391,217,275,3,955942393
31392,217,1660,2,955935615
31393,217,5066,2,955943345
31394,217,1662,4,955944138
31395,217,2592,3,955942113
31396,217,407,3,955943917
31397,217,187,3,955942646
31398,217,188,3,955936019
31399,217,3032,3,955942870
31400,217,1180,3,955943400
31401,217,409,2,955943999
31402,217,189,4,955935806
31403,217,190,3,955935853
31404,217,191,3,955935853
31405,217,192,3,955935853
31406,217,3299,2,955942421
31407,217,1181,2,956194790
31408,217,3230,3,955940534
31409,217,194,4,955940667
31410,217,5129,3,955941623
31411,217,195,3,955942041
31412,217,1866,3,956194984
31413,217,1867,3,955936099
31414,217,196,3,956194846
31415,217,197,3,955936099
31416,217,1671,3,955935527
31417,217,5730,2,955944735
31418,217,2191,2,955941099
31419,217,3232,3,956195043
31420,217,199,2,955944596
31421,217,1142,4,955943627
31422,217,3736,2,955943539
31423,217,1682,3,955942041
31424,217,1684,3,955935983
31425,217,1685,2,955944250
31426,217,1686,1,955934988
31427,217,1687,3,955941990
31428,217,2194,4,955936050
31429,217,1120,2,955944250
31430,217,736,5,955942568
31431,217,2596,3,955944419
31432,217,5731,2,955943400
31433,217,5732,2,955941424
31434,217,205,3,955942076
31435,217,416,4,955942076
31436,217,3611,3,956195257
31437,217,5076,5,955944250
31438,217,207,1,955935615
31439,217,208,3,955944813
31440,217,1696,3,955935634
31441,217,418,3,955943825
31442,217,2201,4,955936099
31443,217,1184,3,955941308
31444,217,1698,3,955944976
31445,217,1143,2,955944471
31446,217,2689,1,955941736
31447,217,1700,2,955942294
31448,217,2690,3,956195125
31449,217,4684,3,955935174
31450,217,1011,3,955940859
31451,217,3551,2,955943259
31452,217,5080,4,955943856
31453,217,2493,4,955935220
31454,217,1706,2,955943345
31455,217,2494,4,955942837
31456,217,2403,3,955943760
31457,217,2691,3,955935615
31458,217,1708,2,955935573
31459,217,2930,2,955944863
31460,217,5733,2,955941792
31461,217,5734,3,955945275
31462,217,1712,3,955943469
31463,217,1716,2,955942421
31464,217,5148,5,955940700
31465,217,5735,2,956194704
31466,217,5736,3,955941875
31467,217,1717,2,956194747
31468,217,1718,2,955943345
31469,217,5691,2,955944210
31470,217,2931,2,955941157
31471,217,5737,2,955941703
31472,217,5738,1,955941736
31473,217,5739,1,955941778
31474,217,5740,1,955941778
31475,217,214,2,955940741
31476,217,215,3,955943785
31477,217,216,1,955944284
31478,217,3064,2,955941925
31479,217,1186,3,955943285
31480,217,1721,3,955943523
31481,217,217,2,955942041
31482,217,218,2,955935573
31483,217,3040,3,955935270
31484,217,1727,2,955944568
31485,217,5085,4,955944348
31486,217,5502,3,955935193
31487,217,2160,3,955941201
31488,217,5741,3,955944401
31489,217,219,3,955935983
31490,217,5742,3,955943075
31491,217,2206,3,955935140
31492,217,1735,4,955944095
31493,217,1792,3,955935313
31494,217,2606,2,955935313
31495,217,4917,4,955935615
31496,217,232,3,955943592
31497,217,5743,2,955944568
31498,218,1027,2,1111624826
31499,218,311,4,1111624896
31500,218,2426,4,1111624874
31501,218,723,5,1111625111
31502,218,1438,4,1111624918
31503,218,64,3,1111624837
31504,218,71,4,1111625101
31505,218,355,4,1111624904
31506,218,1107,4,1111624812
31507,218,866,4,1111625106
31508,218,1469,2,1111624914
31509,218,1474,3,1111624823
31510,218,99,4,1111625089
31511,218,106,2,1111624908
31512,218,2461,5,1111624901
31513,218,1594,2,1111624864
31514,218,163,3,1111624880
31515,218,178,3,1111624883
31516,218,179,4,1111624887
31517,218,1641,4,1111624851
31518,218,1740,1,1111625050
31519,218,757,3,1111625121
31520,218,765,4,1111625099
31521,218,773,2,1111625095
31522,218,780,2,1111625087
31523,218,783,4,1111625118
31524,219,1,3,1194681084
31525,219,482,2,1194740185
31526,219,3,3,1198783144
31527,219,487,4,1194932162
31528,219,493,2,1194932235
31529,219,292,3,1199581468
31530,219,293,3,1194686177
31531,219,972,1,1195349252
31532,219,4,3,1194686017
31533,219,5,5,1194685882
31534,219,506,1,1198782611
31535,219,516,1,1198782277
31536,219,519,3,1200977947
31537,219,521,3,1195349033
31538,219,464,4,1194932007
31539,219,465,2,1194931838
31540,219,532,4,1194827009
31541,219,1027,2,1195348987
31542,219,1405,2,1194740168
31543,219,538,3,1195700741
31544,219,540,2,1237238892
31545,219,550,2,1194740092
31546,219,13,4,1194686730
31547,219,14,1,1194740545
31548,219,567,1,1198783128
31549,219,466,3,1194681062
31550,219,16,5,1194685947
31551,219,585,2,1194932062
31552,219,588,3,1194931927
31553,219,589,4,1194685979
31554,219,17,4,1198522553
31555,219,591,3,1194680733
31556,219,18,2,1200977858
31557,219,598,3,1194740802
31558,219,233,5,1194685877
31559,219,471,4,1194932232
31560,219,613,1,1195699206
31561,219,472,5,1194931867
31562,219,23,3,1194681057
31563,219,619,3,1195259214
31564,219,622,3,1194827061
31565,219,473,3,1194740097
31566,219,2548,3,1195944805
31567,219,634,3,1194931910
31568,219,25,2,1194686466
31569,219,1157,3,1194932339
31570,219,640,2,1194740788
31571,219,26,4,1237239231
31572,219,27,4,1194932224
31573,219,653,2,1195259219
31574,219,28,2,1194827056
31575,219,2509,4,1200552455
31576,219,660,4,1194740163
31577,219,1095,3,1194687801
31578,219,667,0,1195944991
31579,219,828,3,1194740087
31580,219,323,4,1194681069
31581,219,479,4,1194686309
31582,219,34,3,1199581514
31583,219,35,4,1194686039
31584,219,324,2,1218210249
31585,219,37,3,1200977881
31586,219,674,3,1194681357
31587,219,38,4,1194681052
31588,219,40,3,1195699156
31589,219,41,3,1194681074
31590,219,42,3,1194827051
31591,219,2073,4,1194686287
31592,219,1160,4,1194740146
31593,219,43,4,1198782269
31594,219,2427,3,1194932228
31595,219,1431,1,1200978049
31596,219,1435,2,1200978047
31597,219,1028,4,1194686790
31598,219,1438,3,1195259252
31599,219,333,5,1194686851
31600,219,334,4,1194688060
31601,219,1098,4,1198782336
31602,219,3053,3,1194686690
31603,219,338,4,1195944835
31604,219,1444,3,1198814646
31605,219,1445,4,1194680879
31606,219,2666,1,1198782801
31607,219,1161,3,1194740303
31608,219,1135,5,1194686082
31609,219,61,2,1194681047
31610,219,343,2,1200552444
31611,219,63,4,1194685989
31612,219,66,2,1218210265
31613,219,68,3,1194686049
31614,219,69,4,1194685932
31615,219,70,3,1217436302
31616,219,71,4,1194685892
31617,219,74,4,1194686138
31618,219,75,2,1194685974
31619,219,77,3,1194686648
31620,219,78,4,1194932334
31621,219,1137,4,1214043291
31622,219,82,4,1194686346
31623,219,726,3,1194932306
31624,219,355,4,1214043587
31625,219,2145,3,1194685902
31626,219,85,3,1194686292
31627,219,86,3,1194827014
31628,219,2084,2,1194686351
31629,219,360,3,1194932317
31630,219,90,4,1194681042
31631,219,866,2,1198903013
31632,219,1166,2,1200977920
31633,219,978,2,1195259249
31634,219,93,3,1195335036
31635,219,362,2,1194932458
31636,219,2420,3,1194931863
31637,219,995,2,1198814507
31638,219,2429,3,1198782533
31639,219,980,3,1195700484
31640,219,1485,1,1194681335
31641,219,98,2,1200977934
31642,219,99,4,1194931921
31643,219,1031,5,1194932129
31644,219,1168,3,1194932319
31645,219,100,3,1198903039
31646,219,1491,1,1195927585
31647,219,1492,2,1198903036
31648,219,1493,2,1195944556
31649,219,101,3,1194932043
31650,219,102,3,1194740518
31651,219,984,3,1194681145
31652,219,104,4,1194686002
31653,219,106,3,1194686758
31654,219,1009,3,1194932207
31655,219,1501,3,1200978042
31656,219,1032,3,1194686769
31657,219,108,3,1194932184
31658,219,729,3,1194686433
31659,219,1511,1,1194740286
31660,219,234,4,1194686124
31661,219,988,0,1214043346
31662,219,1514,3,1195259245
31663,219,1515,3,1198783050
31664,219,1516,3,1237238967
31665,219,5744,3,1198782785
31666,219,3171,2,1194740509
31667,219,2673,2,1194680901
31668,219,2399,3,1194740281
31669,219,113,4,1195699039
31670,219,1524,0,1195349347
31671,219,996,2,1194681139
31672,219,990,2,1195349365
31673,219,731,3,1194931811
31674,219,991,3,1194680710
31675,219,114,2,1194740276
31676,219,1536,3,1194681152
31677,219,379,2,1194681102
31678,219,2039,3,1194680705
31679,219,116,4,1194932353
31680,219,382,3,1194931899
31681,219,122,4,1194686164
31682,219,126,3,1194931996
31683,219,127,3,1198782304
31684,219,2678,2,1198782300
31685,219,128,3,1198783040
31686,219,1035,3,1194932174
31687,219,1560,4,1194680835
31688,219,1036,4,1198814627
31689,219,134,2,1198782297
31690,219,135,3,1194932067
31691,219,1575,2,1214043555
31692,219,5200,3,1198522596
31693,219,388,4,1194681510
31694,219,1141,2,1194686707
31695,219,2184,4,1194686752
31696,219,1580,4,1194681505
31697,219,145,4,1194681129
31698,219,146,3,1194681124
31699,219,1037,3,1194827096
31700,219,5745,1,1194740481
31701,219,2402,4,1195944618
31702,219,1594,3,1194681134
31703,219,1597,4,1194932157
31704,219,148,3,1194685912
31705,219,150,3,1194681117
31706,219,1601,3,1217436316
31707,219,154,2,1194687866
31708,219,1864,3,1198782506
31709,219,1611,4,1194740261
31710,219,1615,1,1194680793
31711,219,1115,2,1198783032
31712,219,163,4,1194686054
31713,219,166,4,1194681112
31714,219,3294,2,1194681489
31715,219,167,5,1194686044
31716,219,1001,2,1194827089
31717,219,168,4,1198522624
31718,219,1632,2,1194681157
31719,219,171,3,1194681107
31720,219,172,1,1214043519
31721,219,400,4,1194931889
31722,219,180,5,1194931977
31723,219,734,2,1194680675
31724,219,1179,2,1194931960
31725,219,181,4,1194686375
31726,219,735,4,1195349219
31727,219,1646,2,1194680748
31728,219,1117,4,1195349172
31729,219,402,2,1194686702
31730,219,403,3,1195335012
31731,219,405,4,1194931972
31732,219,1655,1,1195944733
31733,219,185,5,1194686027
31734,219,3298,2,1194740115
31735,219,2593,3,1194687991
31736,219,3174,4,1198783021
31737,219,188,3,1214043293
31738,219,1180,3,1194686114
31739,219,4890,4,1194686406
31740,219,190,3,1194680664
31741,219,192,3,1195349382
31742,219,193,4,1194681032
31743,219,195,5,1194931918
31744,219,197,2,1194680853
31745,219,198,4,1194687839
31746,219,1118,5,1194686012
31747,219,2041,3,1194680715
31748,219,2098,5,1194686812
31749,219,199,4,1194932471
31750,219,1142,3,1198782294
31751,219,201,5,1194931985
31752,219,5746,0,1194740461
31753,219,1684,3,1195349059
31754,219,736,2,1194686222
31755,219,416,2,1194932278
31756,219,277,3,1195349074
31757,219,1696,2,1198782725
31758,219,209,4,1200977914
31759,219,2201,3,1198782286
31760,219,1185,4,1195700497
31761,219,1011,4,1195349316
31762,219,842,3,1195944642
31763,219,1718,2,1194686229
31764,219,1790,4,1195699995
31765,219,213,2,1194740448
31766,219,3301,2,1195944434
31767,219,423,3,1194686207
31768,219,1040,1,1194680738
31769,219,1041,4,1195349022
31770,219,2606,3,1194827084
31771,219,220,4,1194932059
31772,219,3042,0,1195944566
31773,219,221,2,1195349155
31774,219,738,1,1194681097
31775,219,223,3,1194686234
31776,219,1015,2,1194740673
31777,219,1756,3,1194740235
31778,219,1757,2,1195348983
31779,219,1795,2,1194680692
31780,219,1188,2,1195334999
31781,219,229,3,1194931897
31782,219,1765,3,1195349035
31783,219,1872,3,1194681462
31784,219,430,4,1194687921
31785,219,740,3,1194681457
31786,219,278,4,1194932359
31787,219,1798,4,1195945014
31788,219,741,1,1194931828
31789,219,4493,1,1195944840
31790,219,432,4,1194686169
31791,219,1802,2,1194740224
31792,219,1022,4,1194686022
31793,219,1043,3,1194827019
31794,219,1805,0,1194827079
31795,219,5336,3,1198782700
31796,219,445,5,1194685887
31797,219,2212,3,1195944582
31798,219,4495,1,1194740419
31799,219,1191,2,1214043488
31800,219,1812,2,1194740212
31801,219,1813,2,1195349158
31802,219,745,4,1194931848
31803,219,746,1,1200978053
31804,219,1192,3,1194686092
31805,219,2214,3,1195699215
31806,219,1814,2,1195349117
31807,219,1817,2,1194740217
31808,219,3319,0,1194740202
31809,219,1819,4,1195349122
31810,219,3179,4,1198782464
31811,219,2647,4,1195700021
31812,219,1822,2,1195348999
31813,219,748,2,1194932356
31814,219,4496,4,1198782921
31815,219,1880,2,1194681445
31816,219,1824,2,1194681450
31817,219,5747,2,1198783261
31818,219,1825,3,1195334991
31819,219,1195,4,1195334982
31820,219,1829,4,1195259209
31821,219,2950,1,1198782654
31822,219,1125,3,1194686066
31823,219,752,3,1214043303
31824,219,3615,0,1195944988
31825,219,2513,1,1198814589
31826,219,458,2,1194931846
31827,219,1831,4,1194740190
31828,219,753,5,1194686334
31829,219,2717,3,1194932343
31830,219,754,3,1194681037
31831,219,755,4,1217436309
31832,219,2220,3,1194932188
31833,219,4498,1,1195944781
31834,219,5748,3,1198782908
31835,219,2124,3,1195349138
31836,219,1838,4,1195945024
31837,219,2697,3,1195945043
31838,219,4836,1,1198782904
31839,219,1881,3,1194740229
31840,219,1198,3,1200978030
31841,219,2223,2,1195944722
31842,219,3184,3,1194688041
31843,219,757,3,1194740109
31844,219,758,2,1194681089
31845,219,1845,2,1200978016
31846,219,3327,2,1194681394
31847,219,1199,4,1194686725
31848,219,759,3,1194740102
31849,219,760,2,1194932454
31850,219,1847,1,1194740407
31851,219,848,3,1194932298
31852,219,849,2,1195349150
31853,219,1200,3,1195944614
31854,219,3748,1,1194740396
31855,219,1203,2,1194932199
31856,219,764,2,1194931895
31857,219,852,2,1194681399
31858,219,1204,3,1200552448
31859,219,765,3,1194681162
31860,219,766,3,1194686282
31861,219,1853,3,1195927600
31862,219,1854,1,1195349012
31863,219,3189,2,1198814579
31864,219,2233,2,1195335045
31865,219,4118,3,1194686321
31866,219,1207,2,1195699035
31867,219,5409,1,1198814706
31868,219,768,3,1194686356
31869,219,769,3,1194681079
31870,219,1209,3,1194932348
31871,219,876,3,1194686087
31872,219,1210,4,1194932010
31873,219,3332,1,1195927610
31874,219,4505,0,1198782879
31875,219,2235,3,1194932257
31876,219,771,4,1194686217
31877,219,3070,1,1194681389
31878,219,1212,4,1195700672
31879,219,3333,2,1195927393
31880,219,2480,3,1195927752
31881,219,2047,4,1194932034
31882,219,2106,2,1214043809
31883,219,3259,2,1195349338
31884,219,772,2,1194932057
31885,219,235,4,1194686182
31886,219,3337,3,1194740384
31887,219,3338,2,1195700493
31888,219,773,2,1194932048
31889,219,2245,3,1194681407
31890,219,3261,2,1200978833
31891,219,3142,5,1194686034
31892,219,2251,4,1194686144
31893,219,774,4,1194931956
31894,219,1218,2,1196497867
31895,219,775,3,1194686077
31896,219,2969,2,1195700669
31897,219,2252,2,1195944595
31898,219,5749,1,1198783202
31899,219,1130,4,1194686824
31900,219,4185,3,1195944548
31901,219,1222,3,1195335001
31902,219,1048,4,1194686149
31903,219,886,3,1195335061
31904,219,4136,4,1194687883
31905,219,2119,4,1198814690
31906,219,779,4,1194931885
31907,219,1226,2,1195334969
31908,219,780,2,1194686329
31909,219,2753,0,1195699587
31910,219,782,4,1194740841
31911,219,783,3,1194931903
31912,219,1227,4,1195349111
31913,219,1049,3,1194932075
31914,219,784,4,1194931817
31915,219,3350,2,1195699197
31916,219,1228,3,1194681374
31917,219,236,2,1194686362
31918,219,3351,4,1195699544
31919,219,2265,1,1194740368
31920,219,788,2,1198782623
31921,219,2266,4,1194681379
31922,219,5750,2,1194740363
31923,219,1229,4,1194740836
31924,219,793,3,1194681412
31925,219,795,4,1194685997
31926,219,798,3,1195349136
31927,219,2272,3,1194686380
31928,219,799,3,1195259227
31929,219,1131,4,1237238946
31930,219,3072,4,1195349051
31931,219,1132,5,1195349186
31932,219,1235,4,1194686244
31933,219,3149,3,1195349329
31934,219,2050,2,1194686154
31935,219,1237,3,1194931999
31936,219,3150,3,1194680906
31937,219,1891,1,1198814683
31938,219,5751,0,1198782845
31939,219,2126,3,1195349262
31940,219,803,4,1194686385
31941,219,807,4,1194686059
31942,219,3366,0,1198782841
31943,219,1239,3,1194680886
31944,219,2286,3,1194740180
31945,219,809,3,1214043434
31946,219,2983,3,1194740590
31947,219,895,3,1194932211
31948,219,810,4,1194685957
31949,219,812,2,1194932220
31950,219,1241,2,1195699209
31951,219,1892,3,1200161367
31952,219,813,3,1195335073
31953,219,3778,0,1194740575
31954,219,2974,4,1194740580
31955,219,1242,4,1194686129
31956,219,5752,3,1195944573
31957,219,5753,1,1194740570
31958,219,1245,1,1195927835
31959,219,1247,2,1194686441
31960,219,4838,4,1194740558
31961,219,1249,5,1194685937
31962,219,2053,2,1237239226
31963,219,3585,3,1195259204
31964,219,1894,2,1194686411
31965,219,897,2,1194686097
31966,219,1895,2,1194931859
31967,219,2300,3,1194932289
31968,219,5754,4,1195944800
31969,219,2306,2,1195944752
31970,219,1251,4,1194681384
31971,219,2307,5,1194685984
31972,219,1252,4,1194686119
31973,219,1254,3,1194686159
31974,219,2309,4,1217436288
31975,219,1896,4,1195334954
31976,219,1897,2,1194740358
31977,219,817,3,1194932160
31978,219,2977,1,1195944796
31979,219,1255,3,1194931841
31980,219,3152,4,1194686239
31981,219,3388,3,1194686249
31982,219,5755,2,1198783156
31983,219,821,2,1194932267
31984,219,2311,3,1200977980
31985,219,5756,4,1194686007
31986,219,1257,4,1195699591
31987,219,237,1,1198782616
31988,219,2055,1,1196497843
31989,219,5000,2,1195700138
31990,219,2128,3,1194686254
31991,219,1901,3,1195944676
31992,219,2316,3,1194740173
31993,219,1133,3,1194686071
31994,219,238,4,1194686104
31995,219,1051,3,1194687818
31996,219,1052,4,1194685964
31997,219,824,4,1194685952
31998,219,2984,2,1195927581
31999,219,1053,4,1199581551
32000,219,2326,5,1194686109
32001,219,900,4,1194686398
32002,219,2056,4,1194685927
32003,219,2979,2,1194932462
32004,219,1905,3,1214043412
32005,219,1264,4,1194932248
32006,219,1907,4,1195334966
32007,219,2057,4,1206231845
32008,219,2725,4,1195349293
32009,219,1268,4,1194932332
32010,219,1269,4,1194932201
32011,219,2519,2,1194740550
32012,219,3154,4,1206231957
32013,219,1270,3,1194686341
32014,219,903,4,1194685897
32015,219,2058,4,1194680984
32016,219,5757,0,1194931879
32017,219,2987,4,1206231827
32018,219,2338,5,1198522564
32019,219,2988,1,1206231941
32020,219,5758,4,1206231783
32021,219,1273,4,1214043547
32022,219,1274,4,1194680952
32023,219,5759,1,1200977866
32024,219,2059,4,1214043387
32025,219,5760,2,1206231910
32026,219,2060,2,1206231900
32027,219,1054,3,1206231896
32028,219,3425,4,1217436415
32029,219,904,4,1204006770
32030,219,1909,2,1206231866
32031,219,2062,4,1199216343
32032,219,2129,2,1206231842
32033,219,1279,4,1206231806
32034,219,1280,4,1206231764
32035,219,239,5,1217436398
32036,219,1911,4,1214043854
32037,219,1055,5,1210724851
32038,219,1912,3,1237239024
32039,219,1282,3,1214043376
32040,219,1056,4,1217436486
32041,219,3081,3,1217436484
32042,219,3082,3,1217436492
32043,219,1286,4,1237238928
32044,219,5761,2,1221290126
32045,219,5762,0,1221290084
32046,219,2809,4,1225036477
32047,219,2374,2,1225036460
32048,219,1916,5,1237238986
32049,219,2065,5,1237239091
32050,219,2409,4,1237238981
32051,219,5266,4,1237239035
32052,220,1,5,1230055565
32053,220,3,3,1230061735
32054,220,487,4,1230055828
32055,220,293,4,1230055680
32056,220,461,4,1230055796
32057,220,4,3,1230055738
32058,220,5,5,1230054959
32059,220,464,5,1230055657
32060,220,532,4,1230328016
32061,220,550,0,1230061437
32062,220,13,5,1230055143
32063,220,14,3,1230055806
32064,220,16,5,1230055647
32065,220,17,5,1230054991
32066,220,591,4,1241812878
32067,220,18,2,1230055774
32068,220,233,5,1230054966
32069,220,471,2,1230055709
32070,220,20,4,1230055783
32071,220,21,5,1230061657
32072,220,472,4,1230055763
32073,220,622,3,1230055705
32074,220,473,4,1230055682
32075,220,27,5,1230055651
32076,220,1095,2,1230061795
32077,220,828,4,1230061714
32078,220,323,5,1230055690
32079,220,479,5,1230055442
32080,220,33,5,1230060212
32081,220,37,5,1230055695
32082,220,38,3,1230055720
32083,220,41,4,1230055810
32084,220,42,4,1230055768
32085,220,1428,3,1230054632
32086,220,43,4,1230055664
32087,220,1028,5,1230060343
32088,220,336,5,1230061664
32089,220,49,4,1230054684
32090,220,1135,5,1230055449
32091,220,59,1,1230054699
32092,220,63,3,1230061908
32093,220,1102,5,1230060289
32094,220,69,5,1230055698
32095,220,70,4,1230061146
32096,220,71,5,1230055455
32097,220,1029,5,1230061519
32098,220,72,5,1230061852
32099,220,74,4,1230055670
32100,220,75,5,1230061623
32101,220,82,4,1230055431
32102,220,84,2,1230062173
32103,220,85,5,1230061458
32104,220,86,5,1230055726
32105,220,90,5,1230061726
32106,220,2147,5,1230328034
32107,220,2420,4,1230061691
32108,220,2429,3,1230055238
32109,220,5763,3,1232170291
32110,220,99,3,1230061184
32111,220,1031,4,1230060317
32112,220,102,5,1230055820
32113,220,727,5,1230061667
32114,220,4667,3,1230054692
32115,220,1497,1,1230054714
32116,220,234,4,1230061566
32117,220,988,5,1230055822
32118,220,1514,3,1257738038
32119,220,109,5,1230055095
32120,220,731,4,1230061167
32121,220,836,4,1230062146
32122,220,120,4,1230061526
32123,220,122,5,1230328050
32124,220,128,3,1235449233
32125,220,135,4,1230061548
32126,220,142,3,1230083301
32127,220,1593,2,1230055596
32128,220,838,4,1230054655
32129,220,148,5,1230054954
32130,220,1601,4,1230055577
32131,220,395,3,1230055275
32132,220,157,0,1230054576
32133,220,158,0,1230054776
32134,220,163,5,1230061728
32135,220,167,5,1230054916
32136,220,172,3,1244606058
32137,220,173,4,1230061837
32138,220,400,3,1230060223
32139,220,179,4,1230083274
32140,220,180,5,1230061654
32141,220,181,5,1230059742
32142,220,402,5,1230055786
32143,220,405,4,1230061743
32144,220,2587,4,1230054675
32145,220,190,4,1257736388
32146,220,193,1,1230054933
32147,220,194,4,1241227389
32148,220,198,5,1241812772
32149,220,200,5,1230751214
32150,220,736,5,1230055575
32151,220,204,4,1230061554
32152,220,1787,4,1238532906
32153,220,1718,4,1230069662
32154,220,1040,4,1230054596
32155,220,1042,4,1230054638
32156,220,223,4,1230055298
32157,220,1187,3,1230061175
32158,220,1016,4,1241812861
32159,220,229,5,1230061577
32160,220,1797,4,1230061575
32161,220,742,3,1230061848
32162,220,432,4,1230060063
32163,220,1022,4,1230062150
32164,220,1043,4,1230060233
32165,220,437,5,1230060173
32166,220,5764,3,1230327809
32167,220,445,5,1230054980
32168,220,745,5,1230060118
32169,220,3243,4,1230054768
32170,220,1878,4,1244152229
32171,220,2647,4,1241812870
32172,220,752,4,1230055556
32173,220,458,5,1230060329
32174,220,4159,4,1230055125
32175,220,1832,2,1230061704
32176,220,756,5,1230751297
32177,220,757,4,1230059732
32178,220,758,4,1230060158
32179,220,1199,4,1230060242
32180,220,761,4,1241227503
32181,220,762,1,1230061876
32182,220,1882,2,1241230229
32183,220,764,4,1230061193
32184,220,852,1,1241230262
32185,220,765,4,1230059774
32186,220,766,4,1230060280
32187,220,768,5,1230060111
32188,220,769,4,1230061442
32189,220,876,5,1230055562
32190,220,2235,3,1246133514
32191,220,771,5,1230055569
32192,220,235,4,1244606128
32193,220,773,4,1230061447
32194,220,1218,5,1230061753
32195,220,775,4,1230060282
32196,220,5220,1,1230751066
32197,220,1048,4,1230061392
32198,220,4508,3,1243884382
32199,220,1884,3,1257736402
32200,220,779,5,1230751236
32201,220,780,4,1230061640
32202,220,2048,4,1241812921
32203,220,783,4,1230060134
32204,220,1049,4,1237947739
32205,220,784,4,1230060248
32206,220,3354,4,1241812782
32207,220,795,4,1259074255
32208,220,1237,3,1230062185
32209,220,809,4,1230060121
32210,220,810,4,1230060077
32211,220,2053,2,1266566484
32212,220,1894,4,1230061757
32213,220,817,4,1241812849
32214,220,818,5,1230055580
32215,220,1255,4,1230060148
32216,220,2316,4,1230060301
32217,220,1051,5,1236500511
32218,220,824,4,1230060209
32219,220,1053,4,1230054818
32220,220,900,4,1230060255
32221,220,1267,2,1243882441
32222,220,1269,3,1257736345
32223,220,1270,4,1230061487
32224,220,2343,5,1246644370
32225,220,2059,4,1230060264
32226,220,904,2,1230055132
32227,220,2129,4,1238532883
32228,220,1910,4,1237947711
32229,220,1281,3,1236501771
32230,220,239,5,1230750604
32231,220,3437,4,1230771803
32232,220,1055,4,1230750719
32233,220,1282,4,1230061886
32234,220,1283,3,1230059701
32235,220,1284,3,1243882423
32236,220,1056,5,1230055590
32237,220,3081,2,1230055193
32238,220,1286,2,1259074273
32239,220,5765,2,1230670503
32240,220,2130,3,1237947806
32241,220,1915,3,1244606048
32242,220,3442,3,1235455496
32243,220,5766,4,1237947788
32244,220,2372,4,1235449030
32245,220,1287,3,1245819322
32246,220,5767,2,1236500068
32247,220,3445,3,1235449125
32248,220,912,3,1241227967
32249,220,5768,2,1240436773
32250,220,913,3,1239397515
32251,220,5769,3,1243884376
32252,220,1151,3,1240930992
32253,220,2384,3,1245819417
32254,220,1292,3,1238556822
32255,220,1152,5,1246137908
32256,220,1918,3,1246644414
32257,220,1920,3,1257736341
32258,220,1063,2,1266566571
32259,221,482,3,1111177796
32260,221,2069,4,1119984574
32261,221,293,5,1111177792
32262,221,5,4,1118246575
32263,221,296,4,1111176234
32264,221,7,4,1111178274
32265,221,519,2,1111176006
32266,221,1094,5,1118246754
32267,221,525,4,1111177799
32268,221,3681,4,1111178266
32269,221,300,4,1119984613
32270,221,304,4,1111178241
32271,221,17,5,1118246719
32272,221,233,4,1111176249
32273,221,312,4,1111178251
32274,221,21,3,1118247082
32275,221,474,2,1111175940
32276,221,1156,4,1111178227
32277,221,2438,4,1111178224
32278,221,2168,4,1119984246
32279,221,27,3,1118247087
32280,221,319,4,1111178234
32281,221,320,3,1111175961
32282,221,660,2,1111176244
32283,221,29,3,1118246687
32284,221,1095,5,1118246781
32285,221,1420,4,1111176265
32286,221,32,3,1111176010
32287,221,479,4,1118247104
32288,221,33,3,1118247093
32289,221,35,4,1111176258
32290,221,37,5,1118246717
32291,221,723,4,1118246604
32292,221,1160,4,1119984369
32293,221,43,2,1118247109
32294,221,328,4,1119984592
32295,221,1028,4,1111177420
32296,221,330,3,1119984481
32297,221,1438,5,1111178200
32298,221,333,4,1118246670
32299,221,3729,4,1111178214
32300,221,334,5,1118246696
32301,221,335,4,1119984151
32302,221,336,5,1118246723
32303,221,1098,4,1119983933
32304,221,831,5,1118246926
32305,221,46,4,1118246740
32306,221,3543,5,1111178208
32307,221,3053,4,1111178196
32308,221,338,4,1119984072
32309,221,3735,4,1119984208
32310,221,3009,4,1119984274
32311,221,2395,5,1111178205
32312,221,1445,4,1111178184
32313,221,2445,3,1119984623
32314,221,3545,5,1111178190
32315,221,342,4,1111178176
32316,221,343,5,1119984605
32317,221,62,4,1111178181
32318,221,345,4,1118246968
32319,221,864,3,1111178147
32320,221,63,4,1111177438
32321,221,64,4,1111178155
32322,221,65,3,1111178161
32323,221,725,2,1111177417
32324,221,347,4,1111178164
32325,221,2428,5,1111176441
32326,221,2998,4,1111176433
32327,221,68,4,1111176272
32328,221,3499,4,1119984378
32329,221,1101,4,1111178153
32330,221,3608,4,1119984353
32331,221,1102,5,1111176238
32332,221,70,4,1118246789
32333,221,71,3,1118246614
32334,221,351,5,1119984630
32335,221,1029,5,1119984398
32336,221,1103,4,1111176269
32337,221,352,4,1118246632
32338,221,2396,3,1119983987
32339,221,72,4,1119984296
32340,221,1104,5,1111178168
32341,221,73,5,1111175995
32342,221,1163,5,1111178150
32343,221,75,4,1111175957
32344,221,76,5,1118246884
32345,221,77,4,1119983925
32346,221,78,4,1111175999
32347,221,79,4,1118246751
32348,221,80,5,1111178158
32349,221,354,5,1118246793
32350,221,2079,4,1118246878
32351,221,1139,3,1118246800
32352,221,2901,4,1119984488
32353,221,1165,5,1119984167
32354,221,865,4,1111177442
32355,221,355,3,1119983945
32356,221,1107,4,1118246714
32357,221,3012,4,1119984053
32358,221,84,5,1118246892
32359,221,356,5,1118246845
32360,221,1108,4,1119984162
32361,221,268,5,1119984321
32362,221,85,4,1111177450
32363,221,357,4,1118246813
32364,221,1110,4,1111176429
32365,221,1455,4,1119984601
32366,221,1111,4,1111178126
32367,221,88,5,1118246858
32368,221,359,4,1119984206
32369,221,2085,4,1111178130
32370,221,2146,4,1111178141
32371,221,360,4,1119984109
32372,221,3283,4,1119984549
32373,221,3000,4,1119984329
32374,221,1113,5,1119984145
32375,221,361,3,1118246865
32376,221,866,3,1111175967
32377,221,4057,4,1111176422
32378,221,1166,3,1111177434
32379,221,977,3,1119984218
32380,221,1167,3,1111177429
32381,221,1140,4,1111178133
32382,221,2147,4,1119984484
32383,221,362,4,1111177447
32384,221,1475,5,1119984542
32385,221,363,5,1119984570
32386,221,364,4,1119984539
32387,221,727,3,1111175975
32388,221,728,3,1111175981
32389,221,104,5,1118246683
32390,221,1504,3,1111178096
32391,221,2461,4,1111178076
32392,221,834,4,1111178079
32393,221,2088,5,1111178087
32394,221,988,3,1111177393
32395,221,370,4,1111178081
32396,221,377,4,1111178102
32397,221,379,4,1111175985
32398,221,115,5,1119984172
32399,221,3059,4,1111178029
32400,221,2401,4,1118246917
32401,221,2039,3,1118246914
32402,221,3502,3,1111178040
32403,221,1171,3,1111175964
32404,221,2905,4,1111178036
32405,221,118,3,1111178048
32406,221,3023,4,1111178033
32407,221,383,5,1118246666
32408,221,837,4,1111178043
32409,221,1565,3,1111176285
32410,221,4672,5,1111176307
32411,221,5200,4,1119984516
32412,221,388,4,1118246901
32413,221,1584,4,1118246971
32414,221,3027,5,1119984443
32415,221,838,4,1111178018
32416,221,2402,4,1111178023
32417,221,1597,4,1111178002
32418,221,393,4,1119984577
32419,221,2575,4,1111178005
32420,221,1606,2,1111178009
32421,221,1177,4,1111178575
32422,221,5770,4,1111177992
32423,221,161,3,1111177984
32424,221,163,4,1119984493
32425,221,167,2,1119984438
32426,221,399,5,1119984609
32427,221,400,0,1111175943
32428,221,2094,4,1111177996
32429,221,179,4,1111176261
32430,221,2584,4,1111177988
32431,221,1643,3,1111177400
32432,221,402,3,1118246895
32433,221,1653,3,1119984123
32434,221,185,5,1118246707
32435,221,2592,4,1119984411
32436,221,2189,4,1111177969
32437,221,1667,3,1111177953
32438,221,1180,4,1111177411
32439,221,408,4,1118246921
32440,221,189,3,1118246876
32441,221,1181,4,1111177947
32442,221,193,5,1111175978
32443,221,410,5,1119984507
32444,221,194,3,1111177963
32445,221,195,3,1111175989
32446,221,198,4,1111175947
32447,221,2157,4,1111177957
32448,221,1142,4,1111177928
32449,221,5501,4,1119984588
32450,221,3550,4,1119984279
32451,221,5771,5,1119984430
32452,221,5772,4,1119984340
32453,221,3504,5,1119984659
32454,221,2198,4,1111178547
32455,221,209,3,1111177942
32456,221,842,4,1111177904
32457,221,3037,4,1119984226
32458,221,2494,5,1118246642
32459,221,1719,4,1119984525
32460,221,1144,4,1118246651
32461,221,215,4,1111177908
32462,221,1723,5,1111177911
32463,221,423,4,1111177918
32464,221,3065,4,1119984559
32465,221,3066,4,1119984014
32466,221,3041,4,1118246808
32467,221,5742,4,1111176457
32468,221,223,4,1118246962
32469,221,1145,4,1119983984
32470,221,1123,4,1118246778
32471,221,224,3,1111177898
32472,221,2764,4,1119983992
32473,221,843,4,1119983957
32474,221,2934,4,1111178454
32475,221,429,4,1111177889
32476,221,430,5,1119984372
32477,221,4923,5,1118246873
32478,221,432,4,1111177367
32479,221,4925,3,1111178434
32480,221,433,4,1111177878
32481,221,437,4,1119984450
32482,221,438,4,1111177886
32483,221,440,4,1111177882
32484,221,4869,4,1111178439
32485,221,3177,3,1111177894
32486,221,1191,4,1119984534
32487,221,2628,3,1111177854
32488,221,5773,4,1119984638
32489,221,2634,4,1111177863
32490,221,868,3,1111177873
32491,221,4871,4,1111178405
32492,221,5774,4,1111177373
32493,221,454,4,1119984497
32494,221,5354,4,1111176452
32495,221,3322,4,1111178392
32496,221,1823,2,1111177869
32497,221,4947,3,1111178377
32498,221,1125,3,1118246679
32499,221,2768,4,1119984619
32500,221,1126,5,1118246587
32501,221,1196,4,1118246704
32502,221,232,4,1111177831
32503,221,3183,4,1111178370
32504,221,4163,2,1111178362
32505,221,5775,2,1111177840
32506,221,3184,4,1119983899
32507,221,5776,3,1111177363
32508,221,1202,5,1119984343
32509,221,856,4,1118246837
32510,221,2231,4,1111177808
32511,221,3188,4,1119984263
32512,221,1147,5,1111178346
32513,221,5777,5,1111177824
32514,221,876,4,1119984091
32515,221,4122,5,1118246823
32516,221,5143,4,1111178336
32517,221,771,3,1111176254
32518,221,2236,4,1118246810
32519,221,5778,4,1119984202
32520,221,2960,3,1111178304
32521,221,2500,4,1118246941
32522,221,2775,4,1111177334
32523,221,2047,5,1118246831
32524,221,5779,4,1119984536
32525,221,2239,5,1118246634
32526,221,1215,3,1119984102
32527,221,3568,4,1118246952
32528,221,1148,4,1118246856
32529,221,4885,5,1118246749
32530,221,5780,4,1119984076
32531,221,5781,4,1111178526
32532,221,2778,3,1119984546
32533,221,5782,4,1119984230
32534,221,4982,4,1119984425
32535,221,2251,3,1118246784
32536,221,3198,3,1111178307
32537,221,5221,4,1118246945
32538,221,5783,4,1119984215
32539,221,5784,3,1119984511
32540,221,1220,0,1111176181
32541,221,1130,4,1111178504
32542,221,5433,4,1119984422
32543,221,5227,4,1111177819
32544,221,3205,4,1119984222
32545,221,5785,4,1119983966
32546,221,5096,4,1119984142
32547,221,2119,4,1118246660
32548,221,5786,3,1118246726
32549,221,2048,4,1111178281
32550,221,887,3,1111178285
32551,221,2972,4,1111178291
32552,221,4292,4,1119984006
32553,221,3207,4,1111177351
32554,221,1228,4,1111178534
32555,221,3147,4,1111178509
32556,221,2267,4,1118246692
32557,221,792,5,1118246620
32558,221,5787,5,1121365559
32559,221,5788,4,1121365551
32560,221,5789,4,1119984290
32561,221,5790,4,1121365515
32562,221,3583,5,1118246854
32563,221,800,4,1111178543
32564,221,5791,4,1111178584
32565,221,1132,4,1118246570
32566,221,5792,4,1121365462
32567,221,4307,3,1121365450
32568,221,5793,4,1121365447
32569,221,4308,4,1121365434
32570,221,3148,5,1118246581
32571,221,5794,4,1111178531
32572,221,5795,2,1121365420
32573,221,5536,4,1121365413
32574,221,3150,4,1121365406
32575,221,5796,2,1111176186
32576,221,5797,3,1121365397
32577,221,2051,4,1118246657
32578,221,5798,4,1121365345
32579,221,5799,4,1121365330
32580,221,1150,4,1121365326
32581,221,5800,0,1121365317
32582,221,5801,4,1121365308
32583,221,5802,4,1121365286
32584,221,5803,3,1121365219
32585,221,5804,3,1121365202
32586,221,5805,4,1121365189
32587,221,3367,4,1119984155
32588,221,810,2,1121365142
32589,221,812,2,1121365127
32590,222,482,2,1391353926
32591,222,493,3,1391351897
32592,222,293,3,1391353917
32593,222,4,4,1391350444
32594,222,5,3,1391346849
32595,222,8,4,1391350258
32596,222,2544,2,1391353786
32597,222,532,3,1391353890
32598,222,1405,3,1391354262
32599,222,1024,2,1391346544
32600,222,14,3,1391374553
32601,222,589,3,1391350440
32602,222,17,4,1391350322
32603,222,471,4,1391374544
32604,222,613,2,1391351910
32605,222,21,4,1391350391
32606,222,472,2,1391351469
32607,222,23,3,1391353098
32608,222,619,3,1391352683
32609,222,1414,3,1391352264
32610,222,1156,3,1391346486
32611,222,1157,3,1391354252
32612,222,643,3,1391352616
32613,222,648,2,1391351913
32614,222,657,3,1391375657
32615,222,29,3,1391346845
32616,222,674,2,1391346526
32617,222,40,2,1391351885
32618,222,41,3,1391353194
32619,222,690,1,1391351878
32620,222,1160,3,1391350346
32621,222,1026,2,1391374587
32622,222,1028,4,1391346840
32623,222,1135,3,1391350086
32624,222,1162,2,1391375308
32625,222,63,4,1391350213
32626,222,65,1,1391346446
32627,222,66,3,1391350034
32628,222,725,1,1391354071
32629,222,1451,4,1391354179
32630,222,71,4,1391346897
32631,222,1103,3,1391350089
32632,222,72,4,1391350118
32633,222,73,3,1391350069
32634,222,75,4,1391350093
32635,222,78,5,1391349962
32636,222,1137,4,1391346862
32637,222,79,4,1391350128
32638,222,354,3,1391350150
32639,222,1164,3,1391349701
32640,222,82,3,1391350021
32641,222,865,3,1391350027
32642,222,2083,3,1391346492
32643,222,86,4,1391350098
32644,222,2756,3,1391350360
32645,222,88,4,1391349956
32646,222,362,2,1391375033
32647,222,2420,3,1391354062
32648,222,95,3,1391353454
32649,222,364,2,1391349980
32650,222,1485,2,1391374528
32651,222,2455,3,1391346781
32652,222,1491,1,1391346690
32653,222,728,3,1391350065
32654,222,1114,3,1391346624
32655,222,729,4,1391351595
32656,222,988,2,1391375337
32657,222,109,3,1391350152
32658,222,1524,2,1391346556
32659,222,731,2,1391353181
32660,222,379,3,1391374781
32661,222,116,3,1391349739
32662,222,1171,4,1391350246
32663,222,2905,2,1391349719
32664,222,122,3,1391350133
32665,222,3288,2,1391346674
32666,222,1141,3,1391349988
32667,222,5806,3,1391354406
32668,222,392,3,1391350500
32669,222,148,3,1391350381
32670,222,1862,3,1391352625
32671,222,2913,2,1391352220
32672,222,1609,3,1391350663
32673,222,1864,3,1391354227
32674,222,1175,4,1391354213
32675,222,167,4,1391350315
32676,222,1179,3,1391353651
32677,222,1643,1,1391354281
32678,222,181,4,1391351583
32679,222,402,2,1391350294
32680,222,193,3,1391346893
32681,222,1142,3,1391353767
32682,222,841,4,1391354045
32683,222,1121,3,1391374533
32684,222,2196,3,1391346731
32685,222,210,3,1391352150
32686,222,1701,3,1391354361
32687,222,1012,2,1391353703
32688,222,1718,4,1391349743
32689,222,220,4,1391350163
32690,222,221,3,1391353692
32691,222,738,1,1391354095
32692,222,1757,4,1391374511
32693,222,4687,3,1391353853
32694,222,1872,4,1391346636
32695,222,1797,4,1391352784
32696,222,1804,4,1391346680
32697,222,1043,2,1391375639
32698,222,2619,3,1391346772
32699,222,446,4,1391353142
32700,222,1191,3,1391349952
32701,222,2214,3,1391352096
32702,222,3319,2,1391352010
32703,222,1823,3,1391353653
32704,222,1195,4,1391352766
32705,222,750,2,1391354377
32706,222,753,4,1391350622
32707,222,1126,3,1391346900
32708,222,2696,2,1391352411
32709,222,1832,1,1391374735
32710,222,754,4,1391350311
32711,222,755,4,1391350753
32712,222,2698,1,1391352491
32713,222,3183,3,1391350682
32714,222,760,3,1391352108
32715,222,849,2,1391346778
32716,222,5807,2,1391353041
32717,222,3329,2,1391352961
32718,222,5808,2,1391352667
32719,222,765,3,1391350288
32720,222,857,4,1391353464
32721,222,766,4,1391353485
32722,222,5809,2,1391354307
32723,222,1209,4,1391353088
32724,222,876,3,1391351389
32725,222,1883,1,1391352089
32726,222,771,3,1391350186
32727,222,2047,3,1391350121
32728,222,2515,2,1391374850
32729,222,2962,1,1391352161
32730,222,772,4,1391375012
32731,222,235,4,1391350207
32732,222,1216,3,1391352142
32733,222,878,3,1391351283
32734,222,2243,2,1391346660
32735,222,774,4,1391348597
32736,222,2516,3,1391370881
32737,222,3269,4,1391352939
32738,222,1048,4,1391350241
32739,222,5810,3,1391351869
32740,222,782,4,1391352874
32741,222,887,3,1391375788
32742,222,1227,2,1391374730
32743,222,794,4,1391351233
32744,222,795,3,1391350904
32745,222,799,2,1391353587
32746,222,5811,3,1391353638
32747,222,5812,4,1391353980
32748,222,2050,3,1391351014
32749,222,1891,3,1391352851
32750,222,807,4,1391350292
32751,222,2288,3,1391350809
32752,222,810,3,1391350083
32753,222,1892,4,1391353001
32754,222,2127,3,1391353069
32755,222,2290,2,1391374003
32756,222,898,3,1391353374
32757,222,5250,2,1391374592
32758,222,1251,4,1391351157
32759,222,1254,3,1391354420
32760,222,1897,3,1391353572
32761,222,238,4,1391350073
32762,222,4519,3,1391375018
32763,222,1260,2,1391354210
32764,222,1907,3,1391353596
32765,222,1272,3,1391350610
32766,222,4522,1,1391374847
32767,222,904,3,1391351726
32768,222,4525,3,1391352926
32769,222,239,3,1391346879
32770,222,5813,2,1391352001
32771,222,1914,2,1391354132
32772,222,910,2,1391353384
32773,222,2131,2,1391374803
32774,222,5814,3,1391353969
32775,222,1916,3,1391353440
32776,222,1058,4,1391350017
32777,222,3446,2,1391351297
32778,222,1151,4,1391350843
32779,222,914,4,1391374556
32780,222,4765,3,1391375316
32781,222,5815,4,1391353957
32782,222,241,4,1391349982
32783,222,3085,3,1391375809
32784,222,916,2,1391350228
32785,222,1297,4,1391351265
32786,222,4532,4,1391352889
32787,222,2068,2,1391353280
32788,222,243,3,1391349958
32789,222,1314,2,1391352910
32790,222,245,3,1391350196
32791,222,1317,2,1391353867
32792,222,1153,4,1391350054
32793,222,5816,4,1391352742
32794,222,935,3,1391349985
32795,222,1154,4,1391350429
32796,222,1155,3,1391353316
32797,222,4544,2,1391374855
32798,222,3093,3,1391349110
32799,222,2528,2,1391349147
32800,222,1940,2,1391349066
32801,222,249,2,1391350136
32802,222,3630,4,1391349194
32803,222,5817,1,1391347639
32804,222,1068,4,1391347823
32805,222,250,4,1391347695
32806,222,1334,3,1391349904
32807,222,5818,1,1391349396
32808,222,3490,3,1391375023
32809,222,1948,3,1391347979
32810,222,5819,2,1391348073
32811,222,948,1,1391347957
32812,222,4557,2,1391348276
32813,222,5820,3,1391349197
32814,222,5821,3,1391351915
32815,222,5822,2,1391347968
32816,222,2830,4,1391347579
32817,222,1340,3,1391347665
32818,222,5823,2,1391347886
32819,222,2532,2,1391348117
32820,222,2734,3,1391347758
32821,222,4560,3,1391349234
32822,222,1341,4,1391347603
32823,222,2411,2,1391348305
32824,222,4705,3,1391348315
32825,222,252,4,1391347713
32826,222,4356,3,1391347837
32827,222,1345,4,1391347065
32828,222,2831,2,1391347199
32829,222,5824,2,1391347365
32830,222,3880,3,1391347209
32831,222,5825,1,1391347084
32832,222,4363,3,1391347075
32833,222,4706,2,1391348374
32834,222,5445,1,1391347274
32835,222,2835,4,1391347411
32836,222,2736,3,1391370798
32837,222,1354,3,1391347240
32838,222,253,5,1391347502
32839,222,1974,3,1391346978
32840,223,1,3,1226209758
32841,223,461,1,1226209953
32842,223,4,3,1226209770
32843,223,8,3,1226209973
32844,223,16,3,1226209871
32845,223,17,3,1226209786
32846,223,233,4,1226209626
32847,223,471,1,1226209805
32848,223,23,1,1226210064
32849,223,26,3,1226209951
32850,223,27,3,1226210059
32851,223,33,3,1226209783
32852,223,35,2,1226209646
32853,223,324,3,1226209752
32854,223,37,3,1226210048
32855,223,42,3,1226209970
32856,223,43,3,1226209635
32857,223,68,3,1226210067
32858,223,71,3,1226209945
32859,223,82,3,1226209853
32860,223,85,3,1226210076
32861,223,1456,3,1226209125
32862,223,1463,1,1226209388
32863,223,1464,1,1226209228
32864,223,1493,3,1226209350
32865,223,365,3,1226209176
32866,223,234,3,1226209845
32867,223,988,2,1226209653
32868,223,1171,3,1226209901
32869,223,384,1,1226209223
32870,223,1572,4,1226209236
32871,223,3228,4,1226209457
32872,223,1609,4,1226209812
32873,223,167,3,1226209637
32874,223,172,3,1226209795
32875,223,400,3,1226210046
32876,223,1003,0,1226209216
32877,223,181,3,1226209651
32878,223,5826,2,1226209415
32879,223,402,4,1226209610
32880,223,1658,3,1226209331
32881,223,198,3,1226209857
32882,223,229,4,1226209808
32883,223,1019,1,1226209271
32884,223,445,4,1226209656
32885,223,745,4,1226209792
32886,223,752,4,1226210037
32887,223,458,4,1226210070
32888,223,1126,5,1226210055
32889,223,755,2,1226209842
32890,223,757,4,1226209834
32891,223,759,4,1226209775
32892,223,1127,4,1226209406
32893,223,3193,4,1226209441
32894,223,769,3,1226209967
32895,223,876,3,1226209859
32896,223,2047,3,1226209763
32897,223,235,3,1226209766
32898,223,775,3,1226209838
32899,223,1130,3,1226209629
32900,223,1048,3,1226209955
32901,223,3346,3,1226209827
32902,223,779,4,1226209821
32903,223,780,3,1226210060
32904,223,783,3,1226209772
32905,223,1228,5,1226209284
32906,223,795,4,1226209659
32907,223,807,4,1226209814
32908,223,810,4,1226209959
32909,223,1133,5,1226210079
32910,223,238,4,1226209640
32911,223,900,3,1226209848
32912,223,2059,3,1226209817
32913,223,5827,3,1226209799
32914,223,239,4,1226210073
32915,224,463,5,971812919
32916,224,16,2,971812185
32917,224,586,5,971812895
32918,224,21,5,971812827
32919,224,622,4,971812827
32920,224,637,4,971812860
32921,224,656,2,971811286
32922,224,29,5,971812301
32923,224,35,4,971812319
32924,224,1028,4,971812264
32925,224,2395,4,971811286
32926,224,2143,1,971812789
32927,224,70,5,971812860
32928,224,74,2,971812895
32929,224,356,5,971811884
32930,224,85,5,971812765
32931,224,86,5,971811286
32932,224,1456,1,971812094
32933,224,866,5,971811933
32934,224,2420,5,971812919
32935,224,1475,5,971811933
32936,224,4843,1,971813011
32937,224,988,5,971811594
32938,224,382,5,971812118
32939,224,122,5,971812185
32940,224,272,4,971812611
32941,224,998,5,971812094
32942,224,1564,5,971812895
32943,224,1572,5,971812118
32944,224,387,5,971811884
32945,224,1575,1,971811594
32946,224,142,5,971811933
32947,224,1584,5,971812094
32948,224,1609,4,971812591
32949,224,181,4,971811973
32950,224,405,5,971811933
32951,224,2587,5,971812118
32952,224,183,5,971811933
32953,224,1653,5,971811884
32954,224,1667,5,971812118
32955,224,1180,5,971811884
32956,224,411,5,971812789
32957,224,1683,5,971812094
32958,224,1120,4,971812765
32959,224,277,4,971811973
32960,224,1701,5,971811286
32961,224,420,5,971812591
32962,224,1706,4,971811933
32963,224,3038,2,971812895
32964,224,5567,4,971812827
32965,224,5828,5,971813011
32966,224,2606,5,971812118
32967,224,1004,5,971812591
32968,224,1797,5,971813062
32969,225,2664,5,949111262
32970,225,519,5,949111497
32971,225,13,5,949111208
32972,225,14,5,949111575
32973,225,19,5,949111619
32974,225,473,3,949111600
32975,225,2550,1,949111013
32976,225,25,3,949111451
32977,225,2170,4,949111013
32978,225,2509,4,949111575
32979,225,671,3,949111535
32980,225,323,4,949111248
32981,225,1430,5,949111535
32982,225,60,4,949111301
32983,225,343,4,949111188
32984,225,5829,3,949261330
32985,225,68,3,949111248
32986,225,69,4,949111054
32987,225,70,4,949111248
32988,225,76,4,949261297
32989,225,77,3,949261262
32990,225,356,5,949111340
32991,225,86,4,949111248
32992,225,1456,4,949111556
32993,225,4057,4,949261262
32994,225,1461,3,949261297
32995,225,1462,4,949261391
32996,225,2147,5,949261297
32997,225,1476,4,949261330
32998,225,366,4,949111637
32999,225,1512,2,949261430
33000,225,1515,2,949111497
33001,225,2672,4,949111439
33002,225,375,5,949111619
33003,225,379,4,949111439
33004,225,1538,4,949261430
33005,225,4062,5,949261369
33006,225,2568,4,949261369
33007,225,2999,2,949261297
33008,225,1543,4,949261330
33009,225,2905,3,949261297
33010,225,118,4,949111317
33011,225,1034,4,949111497
33012,225,1544,3,949111472
33013,225,1545,3,949261430
33014,225,836,4,949111619
33015,225,1035,3,949111472
33016,225,142,3,949111358
33017,225,1584,4,949111600
33018,225,1594,4,949111556
33019,225,5830,5,949261430
33020,225,5061,1,949111637
33021,225,1603,4,949111535
33022,225,1609,5,949111497
33023,225,155,3,949111535
33024,225,1614,4,949111389
33025,225,2916,4,949261430
33026,225,1618,4,949261330
33027,225,1624,3,949111556
33028,225,172,3,949111013
33029,225,5831,4,949261391
33030,225,176,2,949261330
33031,225,181,4,949261297
33032,225,405,4,949111340
33033,225,183,5,949111389
33034,225,185,3,949111140
33035,225,1667,4,949111248
33036,225,276,2,949111054
33037,225,1142,3,949111340
33038,225,5832,3,949111600
33039,225,201,4,949111472
33040,225,1689,3,949111419
33041,225,209,4,949111556
33042,225,1699,3,949111340
33043,225,232,1,949111389
33044,226,1,3,1095662606
33045,226,482,3,1095662788
33046,226,2,3,1095662861
33047,226,487,4,1095662675
33048,226,491,4,1095662900
33049,226,493,3,1095662814
33050,226,494,2,1095662268
33051,226,293,4,1095662618
33052,226,463,3,1095662724
33053,226,972,3,1095663137
33054,226,4,5,1160003508
33055,226,1401,3,1095663041
33056,226,503,2,1114838860
33057,226,5833,3,1096420461
33058,226,506,3,1095712984
33059,226,2664,4,1172040506
33060,226,512,3,1097545177
33061,226,519,5,1095662881
33062,226,520,2,1096420214
33063,226,521,4,1096420219
33064,226,525,3,1097545064
33065,226,526,3,1095662326
33066,226,464,4,1130137555
33067,226,465,4,1095662628
33068,226,528,2,1095662260
33069,226,530,3,1095662829
33070,226,534,5,1095663374
33071,226,538,5,1095663804
33072,226,541,2,1101193051
33073,226,550,2,1095662719
33074,226,553,3,1095712757
33075,226,12,5,1095663306
33076,226,13,5,1095662774
33077,226,14,5,1095662679
33078,226,3218,2,1096419695
33079,226,16,4,1095662595
33080,226,575,2,1114839418
33081,226,581,3,1095662343
33082,226,584,3,1095662956
33083,226,17,4,1159219398
33084,226,18,2,1097545271
33085,226,598,3,1095662500
33086,226,19,4,1164823719
33087,226,604,3,1095662856
33088,226,471,4,1095662635
33089,226,21,4,1095662582
33090,226,22,3,1095663288
33091,226,472,3,1095662658
33092,226,23,3,1095662494
33093,226,315,4,1095662512
33094,226,622,2,1159219424
33095,226,474,3,1095662772
33096,226,2548,3,1097545155
33097,226,631,2,1095713061
33098,226,1414,4,1095662862
33099,226,633,3,1095662911
33100,226,25,4,1095663823
33101,226,643,3,1095662959
33102,226,3002,3,1095695305
33103,226,27,4,1095662485
33104,226,28,3,1095662683
33105,226,657,4,1095662792
33106,226,660,4,1095663071
33107,226,661,3,1095663387
33108,226,975,4,1095663002
33109,226,662,3,1095663331
33110,226,666,3,1101193328
33111,226,30,4,1095663022
33112,226,667,2,1114839068
33113,226,1420,3,1095662823
33114,226,669,3,1097545741
33115,226,2501,3,1096420188
33116,226,828,4,1095662748
33117,226,323,4,1095662615
33118,226,479,4,1095662601
33119,226,33,2,1095662587
33120,226,480,3,1095662832
33121,226,324,2,1095662641
33122,226,36,3,1095662283
33123,226,37,4,1132092739
33124,226,38,3,1095662638
33125,226,39,4,1095662303
33126,226,1424,5,1095663825
33127,226,41,4,1164691989
33128,226,690,3,1095662285
33129,226,691,3,1097545089
33130,226,43,3,1095662602
33131,226,693,2,1095662301
33132,226,1026,4,1095662965
33133,226,1430,4,1095662272
33134,226,1431,3,1095662780
33135,226,697,2,1114838347
33136,226,1434,3,1096419679
33137,226,5022,3,1095695170
33138,226,710,0,1096420509
33139,226,45,3,1095662480
33140,226,2666,3,1095712905
33141,226,5703,3,1096421279
33142,226,1161,2,1099624701
33143,226,1448,3,1095749344
33144,226,53,4,1095713354
33145,226,863,3,1097545969
33146,226,54,3,1114838696
33147,226,57,3,1096420168
33148,226,1775,3,1095663039
33149,226,1135,3,1095662467
33150,226,58,3,1196229587
33151,226,61,5,1095662700
33152,226,864,1,1096420160
33153,226,3698,3,1096420156
33154,226,66,4,1095662692
33155,226,68,5,1095662764
33156,226,1102,4,1095662748
33157,226,3704,3,1097546066
33158,226,69,5,1095662649
33159,226,70,4,1159341825
33160,226,71,4,1095662453
33161,226,2396,2,1095662276
33162,226,72,4,1095662853
33163,226,1104,4,1095663017
33164,226,74,5,1097545652
33165,226,78,4,1095662881
33166,226,79,5,1130137446
33167,226,1106,4,1114838315
33168,226,5834,4,1095663914
33169,226,82,4,1095662742
33170,226,726,4,1095662939
33171,226,865,4,1159219631
33172,226,1454,4,1097545391
33173,226,84,4,1095662921
33174,226,356,4,1095662472
33175,226,2145,4,1095663271
33176,226,85,4,1130136391
33177,226,86,4,1095662668
33178,226,1111,4,1095662316
33179,226,88,4,1095662963
33180,226,360,4,1130137203
33181,226,90,4,1095662759
33182,226,270,3,1095662271
33183,226,1166,4,1095662470
33184,226,1468,3,1096420793
33185,226,1474,2,1095663075
33186,226,2147,3,1095662804
33187,226,362,2,1095662884
33188,226,1475,4,1095662894
33189,226,995,3,1096420782
33190,226,1476,4,1095662927
33191,226,1477,2,1096420799
33192,226,2559,3,1096421265
33193,226,1485,3,1196229434
33194,226,99,4,1196229380
33195,226,1031,4,1095662820
33196,226,1168,1,1160003791
33197,226,1492,1,1201155547
33198,226,101,2,1095662887
33199,226,102,3,1095662736
33200,226,365,4,1095662342
33201,226,1009,3,1095663030
33202,226,107,2,1114838930
33203,226,5835,4,1095712866
33204,226,2460,4,1097544859
33205,226,234,4,1095662439
33206,226,988,1,1114838120
33207,226,109,5,1095663026
33208,226,2672,4,1116040958
33209,226,113,3,1101193295
33210,226,2091,3,1097545786
33211,226,5836,2,1097545178
33212,226,1534,2,1096420751
33213,226,379,2,1095662842
33214,226,380,4,1096420745
33215,226,116,3,1097545224
33216,226,1171,4,1095662798
33217,226,382,4,1095662808
33218,226,2999,3,1114839047
33219,226,1544,3,1095663207
33220,226,119,5,1095663312
33221,226,3023,3,1099624085
33222,226,836,4,1095713170
33223,226,120,2,1160003177
33224,226,1557,2,1099625134
33225,226,126,4,1095663078
33226,226,1778,3,1097545963
33227,226,128,3,1101193308
33228,226,272,3,1095663233
33229,226,1035,2,1096420082
33230,226,1560,4,1114839396
33231,226,1036,3,1096420068
33232,226,1561,2,1097545100
33233,226,998,3,1097545890
33234,226,135,4,1095662972
33235,226,136,2,1096420073
33236,226,3288,3,1114839197
33237,226,1570,4,1196229385
33238,226,138,4,1172040549
33239,226,1572,4,1095663381
33240,226,387,4,1095663285
33241,226,2151,3,1101596136
33242,226,141,4,1095663318
33243,226,142,4,1095662922
33244,226,143,4,1095663273
33245,226,2184,4,1159220125
33246,226,144,2,1097545086
33247,226,145,4,1203360460
33248,226,146,3,1139535348
33249,226,1037,3,1114838670
33250,226,1591,2,1114843025
33251,226,147,3,1097545789
33252,226,148,4,1095663236
33253,226,1599,2,1096420045
33254,226,1601,3,1095662446
33255,226,1862,3,1096420028
33256,226,154,3,1201155538
33257,226,4147,2,1096420024
33258,226,155,4,1095663006
33259,226,1611,4,1097546095
33260,226,1614,4,1095663794
33261,226,5837,2,1096421203
33262,226,159,1,1096421171
33263,226,163,5,1095663118
33264,226,5838,2,1095694744
33265,226,5839,2,1096421612
33266,226,5500,4,1114839152
33267,226,167,4,1095662426
33268,226,169,4,1095663837
33269,226,1632,3,1164692000
33270,226,171,3,1095662997
33271,226,172,2,1095662443
33272,226,732,4,1095663121
33273,226,400,4,1095662826
33274,226,1003,3,1172040478
33275,226,180,3,1095662982
33276,226,1179,3,1095662872
33277,226,401,2,1160003651
33278,226,181,4,1095662766
33279,226,2587,4,1166115076
33280,226,183,4,1095662913
33281,226,1653,4,1172040489
33282,226,185,4,1114838073
33283,226,1667,4,1162428755
33284,226,188,4,1095662838
33285,226,1180,4,1164823737
33286,226,1182,3,1095695088
33287,226,193,4,1095662868
33288,226,5840,4,1159220436
33289,226,194,3,1095663049
33290,226,195,3,1095662432
33291,226,198,4,1130136409
33292,226,199,5,1095663223
33293,226,200,4,1095713349
33294,226,1142,4,1114839767
33295,226,201,4,1095663144
33296,226,1183,2,1095663150
33297,226,1685,4,1095711709
33298,226,2595,4,1114839228
33299,226,2192,3,1099625125
33300,226,415,4,1095663195
33301,226,277,4,1095711725
33302,226,209,5,1095662332
33303,226,1697,4,1096419543
33304,226,418,3,1095749330
33305,226,1699,3,1099625139
33306,226,2203,4,1139535538
33307,226,1185,4,1095713403
33308,226,2205,4,1116040965
33309,226,211,4,1096420355
33310,226,422,3,1095662987
33311,226,1718,4,1095663217
33312,226,1790,4,1096419986
33313,226,212,3,1097545627
33314,226,213,2,1095694825
33315,226,216,4,1096419990
33316,226,1722,3,1095662265
33317,226,1724,3,1114842988
33318,226,423,4,1097545609
33319,226,218,3,1160004655
33320,226,1041,4,1132092634
33321,226,2606,3,1160004311
33322,226,220,4,1095662436
33323,226,3042,0,1114839495
33324,226,3304,5,1159220419
33325,226,1004,3,1101194159
33326,226,223,5,1095663341
33327,226,5841,3,1096421062
33328,226,225,4,1159219758
33329,226,1187,3,1101193062
33330,226,229,3,1095662945
33331,226,230,4,1095663844
33332,226,1764,2,1101194148
33333,226,1765,2,1114838989
33334,226,5842,2,1095712851
33335,226,429,4,1114839811
33336,226,430,4,1098339778
33337,226,740,4,1139535381
33338,226,1797,4,1203892232
33339,226,1800,4,1095662411
33340,226,742,3,1095663174
33341,226,1022,4,1095663775
33342,226,3310,1,1096421014
33343,226,743,1,1160004374
33344,226,1043,2,1159219679
33345,226,1805,2,1114838884
33346,226,437,4,1095663093
33347,226,1876,4,1097546062
33348,226,3552,4,1139535253
33349,226,2622,2,1099625087
33350,226,1810,3,1096420375
33351,226,4091,4,1096422021
33352,226,2938,2,1096422024
33353,226,2497,4,1130137102
33354,226,5843,1,1095695395
33355,226,5844,0,1114843193
33356,226,446,4,1097545778
33357,226,447,2,1096419935
33358,226,4495,3,1097545191
33359,226,1191,4,1095711700
33360,226,745,4,1095662949
33361,226,2628,3,1096419928
33362,226,3315,4,1096421007
33363,226,2943,2,1101194126
33364,226,1814,3,1097545842
33365,226,1816,2,1114839211
33366,226,1817,2,1101596108
33367,226,1819,3,1095749323
33368,226,2638,2,1096419758
33369,226,1877,4,1114839676
33370,226,2693,3,1095694860
33371,226,5845,4,1095695342
33372,226,1146,5,1095711703
33373,226,2647,4,1096420407
33374,226,4230,2,1096421496
33375,226,1824,4,1095713433
33376,226,1825,3,1096420366
33377,226,5846,2,1114843160
33378,226,1195,3,1097544909
33379,226,751,3,1096420951
33380,226,1125,3,1196228938
33381,226,752,4,1095713336
33382,226,458,3,1095663264
33383,226,753,4,1095663230
33384,226,2717,4,1097545255
33385,226,1832,4,1096419913
33386,226,2404,4,1101596116
33387,226,754,4,1095662416
33388,226,755,4,1095663278
33389,226,1836,2,1096420956
33390,226,1837,4,1097545722
33391,226,4956,2,1172005535
33392,226,1838,5,1096420960
33393,226,5590,3,1130137064
33394,226,2697,2,1096420940
33395,226,756,4,1160003973
33396,226,4163,4,1096420281
33397,226,5377,0,1203360451
33398,226,757,4,1095713133
33399,226,870,4,1114838981
33400,226,758,3,1095663389
33401,226,1845,3,1097545069
33402,226,1199,4,1114838747
33403,226,1846,2,1101194053
33404,226,759,3,1095663213
33405,226,5847,2,1203360507
33406,226,761,4,1160003425
33407,226,848,4,1114839245
33408,226,2702,4,1164823715
33409,226,4500,1,1159341789
33410,226,762,2,1095713147
33411,226,3329,3,1101194045
33412,226,2705,2,1097545277
33413,226,5848,3,1095694868
33414,226,2706,3,1095712473
33415,226,4114,5,1095713547
33416,226,2046,4,1114839453
33417,226,1203,3,1095713262
33418,226,2125,4,1130136799
33419,226,764,2,1097545930
33420,226,1204,4,1130136828
33421,226,765,4,1096420307
33422,226,857,4,1160004014
33423,226,766,4,1162428551
33424,226,767,3,1096419885
33425,226,3653,3,1114843170
33426,226,3255,4,1096419853
33427,226,3189,5,1095663787
33428,226,3191,2,1160003743
33429,226,1207,2,1101194027
33430,226,5849,3,1095712971
33431,226,2958,4,1139535404
33432,226,769,3,1095713221
33433,226,1209,3,1096420255
33434,226,876,4,1114838677
33435,226,1210,4,1101193074
33436,226,4505,2,1164617808
33437,226,1046,4,1095663809
33438,226,5850,3,1095713043
33439,226,771,4,1095663760
33440,226,3070,3,1097545747
33441,226,1212,3,1101194024
33442,226,5851,4,1095695337
33443,226,2960,3,1096420912
33444,226,5852,1,1095695007
33445,226,2514,4,1096420239
33446,226,2047,4,1114838934
33447,226,2515,2,1196228511
33448,226,2239,4,1160004628
33449,226,772,3,1196229394
33450,226,1148,4,1160004037
33451,226,235,3,1159485354
33452,226,2964,0,1096421408
33453,226,773,2,1096422089
33454,226,3195,4,1196229078
33455,226,5853,4,1159220558
33456,226,878,4,1099625021
33457,226,2249,3,1099625049
33458,226,5854,3,1095695239
33459,226,774,4,1097545497
33460,226,1218,4,1160003449
33461,226,775,4,1095663758
33462,226,881,3,1096419714
33463,226,2720,1,1096420235
33464,226,2516,2,1097544901
33465,226,2252,4,1095663967
33466,226,883,4,1096421372
33467,226,3269,4,1097544898
33468,226,4286,3,1097545796
33469,226,3200,4,1162428716
33470,226,1130,4,1164823740
33471,226,5855,2,1097544907
33472,226,885,3,1114839779
33473,226,886,2,1160003959
33474,226,4139,3,1203892179
33475,226,779,4,1172040539
33476,226,780,4,1095663953
33477,226,3146,4,1159220119
33478,226,2048,3,1130136782
33479,226,782,4,1096419718
33480,226,5098,3,1097545263
33481,226,2049,3,1096419352
33482,226,783,4,1095663535
33483,226,1227,4,1095663558
33484,226,785,0,1095663581
33485,226,786,3,1095663553
33486,226,1228,4,1114842920
33487,226,3351,4,1114842889
33488,226,2265,1,1095663572
33489,226,2266,4,1102471952
33490,226,5750,3,1095663437
33491,226,1229,2,1160004553
33492,226,792,4,1160003529
33493,226,890,2,1102471960
33494,226,2518,4,1116040987
33495,226,799,2,1160004304
33496,226,5794,4,1159220538
33497,226,1237,4,1130136595
33498,226,3150,4,1114839797
33499,226,1891,3,1160004625
33500,226,5856,1,1201155937
33501,226,2286,4,1160003461
33502,226,809,4,1119986629
33503,226,810,4,1119986605
33504,226,812,2,1121367045
33505,226,1892,3,1159220100
33506,226,2127,4,1139535286
33507,226,5752,2,1164617624
33508,226,3780,2,1162662166
33509,226,5857,4,1130136537
33510,226,1246,4,1130136527
33511,226,2292,4,1201155401
33512,226,4838,4,1159220184
33513,226,2299,3,1162249571
33514,226,3372,3,1172040309
33515,226,1894,4,1162428478
33516,226,1895,4,1196229510
33517,226,2307,4,1161043180
33518,226,5858,4,1173542205
33519,226,1897,4,1164616630
33520,226,1255,2,1197925645
33521,226,3152,4,1159219222
33522,226,5755,2,1198872911
33523,226,1256,5,1159219237
33524,226,3389,3,1162249533
33525,226,1257,3,1213033209
33526,226,237,2,1159219251
33527,226,5000,2,1166114999
33528,226,238,4,1172040242
33529,226,1052,4,1162427904
33530,226,5859,4,1172866331
33531,226,2326,4,1190445213
33532,226,1905,4,1188887134
33533,226,3153,1,1196228791
33534,226,1264,2,1197925720
33535,226,1265,4,1197925599
33536,226,2519,4,1198991650
33537,226,1270,4,1188887597
33538,226,2058,4,1201155350
33539,226,2338,4,1190445190
33540,226,3806,3,1193119200
33541,226,1274,4,1194473358
33542,226,1275,5,1196229196
33543,226,2059,5,1196229205
33544,226,2060,3,1197925630
33545,226,1054,4,1199115755
33546,226,904,3,1201155329
33547,226,1276,4,1213033221
33548,226,4524,3,1199460823
33549,226,1282,2,1212009874
33550,226,1283,4,1213033199
33551,227,492,3,1447210004
33552,227,293,4,1447210296
33553,227,4,5,1447209787
33554,227,8,3,1447209812
33555,227,464,4,1447210328
33556,227,540,3,1447189660
33557,227,304,4,1447210595
33558,227,16,3,1447189626
33559,227,17,4,1447189845
33560,227,233,4,1447209693
33561,227,21,5,1447209795
33562,227,26,4,1447209911
33563,227,29,4,1447189837
33564,227,479,3,1447209993
33565,227,35,4,1447189848
33566,227,723,4,1447209746
33567,227,1160,5,1447189556
33568,227,1028,4,1447189497
33569,227,336,3,1447189854
33570,227,45,4,1447209942
33571,227,69,4,1447189623
33572,227,729,4,1447189540
33573,227,379,4,1447189655
33574,227,1171,4,1447209713
33575,227,1609,4,1447189667
33576,227,167,4,1447189517
33577,227,193,5,1447189502
33578,227,876,4,1447210319
33579,227,235,4,1447210226
33580,227,1218,5,1447210839
33581,227,775,3,1447209737
33582,227,1221,4,1447210222
33583,227,4287,5,1447210661
33584,227,4292,4,1447210052
33585,227,3147,4,1447210424
33586,227,2267,4,1447210685
33587,227,3148,4,1447210508
33588,227,891,5,1447209857
33589,227,2051,4,1447209897
33590,227,807,4,1447210527
33591,227,1244,4,1447210948
33592,227,5860,4,1447210468
33593,227,896,3,1447210583
33594,227,897,4,1447210890
33595,227,1256,4,1447210140
33596,227,2055,5,1447210720
33597,227,899,4,1447210731
33598,227,2128,3,1447210814
33599,227,2317,5,1447210376
33600,227,1051,4,1447210239
33601,227,824,3,1447210566
33602,227,4728,4,1447210649
33603,227,3154,2,1447210634
33604,227,903,4,1447209900
33605,227,2344,5,1447210041
33606,227,2059,4,1447209881
33607,227,904,4,1447210824
33608,227,2061,4,1447210013
33609,227,3678,4,1447210409
33610,227,239,4,1447189506
33611,227,1055,4,1447210146
33612,227,1912,4,1447210745
33613,227,2810,4,1447210918
33614,227,1916,4,1447209709
33615,227,1058,3,1447209932
33616,227,1293,4,1447210254
33617,227,1061,5,1447210503
33618,227,243,3,1447209999
33619,227,245,3,1447189842
33620,227,247,4,1447209928
33621,227,935,3,1447209888
33622,227,1064,5,1447210760
33623,227,5861,5,1447210098
33624,227,1328,4,1447210670
33625,227,1067,3,1447210111
33626,227,250,4,1447209866
33627,227,251,4,1447210521
33628,227,2830,4,1447210461
33629,227,1954,4,1447210930
33630,227,1345,4,1447210774
33631,227,1347,4,1447210904
33632,227,2835,4,1447210340
33633,227,1074,4,1447210810
33634,227,1970,4,1447210401
33635,227,253,5,1447210781
33636,227,962,5,1447209840
33637,227,254,3,1447209767
33638,227,1076,4,1447210130
33639,227,257,4,1447210268
33640,227,1362,4,1447189576
33641,227,4714,4,1447210317
33642,227,258,4,1447189591
33643,227,1085,4,1447189563
33644,227,1086,4,1447189572
33645,228,5,4,1363222968
33646,228,506,2,1363222731
33647,228,16,4,1363222887
33648,228,233,4,1363222965
33649,228,22,2,1363222608
33650,228,1095,4,1363222896
33651,228,1422,3,1363222618
33652,228,2662,3,1363222739
33653,228,1028,4,1363222959
33654,228,3698,3,1363222701
33655,228,69,4,1363222890
33656,228,76,4,1363222906
33657,228,1470,4,1363222624
33658,228,979,3,1363222670
33659,228,1007,4,1363222654
33660,228,2463,3,1363222694
33661,228,5199,4,1363222719
33662,228,167,4,1363222884
33663,228,1646,4,1363222629
33664,228,5129,3,1363222727
33665,228,1671,4,1363222662
33666,228,1688,4,1363222713
33667,228,1040,3,1363222599
33668,228,1042,4,1363222643
33669,228,1056,4,1363222904
33670,229,1,5,838144316
33671,229,484,3,838143681
33672,229,487,4,836941790
33673,229,493,3,836942063
33674,229,292,4,836942097
33675,229,461,5,836942064
33676,229,462,4,838147251
33677,229,294,3,838143681
33678,229,8,5,836942019
33679,229,525,4,838143610
33680,229,464,5,836941256
33681,229,465,3,836941325
33682,229,532,3,838143949
33683,229,540,4,836941791
33684,229,4258,3,836942246
33685,229,558,4,836942063
33686,229,561,5,838143576
33687,229,562,4,838143622
33688,229,466,3,836941791
33689,229,308,4,838145884
33690,229,584,4,838144399
33691,229,585,4,836942020
33692,229,469,4,836942200
33693,229,17,5,836941258
33694,229,470,3,838144346
33695,229,1005,3,838143696
33696,229,233,5,836941551
33697,229,600,4,836941550
33698,229,310,4,838143659
33699,229,471,3,836941325
33700,229,311,4,838143707
33701,229,312,3,838143659
33702,229,20,4,836941325
33703,229,611,3,838144000
33704,229,21,4,836942064
33705,229,314,4,838143589
33706,229,472,4,838143817
33707,229,23,3,836942137
33708,229,622,4,838143959
33709,229,473,4,836941260
33710,229,474,3,836942019
33711,229,634,3,836942675
33712,229,635,3,838143547
33713,229,637,4,838143576
33714,229,1157,3,838144451
33715,229,639,4,836942062
33716,229,26,5,836942673
33717,229,475,3,838144001
33718,229,318,4,836942246
33719,229,27,3,838143949
33720,229,649,3,838143752
33721,229,28,4,838143576
33722,229,657,4,838145979
33723,229,320,3,838144451
33724,229,29,4,838144399
33725,229,322,4,838143576
33726,229,828,3,838143590
33727,229,671,3,838144399
33728,229,479,5,836942292
33729,229,33,3,836941249
33730,229,34,3,836941246
33731,229,35,4,836942674
33732,229,481,3,838144399
33733,229,38,4,838144015
33734,229,42,4,838144015
33735,230,482,2,1196305107
33736,230,461,2,1196304670
33737,230,463,3,1196304844
33738,230,4,3,1196304391
33739,230,464,2,1196304464
33740,230,465,3,1196304414
33741,230,534,3,1196304155
33742,230,14,2,1196304706
33743,230,466,4,1196304655
33744,230,581,1,1196304123
33745,230,233,3,1196304226
33746,230,605,2,1196304751
33747,230,471,3,1196304399
33748,230,472,3,1196304442
33749,230,23,3,1196304633
33750,230,622,3,1196304529
33751,230,473,3,1196304429
33752,230,29,1,1196304688
33753,230,322,2,1196304685
33754,230,828,3,1196304782
33755,230,671,2,1196304573
33756,230,323,2,1196304330
33757,230,479,0,1196304248
33758,230,33,2,1196304229
33759,230,34,3,1196304416
33760,230,35,3,1196304314
33761,230,324,2,1196304443
33762,230,481,4,1196304511
33763,230,674,1,1196304152
33764,230,38,2,1196304367
33765,230,39,2,1196304098
33766,230,42,4,1196304525
33767,230,43,3,1196304289
33768,230,2427,2,1196305154
33769,230,1431,2,1196305121
33770,230,336,1,1196304813
33771,230,1774,2,1196304128
33772,230,59,4,1196304192
33773,230,61,3,1196304562
33774,230,66,0,1196304816
33775,230,725,2,1196304952
33776,230,1029,3,1196304682
33777,230,76,3,1196304584
33778,230,866,1,1196304810
33779,230,4057,3,1196304162
33780,230,1030,1,1196304165
33781,230,2147,1,1196304828
33782,230,2420,1,1196304762
33783,230,1476,3,1196305169
33784,230,980,4,1196304184
33785,230,1485,3,1196305027
33786,230,1031,5,1196304546
33787,230,101,3,1196304895
33788,230,102,3,1196304359
33789,230,984,2,1196305204
33790,230,108,3,1196305099
33791,230,729,2,1196304802
33792,230,234,3,1196304498
33793,230,988,3,1196304348
33794,230,372,0,1196304180
33795,230,1171,3,1196304480
33796,230,382,2,1196304631
33797,230,126,2,1196305016
33798,230,272,2,1196304120
33799,230,1035,2,1196305116
33800,230,132,3,1196304196
33801,230,135,3,1196304847
33802,230,142,3,1196304730
33803,230,147,3,1196304708
33804,230,1597,4,1196305086
33805,230,163,2,1196304832
33806,230,1632,3,1196304139
33807,230,171,3,1196304922
33808,230,174,0,1196304146
33809,230,400,0,1196304457
33810,230,1643,3,1196304627
33811,230,181,2,1196304364
33812,230,402,2,1196304352
33813,230,1667,1,1196304143
33814,230,188,3,1196304664
33815,230,193,3,1196304424
33816,230,194,1,1196305144
33817,230,195,2,1196304598
33818,230,736,3,1196304509
33819,230,204,3,1196304769
33820,230,209,1,1196305081
33821,230,219,3,1196305101
33822,230,220,3,1196304382
33823,230,738,3,1196304600
33824,230,229,3,1196304324
33825,230,1797,4,1196304787
33826,230,432,2,1196304302
33827,230,1043,4,1196304538
33828,230,440,1,1196304469
33829,230,747,4,1196305157
33830,230,755,2,1196304610
33831,230,756,4,1196305032
33832,230,757,4,1196304296
33833,230,760,4,1196305078
33834,230,762,4,1196304849
33835,230,1203,3,1196304985
33836,230,765,3,1196304332
33837,230,768,3,1196304406
33838,230,769,4,1196304361
33839,230,876,4,1196304237
33840,230,1046,4,1196304944
33841,230,2235,1,1196305105
33842,230,771,5,1196304426
33843,230,772,3,1196305025
33844,230,235,2,1196304409
33845,230,773,4,1196304624
33846,230,775,3,1196304486
33847,230,1048,1,1196304484
33848,230,779,2,1196304396
33849,230,5862,1,1196304735
33850,230,783,4,1196304298
33851,230,1049,4,1196304992
33852,230,795,3,1196304239
33853,230,1237,2,1196304899
33854,230,2286,1,1196304701
33855,230,895,4,1196305197
33856,230,810,4,1196304232
33857,230,812,4,1196305083
33858,230,1892,4,1196304871
33859,230,5863,3,1196304475
33860,230,2127,4,1196304860
33861,230,1895,4,1196304772
33862,230,2300,4,1196304902
33863,230,1897,3,1196305065
33864,230,817,3,1196304679
33865,230,1255,5,1196304535
33866,230,1053,3,1196305180
33867,230,900,3,1196304449
33868,230,5864,2,1196304431
33869,230,1905,3,1196305199
33870,230,1269,5,1196304939
33871,230,1270,4,1196304543
33872,230,5865,4,1196304253
33873,230,5866,1,1196304246
33874,231,16,4,1433089449
33875,231,17,4,1433089540
33876,231,29,2,1433089472
33877,231,479,5,1433089491
33878,231,35,4,1433089510
33879,231,1028,4,1433089520
33880,231,1135,5,1433089494
33881,231,69,3,1433089453
33882,231,71,4,1433089446
33883,231,1029,5,1433089483
33884,231,76,4,1433089506
33885,231,82,4,1433089490
33886,231,86,4,1433089487
33887,231,90,4,1433089455
33888,231,234,2,1433089554
33889,231,167,5,1433089456
33890,231,185,4,1433089533
33891,231,1186,3,1433089523
33892,231,765,3,1433089516
33893,231,903,4,1433089651
33894,231,239,5,1433089583
33895,231,1916,5,1433089546
33896,231,945,2,1433089526
33897,231,254,3,1433089543
33898,232,1,3,1076955621
33899,232,482,4,1085351710
33900,232,487,3,1218167397
33901,232,463,3,1182909940
33902,232,4,4,1241823324
33903,232,1401,2,1218169473
33904,232,519,3,1182908245
33905,232,8,4,1182908701
33906,232,526,3,1218166300
33907,232,464,4,1101397575
33908,232,532,3,1218166156
33909,232,540,3,1218167110
33910,232,14,3,1218178208
33911,232,573,3,1182909639
33912,232,16,4,1218164802
33913,232,17,5,1241823280
33914,232,591,4,1121919788
33915,232,598,3,1218169414
33916,232,233,5,1207513462
33917,232,21,4,1076956528
33918,232,472,3,1182910390
33919,232,622,3,1218165891
33920,232,27,3,1218167925
33921,232,28,4,1077235210
33922,232,29,4,1241823096
33923,232,975,4,1101397650
33924,232,1420,3,1076967647
33925,232,828,3,1218167353
33926,232,323,3,1077235202
33927,232,479,4,1218165737
33928,232,480,2,1182910233
33929,232,324,3,1182910034
33930,232,36,2,1182910339
33931,232,481,3,1182907614
33932,232,38,3,1218167154
33933,232,1159,3,1218170236
33934,232,39,3,1182909693
33935,232,40,2,1182909281
33936,232,42,3,1182907373
33937,232,1097,3,1218480882
33938,232,1429,2,1218169518
33939,232,43,3,1218166039
33940,232,693,2,1218170560
33941,232,1028,4,1200882932
33942,232,45,4,1076956366
33943,232,2395,4,1182909699
33944,232,1770,3,1076967778
33945,232,1774,2,1218169998
33946,232,863,3,1085353465
33947,232,54,2,1218170631
33948,232,57,3,1182910079
33949,232,1775,3,1182907470
33950,232,1135,4,1218164976
33951,232,61,4,1182909199
33952,232,66,4,1182909878
33953,232,68,3,1218480813
33954,232,1100,2,1182910138
33955,232,69,4,1218164794
33956,232,70,4,1076952680
33957,232,71,4,1182907601
33958,232,74,5,1077235144
33959,232,82,4,1076951836
33960,232,84,3,1137909287
33961,232,85,4,1219792790
33962,232,86,3,1218166307
33963,232,90,3,1218166035
33964,232,270,3,1135922591
33965,232,1461,1,1182910719
33966,232,978,3,1218166157
33967,232,1474,3,1076951599
33968,232,2147,3,1161829062
33969,232,1487,2,1218170716
33970,232,1168,3,1218165603
33971,232,102,3,1218165957
33972,232,982,2,1218169853
33973,232,984,3,1218166335
33974,232,729,4,1218165205
33975,232,1508,2,1218170998
33976,232,1510,3,1241823770
33977,232,5111,3,1218167146
33978,232,988,4,1182909244
33979,232,110,3,1218165826
33980,232,376,3,1076956051
33981,232,1534,3,1218168019
33982,232,731,4,1141776621
33983,232,379,3,1218166780
33984,232,116,4,1182909320
33985,232,1171,4,1241823289
33986,232,1543,4,1182907621
33987,232,119,2,1182910468
33988,232,1777,3,1218165584
33989,232,121,1,1182910568
33990,232,2183,3,1218166612
33991,232,122,5,1241823312
33992,232,126,2,1182910449
33993,232,1778,3,1182909401
33994,232,128,3,1076956629
33995,232,272,2,1182910401
33996,232,1035,2,1182910383
33997,232,1560,3,1182909518
33998,232,1780,3,1076956017
33999,232,132,2,1182910242
34000,232,135,3,1218166034
34001,232,137,3,1182909951
34002,232,1575,3,1218166251
34003,232,145,4,1261435371
34004,232,147,3,1182909874
34005,232,148,5,1278825006
34006,232,1601,3,1076951495
34007,232,1608,3,1218166964
34008,232,1783,3,1182909516
34009,232,160,3,1182909936
34010,232,2579,1,1218171091
34011,232,2471,4,1076956577
34012,232,165,3,1218169508
34013,232,167,4,1141776628
34014,232,171,3,1218167844
34015,232,172,4,1218164799
34016,232,1003,3,1192670416
34017,232,1641,3,1218169228
34018,232,1179,3,1218178120
34019,232,181,3,1182909790
34020,232,735,2,1182910474
34021,232,1645,2,1218170872
34022,232,402,5,1218165016
34023,232,405,3,1182910086
34024,232,183,3,1218166279
34025,232,1653,3,1141776548
34026,232,2188,4,1165733043
34027,232,3298,2,1217541051
34028,232,1180,3,1101397664
34029,232,193,4,1218166106
34030,232,736,3,1218166775
34031,232,204,5,1218164903
34032,232,416,2,1218169851
34033,232,1788,4,1218165499
34034,232,1185,4,1217540762
34035,232,737,3,1182909511
34036,232,1012,3,1241823790
34037,232,1722,3,1182910714
34038,232,1725,3,1182909324
34039,232,1040,3,1182908293
34040,232,1041,4,1234142013
34041,232,1734,3,1141776650
34042,232,220,5,1182908274
34043,232,1014,3,1218166869
34044,232,2607,2,1218170285
34045,232,1015,3,1182908258
34046,232,1756,2,1218169317
34047,232,1187,3,1182909946
34048,232,1016,4,1217540757
34049,232,1795,3,1101397690
34050,232,229,4,1076951731
34051,232,230,3,1078875782
34052,232,1765,3,1182909768
34053,232,1018,3,1218167737
34054,232,867,3,1218167568
34055,232,429,4,1283133001
34056,232,430,3,1218168076
34057,232,740,4,1141776608
34058,232,1797,4,1141776652
34059,232,278,4,1214863011
34060,232,741,3,1192670361
34061,232,4493,2,1206994475
34062,232,2209,4,1283134077
34063,232,1800,2,1182910444
34064,232,742,3,1218169310
34065,232,432,3,1182910663
34066,232,1802,3,1141776664
34067,232,433,3,1182908538
34068,232,3310,3,1182909891
34069,232,1803,2,1182910498
34070,232,743,3,1167623990
34071,232,1804,3,1217540864
34072,232,1043,4,1085352584
34073,232,3176,3,1218168010
34074,232,1805,3,1218167866
34075,232,437,3,1078875768
34076,232,1806,3,1218169222
34077,232,3312,3,1218166738
34078,232,1023,4,1171779063
34079,232,445,5,1194560461
34080,232,1811,2,1218170805
34081,232,4495,3,1218167271
34082,232,1812,2,1218169547
34083,232,745,4,1182909295
34084,232,746,4,1076956820
34085,232,2214,2,1218167479
34086,232,1814,4,1206995838
34087,232,452,3,1218166144
34088,232,1815,2,1218170325
34089,232,1816,3,1218165637
34090,232,4939,2,1218169925
34091,232,1817,2,1218169877
34092,232,747,3,1085351738
34093,232,3643,3,1218168091
34094,232,3319,3,1163024945
34095,232,1819,2,1182910491
34096,232,868,3,1218167909
34097,232,1822,3,1218164880
34098,232,748,3,1182909365
34099,232,4496,2,1218164471
34100,232,749,2,1206995172
34101,232,1880,3,1182909317
34102,232,1823,3,1218166652
34103,232,4943,3,1182907673
34104,232,1044,4,1101397685
34105,232,1194,3,1218166950
34106,232,5358,3,1218167407
34107,232,1825,4,1206995960
34108,232,5867,3,1234142155
34109,232,1195,4,1076956190
34110,232,4948,2,1218170518
34111,232,3323,3,1206995511
34112,232,751,4,1076952038
34113,232,752,4,1085351698
34114,232,2513,3,1218176888
34115,232,458,3,1218166089
34116,232,2695,3,1135663826
34117,232,753,4,1218164853
34118,232,3325,3,1182910064
34119,232,1833,3,1182909688
34120,232,4953,3,1182909685
34121,232,754,3,1218169632
34122,232,755,4,1182910036
34123,232,2220,3,1218166263
34124,232,2124,4,1184190220
34125,232,3745,2,1218170284
34126,232,3647,1,1218171143
34127,232,2718,4,1114641277
34128,232,1838,3,1218167725
34129,232,2222,5,1167944618
34130,232,1839,2,1215496833
34131,232,756,3,1182908113
34132,232,1881,2,1207243817
34133,232,1840,3,1218166253
34134,232,5208,2,1218170697
34135,232,2223,4,1092275524
34136,232,1842,3,1076952256
34137,232,1843,3,1218165362
34138,232,757,4,1076952051
34139,232,758,4,1218164796
34140,232,5380,4,1214862995
34141,232,3327,4,1102306110
34142,232,1199,4,1076952023
34143,232,759,4,1182907760
34144,232,2477,2,1218169549
34145,232,5868,2,1182910397
34146,232,760,3,1218167164
34147,232,1847,3,1137909405
34148,232,5869,2,1218169904
34149,232,848,3,1218166656
34150,232,4500,3,1218165996
34151,232,762,4,1076952044
34152,232,1848,2,1218170803
34153,232,849,3,1218166716
34154,232,5870,2,1218170315
34155,232,5871,2,1218166812
34156,232,1200,3,1218165220
34157,232,871,3,1182907404
34158,232,3748,3,1182909229
34159,232,1849,4,1180747257
34160,232,5392,3,1283133361
34161,232,1202,3,1217540774
34162,232,1203,2,1218169437
34163,232,2957,3,1234142171
34164,232,2772,4,1206992601
34165,232,764,3,1218167374
34166,232,852,3,1218167505
34167,232,4483,2,1085352240
34168,232,2752,2,1182910197
34169,232,1204,3,1206993597
34170,232,5172,4,1182909893
34171,232,4503,3,1218167346
34172,232,765,4,1101397634
34173,232,857,4,1241823527
34174,232,766,4,1218165777
34175,232,767,4,1242616806
34176,232,1206,4,1234812237
34177,232,3653,3,1218167256
34178,232,5872,2,1182910418
34179,232,3654,3,1218167127
34180,232,5873,2,1218170643
34181,232,5874,2,1218170703
34182,232,3069,3,1218167998
34183,232,3616,3,1167624017
34184,232,1853,3,1192670177
34185,232,1854,4,1141776676
34186,232,5875,3,1218167398
34187,232,3189,4,1206994985
34188,232,5210,2,1218170048
34189,232,4973,4,1092275227
34190,232,4117,3,1218167343
34191,232,5407,3,1218167512
34192,232,2233,3,1160773785
34193,232,4118,2,1218169987
34194,232,1207,3,1182908784
34195,232,5409,3,1218167558
34196,232,3192,2,1218169594
34197,232,1857,4,1101397722
34198,232,5849,3,1206994563
34199,232,3193,3,1182907455
34200,232,768,3,1218165156
34201,232,3656,3,1182908416
34202,232,769,4,1101397732
34203,232,1209,3,1218168083
34204,232,5876,2,1218170197
34205,232,876,4,1076956807
34206,232,1210,3,1218165668
34207,232,3332,2,1218170363
34208,232,4505,2,1182910507
34209,232,3657,3,1085352485
34210,232,1883,2,1218170019
34211,232,770,2,1218169749
34212,232,877,2,1218169643
34213,232,2235,4,1192670004
34214,232,771,4,1078451197
34215,232,3070,3,1218167223
34216,232,1212,3,1218166293
34217,232,3071,3,1218167229
34218,232,2237,3,1096427337
34219,232,3661,3,1218178127
34220,232,3662,3,1182909798
34221,232,3333,3,1218165908
34222,232,5877,2,1167944697
34223,232,5004,1,1085353163
34224,232,5214,2,1218170720
34225,232,2514,4,1141776686
34226,232,2047,3,1234141908
34227,232,3335,3,1218166879
34228,232,3259,3,1079651579
34229,232,2515,3,1218168016
34230,232,3668,3,1218166894
34231,232,5878,3,1218165478
34232,232,772,4,1085352910
34233,232,2963,3,1218167288
34234,232,235,3,1192670494
34235,232,3337,4,1085897071
34236,232,3670,4,1218166959
34237,232,1216,3,1218166885
34238,232,773,3,1182909531
34239,232,3195,3,1182908341
34240,232,878,3,1085352860
34241,232,5879,3,1182909997
34242,232,3673,2,1218170589
34243,232,5880,3,1206995944
34244,232,2251,4,1111362981
34245,232,3197,3,1182908110
34246,232,3674,2,1218169760
34247,232,774,3,1108256050
34248,232,1218,4,1096426962
34249,232,5881,3,1182909260
34250,232,775,4,1141776617
34251,232,776,0,1085352933
34252,232,2405,3,1307241923
34253,232,4983,2,1218170014
34254,232,2969,3,1218165479
34255,232,882,2,1182910552
34256,232,2516,3,1182908786
34257,232,1047,4,1157325748
34258,232,5882,3,1218167594
34259,232,5883,3,1182909399
34260,232,5187,2,1218166704
34261,232,5884,2,1206992899
34262,232,5885,2,1218170688
34263,232,2252,4,1182907751
34264,232,883,4,1083112841
34265,232,2708,2,1218169300
34266,232,4984,3,1218166066
34267,232,3269,3,1218166817
34268,232,3344,3,1241823492
34269,232,4286,4,1096427389
34270,232,1130,4,1207291954
34271,232,5225,3,1218167270
34272,232,4287,3,1219793592
34273,232,1222,3,1218166086
34274,232,5886,3,1218166748
34275,232,2406,3,1218166328
34276,232,3757,3,1218167687
34277,232,1048,3,1192670496
34278,232,5887,2,1219792761
34279,232,2517,3,1182909178
34280,232,777,3,1218169620
34281,232,5855,3,1218167483
34282,232,885,4,1218165969
34283,232,3345,3,1218166758
34284,232,886,5,1105237396
34285,232,779,3,1218167741
34286,232,1226,3,1218166628
34287,232,5188,3,1218167796
34288,232,780,2,1218169802
34289,232,5888,3,1218165533
34290,232,2753,3,1182908434
34291,232,3759,1,1106520268
34292,232,781,2,1283133515
34293,232,3146,3,1206994829
34294,232,2048,3,1218166796
34295,232,782,4,1101397745
34296,232,887,3,1182910203
34297,232,5889,3,1218164507
34298,232,4509,2,1218169291
34299,232,888,5,1206994964
34300,232,2049,4,1247190446
34301,232,783,4,1218164833
34302,232,4892,3,1218167918
34303,232,1227,3,1182910069
34304,232,1049,4,1182906922
34305,232,784,4,1182906925
34306,232,785,2,1218170685
34307,232,3350,3,1206994570
34308,232,786,2,1182910723
34309,232,236,4,1182908640
34310,232,5890,3,1110574223
34311,232,3351,4,1272853178
34312,232,2265,2,1182910591
34313,232,3760,2,1218169285
34314,232,5891,1,1139103826
34315,232,5892,3,1218167084
34316,232,5893,3,1218165177
34317,232,5232,3,1218170026
34318,232,3352,3,1218166946
34319,232,5894,2,1218170850
34320,232,788,1,1218171053
34321,232,3353,2,1114641281
34322,232,789,2,1114641325
34323,232,2266,3,1218176877
34324,232,790,3,1218166849
34325,232,791,3,1182910411
34326,232,5895,2,1218170783
34327,232,5896,2,1218169399
34328,232,1229,3,1206995859
34329,232,5897,3,1206993616
34330,232,2268,3,1110574174
34331,232,5898,3,1184190852
34332,232,1889,2,1218169353
34333,232,3355,2,1218170902
34334,232,793,4,1146019089
34335,232,794,4,1121398663
34336,232,795,4,1182907227
34337,232,796,3,1182908534
34338,232,3356,3,1218167641
34339,232,797,4,1218164491
34340,232,798,4,1110771457
34341,232,3761,2,1218170009
34342,232,2271,3,1218167331
34343,232,799,3,1182909472
34344,232,3357,3,1218167576
34345,232,5899,2,1182910712
34346,232,5102,3,1218167661
34347,232,3073,2,1218170528
34348,232,5900,3,1135663856
34349,232,3074,3,1182909279
34350,232,5901,2,1213170515
34351,232,4989,3,1218167935
34352,232,5902,3,1218167429
34353,232,5903,2,1218170824
34354,232,3149,2,1206995483
34355,232,2050,4,1218165558
34356,232,891,4,1120426369
34357,232,1237,3,1182908680
34358,232,801,4,1218165086
34359,232,802,3,1234194660
34360,232,3364,3,1218167945
34361,232,1891,3,1182907796
34362,232,5904,1,1182910643
34363,232,5905,2,1218170754
34364,232,5906,3,1165733034
34365,232,5751,2,1218170624
34366,232,5907,2,1218170484
34367,232,2284,3,1218166206
34368,232,2285,2,1218170329
34369,232,5908,3,1218167367
34370,232,5909,1,1218171150
34371,232,892,3,1182909220
34372,232,5910,2,1206993582
34373,232,893,3,1182908617
34374,232,2126,3,1218168034
34375,232,4990,3,1144628465
34376,232,5911,3,1218167194
34377,232,5912,2,1218170937
34378,232,5913,2,1218170948
34379,232,4991,2,1218169532
34380,232,5914,3,1182910045
34381,232,804,3,1218167349
34382,232,805,3,1115521283
34383,232,806,2,1218169582
34384,232,4510,3,1218169812
34385,232,807,4,1247190530
34386,232,5915,2,1218170982
34387,232,3774,3,1218167769
34388,232,3366,3,1182908315
34389,232,1239,1,1115521259
34390,232,894,3,1141776107
34391,232,5916,2,1218169667
34392,232,5917,2,1218169279
34393,232,808,4,1144628331
34394,232,5918,2,1218169753
34395,232,2286,4,1183000329
34396,232,809,4,1182907445
34397,232,2709,3,1218167249
34398,232,5244,2,1218169577
34399,232,1240,3,1182909600
34400,232,5919,3,1241823205
34401,232,2983,3,1131856889
34402,232,2288,4,1131856872
34403,232,5245,2,1206995602
34404,232,3369,2,1135922207
34405,232,895,4,1119375180
34406,232,810,4,1120426316
34407,232,5920,3,1184190758
34408,232,811,2,1218170303
34409,232,812,3,1218167705
34410,232,3216,3,1137909353
34411,232,5921,3,1218169457
34412,232,1241,3,1218168005
34413,232,1892,4,1133560651
34414,232,5922,3,1218169744
34415,232,813,4,1126409221
34416,232,5593,3,1218167601
34417,232,4992,3,1218166803
34418,232,5246,3,1182909491
34419,232,1242,3,1218165340
34420,232,4511,2,1218169914
34421,232,5923,3,1192670157
34422,232,4993,3,1218167992
34423,232,2127,3,1206992597
34424,232,5247,4,1182906985
34425,232,5924,2,1161829084
34426,232,1243,3,1218165222
34427,232,5009,3,1182909664
34428,232,2291,3,1206995180
34429,232,1244,3,1218166003
34430,232,5925,1,1218171141
34431,232,5753,2,1218170638
34432,232,3780,3,1214863051
34433,232,1245,3,1218170359
34434,232,5926,2,1218169615
34435,232,5857,3,1182909848
34436,232,4994,2,1218169866
34437,232,1246,3,1133560311
34438,232,2293,3,1163916421
34439,232,814,3,1247190421
34440,232,5927,3,1218170546
34441,232,1248,2,1182910140
34442,232,1249,3,1184190536
34443,232,5928,3,1158708861
34444,232,5929,3,1218167486
34445,232,3585,3,1234141883
34446,232,5191,3,1182910225
34447,232,5930,3,1218165618
34448,232,3600,4,1146019093
34449,232,5248,3,1182909356
34450,232,1893,2,1218178107
34451,232,2297,4,1147585563
34452,232,3782,2,1182910538
34453,232,2298,4,1167181856
34454,232,4513,3,1218167259
34455,232,896,3,1247190503
34456,232,1894,2,1133560302
34457,232,897,4,1160773826
34458,232,5249,4,1135663835
34459,232,5931,2,1182910129
34460,232,5932,1,1207282903
34461,232,3783,2,1218169269
34462,232,1895,3,1218166212
34463,232,2300,4,1135663910
34464,232,5933,2,1182910359
34465,232,816,3,1218167058
34466,232,4514,3,1218166922
34467,232,4996,2,1182910541
34468,232,5250,3,1218167413
34469,232,3785,3,1218166930
34470,232,2976,3,1165732884
34471,232,5934,2,1206995969
34472,232,5935,3,1206994414
34473,232,3379,3,1192670117
34474,232,5936,2,1157249443
34475,232,5684,3,1163024114
34476,232,4759,1,1218171084
34477,232,5937,3,1182909819
34478,232,5192,2,1218169297
34479,232,4998,3,1157325659
34480,232,5938,0,1182910684
34481,232,2305,2,1163916488
34482,232,5939,2,1167944835
34483,232,3380,3,1218167474
34484,232,1250,3,1182909752
34485,232,1251,5,1218164812
34486,232,3509,3,1218166847
34487,232,2307,4,1167623972
34488,232,1252,3,1182908082
34489,232,5940,2,1218169790
34490,232,4999,1,1218171050
34491,232,1254,3,1192670513
34492,232,3381,3,1206992657
34493,232,5941,1,1218171059
34494,232,3382,3,1247190559
34495,232,4515,3,1182910026
34496,232,4516,2,1149998420
34497,232,1896,3,1218166540
34498,232,5942,2,1218169418
34499,232,5586,3,1178309764
34500,232,3510,1,1218171067
34501,232,5943,3,1160773862
34502,232,1897,3,1149998362
34503,232,817,3,1165732766
34504,232,3384,3,1165732900
34505,232,818,3,1182909999
34506,232,5944,2,1206994988
34507,232,2977,2,1218170842
34508,232,1898,3,1218166204
34509,232,1255,3,1218165458
34510,232,3386,3,1218166697
34511,232,820,2,1172371508
34512,232,5145,1,1172032160
34513,232,2722,3,1167944875
34514,232,3388,2,1170903278
34515,232,5755,2,1218170602
34516,232,821,3,1182907408
34517,232,1256,4,1166916648
34518,232,1257,2,1218170813
34519,232,237,3,1218166485
34520,232,1899,3,1218167826
34521,232,2055,3,1182910210
34522,232,899,4,1182543869
34523,232,3511,3,1218165665
34524,232,1258,2,1206993270
34525,232,3512,3,1215118123
34526,232,2128,3,1174664303
34527,232,4517,3,1206992935
34528,232,2313,3,1170903249
34529,232,3392,3,1241829512
34530,232,3075,3,1183607522
34531,232,5945,3,1182909773
34532,232,2316,3,1165732799
34533,232,1133,3,1218167087
34534,232,5255,3,1218167381
34535,232,238,4,1182909912
34536,232,3794,3,1182909854
34537,232,5256,2,1178309795
34538,232,5946,2,1218170142
34539,232,2317,4,1234141897
34540,232,1051,4,1207513521
34541,232,1052,4,1165732830
34542,232,822,3,1170903292
34543,232,2978,3,1163024515
34544,232,5947,2,1192670580
34545,232,824,2,1178309719
34546,232,3395,2,1182910635
34547,232,5948,3,1192670704
34548,232,825,3,1218166166
34549,232,5949,3,1206992537
34550,232,826,2,1218169787
34551,232,4519,3,1167182081
34552,232,2320,4,1182907271
34553,232,1260,2,1170903258
34554,232,5950,3,1199131839
34555,232,2321,3,1184189714
34556,232,5002,4,1171779265
34557,232,2322,4,1241823250
34558,232,5951,3,1184189944
34559,232,2323,3,1183607472
34560,232,5952,2,1192670856
34561,232,5953,2,1184189768
34562,232,3514,3,1218176215
34563,232,3398,3,1283133123
34564,232,2984,3,1184189810
34565,232,5954,1,1218170620
34566,232,1053,4,1184189889
34567,232,5955,2,1206984121
34568,232,5956,2,1218171200
34569,232,1903,3,1218165506
34570,232,3079,2,1207513446
34571,232,5859,2,1218170466
34572,232,2326,3,1234141890
34573,232,5957,3,1241823708
34574,232,1262,4,1178309773
34575,232,3802,2,1218169288
34576,232,900,5,1174664622
34577,232,5958,2,1218169659
34578,232,5258,3,1206983440
34579,232,2724,4,1206982900
34580,232,5959,2,1192670594
34581,232,2328,4,1192670618
34582,232,5960,3,1218167358
34583,232,2986,3,1218168067
34584,232,5961,2,1180747408
34585,232,3403,3,1218169603
34586,232,2331,3,1218166799
34587,232,3405,3,1180747388
34588,232,1263,3,1180747392
34589,232,5962,3,1206983916
34590,232,2979,3,1218167734
34591,232,1905,4,1182906718
34592,232,3407,4,1241922905
34593,232,1906,2,1218169367
34594,232,1264,3,1180747526
34595,232,5963,0,1209068728
34596,232,1907,3,1218167101
34597,232,1267,2,1218170607
34598,232,2057,3,1241923110
34599,232,2725,4,1241823351
34600,232,2335,3,1199132082
34601,232,1268,3,1218166012
34602,232,2710,3,1184189872
34603,232,1269,3,1184189904
34604,232,2519,2,1206994049
34605,232,3409,3,1241923882
34606,232,5964,3,1241923869
34607,232,3154,4,1206995704
34608,232,903,4,1206992219
34609,232,2058,4,1194560639
34610,232,2336,3,1218165650
34611,232,2338,4,1283132983
34612,232,3418,3,1207537710
34613,232,4521,2,1218171109
34614,232,3420,3,1210210498
34615,232,1273,4,1241823174
34616,232,2520,3,1218165633
34617,232,1274,3,1213901644
34618,232,3601,3,1199131896
34619,232,1275,4,1214863039
34620,232,3516,3,1241922865
34621,232,3423,3,1247190847
34622,232,5965,2,1241924604
34623,232,3424,4,1206993579
34624,232,2060,2,1241922686
34625,232,1054,3,1218170552
34626,232,904,4,1206992376
34627,232,1276,4,1241924584
34628,232,905,3,1218167651
34629,232,5588,3,1210210365
34630,232,5966,0,1241823595
34631,232,2129,2,1206991174
34632,232,5967,3,1241924755
34633,232,1279,3,1217540804
34634,232,1910,3,1206991186
34635,232,906,4,1206991179
34636,232,5968,2,1206991103
34637,232,4525,3,1213901692
34638,232,2350,2,1206991141
34639,232,1281,3,1209068651
34640,232,239,5,1217541078
34641,232,5969,3,1272854735
34642,232,2351,3,1218166343
34643,232,3434,3,1209068673
34644,232,5970,3,1216236684
34645,232,1911,4,1213989079
34646,232,4189,3,1214863116
34647,232,3435,4,1269572078
34648,232,3437,2,1210210332
34649,232,1055,4,1210210326
34650,232,1912,3,1234142297
34651,232,908,2,1217541086
34652,232,3080,3,1241823452
34653,232,1283,3,1218167234
34654,232,5971,4,1247526185
34655,232,1284,3,1213649726
34656,232,1056,3,1217541083
34657,232,3081,3,1215929649
34658,232,1285,3,1234142113
34659,232,1286,4,1261435496
34660,232,240,3,1241823467
34661,232,2130,3,1241823549
34662,232,911,2,1283133568
34663,232,2064,4,1241824607
34664,232,2369,4,1241824640
34665,232,5972,3,1241824575
34666,232,5973,3,1283133214
34667,232,3442,4,1241824524
34668,232,2372,4,1283134102
34669,232,1287,4,1247190751
34670,232,5974,3,1269572093
34671,232,2375,3,1241824408
34672,232,2379,4,1241824382
34673,232,1288,4,1247190526
34674,232,3602,3,1241824442
34675,232,4529,4,1241824472
34676,232,913,2,1283133766
34677,232,5027,4,1261435237
34678,232,2382,2,1287619381
34679,232,1058,4,1234142283
34680,232,3446,4,1241824328
34681,232,2383,4,1283133248
34682,232,1151,3,1234142304
34683,232,1290,4,1234142276
34684,232,914,3,1234142324
34685,232,2384,3,1241823425
34686,232,4192,3,1269572282
34687,232,2386,4,1241824292
34688,232,2387,3,1269572112
34689,232,4194,2,1283133505
34690,232,2066,3,1283133027
34691,232,3448,3,1234812332
34692,232,915,4,1241824237
34693,232,5975,3,1269572181
34694,232,3450,4,1241823927
34695,232,5976,3,1241823998
34696,232,5977,3,1241823945
34697,232,3451,4,1247190391
34698,232,3084,4,1261435258
34699,232,5267,2,1283133534
34700,232,3517,4,1241824120
34701,232,241,4,1269465489
34702,232,1152,5,1247190374
34703,232,1918,4,1247191040
34704,232,1919,3,1247190966
34705,232,3455,3,1269572172
34706,232,916,4,1247190918
34707,232,3456,3,1283133596
34708,232,1297,4,1247190936
34709,232,4739,3,1269465778
34710,232,917,3,1269465590
34711,232,4531,3,1247191068
34712,232,2991,4,1283133048
34713,232,1920,3,1247191024
34714,232,1298,4,1247190951
34715,232,1060,5,1269465448
34716,232,3459,2,1269572816
34717,232,918,3,1269572499
34718,232,919,3,1269572757
34719,232,1061,3,1269465465
34720,232,5978,3,1283133718
34721,232,5979,3,1283133774
34722,232,2392,2,1269465756
34723,232,4532,3,1288065691
34724,232,1062,3,1283133268
34725,232,5980,2,1287619587
34726,232,5981,3,1283133607
34727,232,3464,3,1269572494
34728,232,2068,4,1269465509
34729,232,3519,3,1283132947
34730,232,4730,4,1283133658
34731,232,242,4,1269465527
34732,232,5982,3,1283133200
34733,232,4536,4,1283133224
34734,232,922,4,1283133101
34735,232,3603,3,1269465565
34736,232,291,3,1283133623
34737,232,3466,4,1283133176
34738,232,1922,4,1283132896
34739,232,5270,3,1283133148
34740,232,5271,3,1288065504
34741,232,927,4,1269485134
34742,232,928,3,1283133082
34743,232,5983,3,1269572651
34744,232,1312,4,1272846205
34745,232,4541,3,1283133844
34746,232,1314,4,1283133907
34747,232,1134,5,1283133814
34748,232,5984,2,1283133925
34749,232,245,5,1283133804
34750,232,2814,3,1283133879
34751,232,1315,4,1283133882
34752,232,4542,3,1283133842
34753,232,1316,3,1283133899
34754,232,1318,4,1283133789
34755,232,4202,3,1307241965
34756,232,5985,4,1294365927
34757,232,1933,5,1294365918
34758,232,1320,4,1294365914
34759,232,1155,4,1294365921
34760,233,1,3,1524781249
34761,233,4,3,1524781264
34762,233,5,4,1472587568
34763,233,8,3,1524781255
34764,233,464,2,1524781261
34765,233,17,4,1448816239
34766,233,233,5,1448815806
34767,233,21,5,1524781243
34768,233,472,3,1530047205
34769,233,23,3,1448816479
34770,233,29,4,1448815873
34771,233,828,3,1448816482
34772,233,35,4,1448816574
34773,233,37,4,1524781273
34774,233,38,3,1529334061
34775,233,1160,3,1532964883
34776,233,43,2,1524781252
34777,233,1431,2,1448816511
34778,233,1028,4,1524781360
34779,233,724,3,1529334376
34780,233,1162,3,1529334567
34781,233,63,2,1529333236
34782,233,68,3,1530047068
34783,233,1102,3,1529333447
34784,233,72,4,1529334133
34785,233,354,3,1529334387
34786,233,1106,3,1448816387
34787,233,84,4,1448816585
34788,233,91,4,1529334144
34789,233,102,3,1529334057
34790,233,988,3,1529334058
34791,233,109,4,1448816492
34792,233,2091,3,1529334166
34793,233,1536,3,1529334433
34794,233,122,4,1520206309
34795,233,126,2,1448816519
34796,233,5745,2,1533296455
34797,233,392,4,1530047404
34798,233,148,4,1448816115
34799,233,167,4,1524781479
34800,233,179,3,1529751931
34801,233,1179,3,1448816489
34802,233,402,3,1529333875
34803,233,185,3,1529333467
34804,233,193,4,1448815881
34805,233,198,4,1529334032
34806,233,1183,4,1532964947
34807,233,204,4,1448815825
34808,233,2511,3,1529334332
34809,233,1187,3,1448816524
34810,233,1797,2,1529751932
34811,233,278,4,1529334158
34812,233,741,3,1448816528
34813,233,437,3,1448816506
34814,233,446,3,1529334254
34815,233,1191,3,1529334251
34816,233,745,4,1448816391
34817,233,4951,1,1536181624
34818,233,1126,4,1448816384
34819,233,754,4,1448815893
34820,233,755,3,1529334670
34821,233,1199,4,1533296508
34822,233,764,3,1533296501
34823,233,765,4,1529333692
34824,233,3188,4,1529334180
34825,233,857,3,1530047083
34826,233,766,3,1533296504
34827,233,1206,4,1529334423
34828,233,1147,3,1529334235
34829,233,769,3,1529334082
34830,233,876,4,1529333689
34831,233,771,3,1529333698
34832,233,772,2,1529334415
34833,233,235,3,1529333686
34834,233,773,2,1529334083
34835,233,775,4,1448815887
34836,233,1130,5,1448816249
34837,233,4287,4,1529751876
34838,233,1048,3,1533296506
34839,233,886,3,1530047084
34840,233,780,3,1533296520
34841,233,795,3,1529333680
34842,233,4306,3,1530838983
34843,233,2050,3,1448815836
34844,233,807,3,1533296514
34845,233,810,3,1529333683
34846,233,1251,3,1530047152
34847,233,1253,3,1529333836
34848,233,1133,3,1448816311
34849,233,238,4,1530047149
34850,233,1052,3,1448816302
34851,233,824,3,1530047116
34852,233,3079,2,1529334718
34853,233,903,3,1472587447
34854,233,1275,3,1529334261
34855,233,4523,3,1529334449
34856,233,1279,3,1529334267
34857,233,1910,3,1533005152
34858,233,239,4,1520206338
34859,233,1055,3,1472587441
34860,233,1056,4,1472587437
34861,233,1916,3,1448815831
34862,233,1058,3,1448816138
34863,233,241,3,1448816308
34864,233,1297,3,1529334238
34865,233,4327,3,1529334711
34866,233,1061,3,1532964925
34867,233,927,2,1472587444
34868,233,928,3,1532964931
34869,233,243,4,1532964926
34870,233,5986,2,1537470566
34871,233,3088,1,1533005197
34872,233,245,3,1520206331
34873,233,1933,3,1529333481
34874,233,935,3,1537470521
34875,233,3851,3,1529334558
34876,233,2132,3,1448815942
34877,233,4548,2,1533235550
34878,233,250,3,1520206343
34879,233,251,3,1533235488
34880,233,945,3,1529334001
34881,233,4353,3,1533296418
34882,233,252,3,1529334444
34883,233,1967,2,1529334326
34884,233,2736,4,1529333155
34885,233,253,2,1529333499
34886,233,962,3,1448816340
34887,233,254,3,1529333457
34888,233,1358,4,1529334422
34889,233,3112,2,1520206302
34890,233,257,1,1529333395
34891,233,5987,2,1529333522
34892,233,258,2,1448815951
34893,233,1082,3,1529333424
34894,233,2135,2,1536181594
34895,233,1369,2,1529333366
34896,233,5988,3,1529333384
34897,233,1086,4,1448815901
34898,233,5989,2,1529333199
34899,233,2747,4,1529334104
34900,233,5990,1,1529333376
34901,233,4834,3,1532964867
34902,233,2873,4,1524781352
34903,233,2879,2,1529333325
34904,233,1396,5,1524781384
34905,233,5991,3,1529333300
34906,233,5667,3,1529333261
34907,233,5992,1,1529333314
34908,233,5682,3,1536181590
34909,233,2139,2,1536968163
34910,234,1,5,1004409347
34911,234,495,5,1004407893
34912,234,461,3,1004409582
34913,234,5993,4,1004408338
34914,234,1401,5,1004409503
34915,234,503,4,1004409020
34916,234,506,3,1001975877
34917,234,299,2,1004409854
34918,234,465,5,1004408585
34919,234,528,5,1004409003
34920,234,5288,2,1004409257
34921,234,1027,2,1001975991
34922,234,539,2,1004408768
34923,234,14,2,1001975992
34924,234,573,2,1004409273
34925,234,16,5,1004407958
34926,234,598,5,1004409682
34927,234,471,2,1001975992
34928,234,611,4,1004408151
34929,234,613,2,1001975853
34930,234,472,5,1004409394
34931,234,621,1,1004409854
34932,234,622,4,1004408071
34933,234,1416,3,1001975877
34934,234,5695,3,1004408651
34935,234,1157,3,1004408430
34936,234,640,3,1004409118
34937,234,643,2,1004408501
34938,234,27,5,1004407828
34939,234,648,4,1004408585
34940,234,655,1,1004409900
34941,234,5698,4,1004408472
34942,234,667,2,1004408768
34943,234,31,3,1004408517
34944,234,32,5,1004407764
34945,234,5994,3,1004409190
34946,234,828,2,1004409662
34947,234,323,5,1004409370
34948,234,33,4,1004408972
34949,234,34,4,1004408071
34950,234,480,5,1004409582
34951,234,1422,4,1004408123
34952,234,38,4,1004408285
34953,234,40,3,1004409244
34954,234,262,4,1004408783
34955,234,263,2,1004409347
34956,234,42,5,1004409035
34957,234,2660,4,1001975853
34958,234,690,3,1001975811
34959,234,696,3,1004409792
34960,234,710,3,1004409540
34961,234,5995,4,1004409614
34962,234,45,4,1004408886
34963,234,2898,5,1004409172
34964,234,1770,4,1004409599
34965,234,1448,3,1004409774
34966,234,863,4,1004409614
34967,234,55,4,1004409156
34968,234,1135,4,1004407980
34969,234,61,4,1004408901
34970,234,66,5,1004409582
34971,234,725,3,1004408226
34972,234,69,5,1004407958
34973,234,71,4,1004407958
34974,234,1029,4,1004407980
34975,234,74,5,1004408002
34976,234,76,5,1004408002
34977,234,1452,2,1004408088
34978,234,356,4,1004408901
34979,234,87,4,1004408188
34980,234,90,3,1004408014
34981,234,1166,3,1004408942
34982,234,1467,4,1004409228
34983,234,978,3,1004408167
34984,234,1470,3,1004408665
34985,234,1167,3,1004408151
34986,234,93,5,1004408285
34987,234,1472,4,1004408369
34988,234,1473,3,1004408338
34989,234,362,4,1001975853
34990,234,995,1,1004409449
34991,234,95,3,1004408151
34992,234,1477,5,1004407871
34993,234,5996,3,1004409889
34994,234,1484,4,1004407668
34995,234,5997,2,1004408829
34996,234,1492,2,1001975853
34997,234,1493,5,1004409020
34998,234,101,4,1004408226
34999,234,102,4,1004408134
35000,234,5435,3,1004409049
35001,234,103,3,1004408369
35002,234,1508,3,1004409467
35003,234,1510,4,1004408403
35004,234,5998,1,1004409854
35005,234,730,4,1004407785
35006,234,1521,3,1004409745
35007,234,5999,2,1004409244
35008,234,376,5,1004409394
35009,234,114,2,1004409503
35010,234,117,3,1004409631
35011,234,118,4,1004408088
35012,234,992,3,1004408352
35013,234,119,4,1004408988
35014,234,122,3,1004407958
35015,234,6000,5,1004409203
35016,234,1556,5,1004409813
35017,234,1557,2,1004409889
35018,234,126,4,1004409156
35019,234,272,5,1004409394
35020,234,1035,5,1004409429
35021,234,1560,3,1004409745
35022,234,1561,4,1004409190
35023,234,1781,4,1004409467
35024,234,129,4,1004409449
35025,234,134,3,1004408403
35026,234,135,3,1004408102
35027,234,1568,3,1004409520
35028,234,137,4,1004409370
35029,234,1571,4,1004409646
35030,234,139,5,1004409482
35031,234,2150,3,1004409503
35032,234,141,5,1004408988
35033,234,5116,3,1004409216
35034,234,143,3,1004408403
35035,234,2184,4,1004407646
35036,234,144,2,1004408637
35037,234,1593,3,1004409410
35038,234,1600,4,1004409520
35039,234,1601,5,1004409394
35040,234,5720,4,1004408806
35041,234,1861,3,1004408603
35042,234,3642,2,1004409631
35043,234,155,4,1004408942
35044,234,1173,3,1004408531
35045,234,156,3,1004408321
35046,234,999,2,1004408603
35047,234,1178,2,1004408829
35048,234,158,3,1004409287
35049,234,164,3,1004408382
35050,234,6001,3,1004409503
35051,234,2581,3,1004408723
35052,234,167,5,1004408002
35053,234,2921,4,1004408558
35054,234,170,3,1004408531
35055,234,171,4,1004407546
35056,234,172,3,1004408301
35057,234,173,5,1004408188
35058,234,174,3,1004408321
35059,234,1636,2,1004408683
35060,234,1637,2,1004408829
35061,234,178,5,1004407916
35062,234,180,3,1004409394
35063,234,1643,5,1001975853
35064,234,1645,5,1004408701
35065,234,182,5,1004409347
35066,234,1182,1,1004409813
35067,234,194,4,1004408188
35068,234,195,5,1004408972
35069,234,5746,3,1004409868
35070,234,736,5,1004409347
35071,234,416,4,1004408942
35072,234,206,4,1004407628
35073,234,2690,5,1004408484
35074,234,2511,3,1004409080
35075,234,5046,2,1004409410
35076,234,1712,4,1004409599
35077,234,1713,3,1004409682
35078,234,1714,3,1004409682
35079,234,1717,4,1004408123
35080,234,1790,3,1004408543
35081,234,212,2,1004408796
35082,234,213,3,1004408741
35083,234,217,3,1004408972
35084,234,1725,4,1004409467
35085,234,218,4,1004409172
35086,234,5203,2,1004409889
35087,234,1014,5,1004408123
35088,234,6002,4,1004409720
35089,234,1748,4,1004408988
35090,234,1187,1,1004409370
35091,234,229,4,1004408167
35092,234,2933,3,1004409540
35093,234,5136,2,1004408741
35094,234,741,4,1004407518
35095,234,1801,4,1004409429
35096,234,1043,4,1004408901
35097,234,2619,3,1004408301
35098,234,1876,3,1004408123
35099,234,3240,4,1004408829
35100,234,445,4,1004407486
35101,234,1811,4,1004407709
35102,234,446,3,1004407598
35103,234,2939,3,1004409540
35104,234,1812,3,1004407568
35105,234,745,5,1004407733
35106,234,2628,2,1004408915
35107,234,2632,4,1004408338
35108,234,2638,1,1004409273
35109,234,1821,4,1004409347
35110,234,1146,4,1004408942
35111,234,1822,4,1004407828
35112,235,487,2,841422389
35113,235,488,4,841422530
35114,235,292,4,841422461
35115,235,496,5,841422634
35116,235,293,4,841422499
35117,235,461,4,841422446
35118,235,462,4,841422650
35119,235,463,3,841422477
35120,235,1401,3,841422615
35121,235,505,5,841422615
35122,235,8,4,841422410
35123,235,464,5,841422308
35124,235,465,3,841422330
35125,235,531,3,841422371
35126,235,541,3,841422557
35127,235,550,1,841422389
35128,235,13,4,841422667
35129,235,557,3,841422634
35130,235,15,4,841422568
35131,235,2425,4,841422708
35132,235,308,4,841422596
35133,235,17,4,841422308
35134,235,470,5,841422428
35135,235,233,4,841422371
35136,235,600,3,841422371
35137,235,471,2,841422329
35138,235,312,4,841422726
35139,235,20,3,841422329
35140,235,609,3,841422517
35141,235,613,3,841422667
35142,235,21,5,841422389
35143,235,314,4,841422517
35144,235,472,5,841422428
35145,235,315,2,841422634
35146,235,619,3,841422680
35147,235,622,5,841422446
35148,235,473,4,841422308
35149,235,474,2,841422428
35150,235,634,3,841422371
35151,235,635,2,841422499
35152,235,637,4,841422517
35153,235,639,3,841422410
35154,235,26,4,841422350
35155,235,475,3,841422557
35156,235,27,4,841422410
35157,235,28,4,841422461
35158,235,657,4,841422583
35159,235,320,3,841422543
35160,235,476,3,841422667
35161,235,29,5,841422500
35162,235,322,4,841422499
35163,235,1420,3,841422596
35164,235,2501,3,841422615
35165,235,828,3,841422477
35166,235,323,4,841422329
35167,235,479,4,841422428
35168,235,33,4,841422308
35169,235,34,3,841422308
35170,235,35,5,841422350
35171,235,480,4,841422693
35172,235,324,5,841422350
35173,235,481,4,841422477
35174,235,38,3,841422650
35175,235,42,4,841422634
35176,235,43,5,841422740
35177,236,76,5,943013896
35178,236,88,5,943013976
35179,236,1464,3,943013896
35180,236,2903,4,943013896
35181,236,2147,5,943013896
35182,236,3015,1,943013976
35183,236,2999,5,943013896
35184,236,2905,5,943013896
35185,236,6003,2,943013976
35186,236,4492,5,943015019
35187,236,159,4,943013896
35188,236,1115,5,943015701
35189,236,1624,3,943015019
35190,236,163,4,943014926
35191,236,2580,4,943015701
35192,236,166,5,943015062
35193,236,1001,5,943015019
35194,236,168,5,943015701
35195,236,169,5,943015211
35196,236,2583,1,943015019
35197,236,1633,2,943015256
35198,236,178,4,943013896
35199,236,400,5,943015175
35200,236,1003,2,943015146
35201,236,2684,3,943015211
35202,236,404,5,943014926
35203,236,1654,5,943015319
35204,236,185,5,943015099
35205,236,276,2,943014513
35206,236,201,5,943015062
35207,237,293,5,1411233598
35208,237,5,2,1410631753
35209,237,589,4,1411233582
35210,237,233,4,1410631749
35211,237,21,2,1411233529
35212,237,1102,4,1410631769
35213,237,352,4,1411233968
35214,237,271,2,1410630057
35215,237,1469,2,1410630030
35216,237,1167,3,1410632323
35217,237,1140,3,1410630043
35218,237,102,4,1411233566
35219,237,982,3,1411233956
35220,237,106,4,1410632299
35221,237,2399,3,1410630655
35222,237,374,4,1410630700
35223,237,1862,3,1410630355
35224,237,160,3,1410629976
35225,237,2580,3,1410630733
35226,237,167,4,1410632179
35227,237,172,2,1410632175
35228,237,185,3,1411233558
35229,237,221,2,1410630170
35230,237,739,1,1410630669
35231,237,4092,3,1410631218
35232,237,759,3,1411233549
35233,237,1203,3,1410632220
35234,237,1209,3,1410632204
35235,237,876,3,1410632159
35236,237,771,3,1411233543
35237,237,1130,4,1411233537
35238,237,4287,3,1410632372
35239,237,3145,3,1410631631
35240,237,784,3,1410632562
35241,237,2051,3,1410632592
35242,237,1244,4,1410632360
35243,237,2306,3,1410631206
35244,237,1251,4,1410632572
35245,237,2307,4,1410632713
35246,237,1253,3,1410631778
35247,237,2055,2,1411233909
35248,237,2316,3,1410632197
35249,237,903,3,1410632582
35250,237,239,3,1410632157
35251,237,1916,3,1411233897
35252,237,1293,3,1410632891
35253,237,1314,2,1410631407
35254,237,251,3,1410632905
35255,237,3491,3,1410632764
35256,237,253,3,1410631564
35257,238,11,4,1007931897
35258,238,2141,2,1007930919
35259,238,640,1,1007930885
35260,238,35,3,1007930943
35261,238,1028,3,1007931691
35262,238,65,4,1007931897
35263,238,66,2,1007931078
35264,238,1102,3,1007930967
35265,238,1137,4,1007931691
35266,238,357,3,1007931749
35267,238,269,5,1007931786
35268,238,2146,3,1007931105
35269,238,984,4,1007932042
35270,238,2039,4,1007931786
35271,238,1171,2,1007930885
35272,238,837,5,1007932083
35273,238,3024,5,1007931845
35274,238,5061,4,1007931691
35275,238,3292,3,1007932113
35276,238,1686,4,1007931050
35277,238,424,4,1007931749
35278,238,5614,4,1007932168
35279,238,5615,5,1007931865
35280,238,2163,4,1007931105
35281,238,2212,4,1007932138
35282,238,4092,4,1007932113
35283,238,4936,3,1007931920
35284,238,746,4,1007931002
35285,238,6004,4,1007931786
35286,238,6005,4,1007931941
35287,238,3243,4,1007931992
35288,238,6006,4,1007931897
35289,238,1829,4,1007931560
35290,238,6007,3,1007931612
35291,238,2123,4,1007931749
35292,238,1831,4,1007931560
35293,238,6008,3,1007931026
35294,238,6009,4,1007932138
35295,238,6010,4,1007931845
35296,238,6011,4,1007932017
35297,238,6012,4,1007931967
35298,238,4159,3,1007931691
35299,238,6013,5,1007931845
35300,238,2695,4,1007931591
35301,239,1,4,1221158265
35302,239,3,5,1221158564
35303,239,488,5,1221159019
35304,239,491,4,1221159148
35305,239,3605,3,1221147484
35306,239,292,4,1221158640
35307,239,2164,3,1221147477
35308,239,293,5,1221159452
35309,239,4,5,1221158250
35310,239,5,4,1221158083
35311,239,516,3,1221158503
35312,239,519,3,1221159059
35313,239,8,4,1221148034
35314,239,11,4,1221866504
35315,239,550,2,1221158495
35316,239,14,3,1221158416
35317,239,16,5,1221148002
35318,239,585,5,1221158725
35319,239,588,4,1221158413
35320,239,589,4,1221159154
35321,239,17,5,1221158165
35322,239,18,4,1221158141
35323,239,233,5,1221158260
35324,239,20,4,1221158209
35325,239,611,3,1221866492
35326,239,21,5,1221158139
35327,239,472,4,1221158102
35328,239,23,3,1221158314
35329,239,619,2,1221866451
35330,239,473,3,1221158272
35331,239,637,4,1221158870
35332,239,639,4,1221158458
35333,239,26,4,1221158489
35334,239,475,3,1221866536
35335,239,318,5,1221159473
35336,239,27,4,1221158148
35337,239,661,3,1221147352
35338,239,322,4,1221158373
35339,239,1095,4,1221158959
35340,239,671,3,1221158946
35341,239,323,4,1221158088
35342,239,479,3,1221158171
35343,239,33,4,1221158384
35344,239,35,3,1221158095
35345,239,324,3,1221158220
35346,239,481,4,1221158197
35347,239,37,4,1221158136
35348,239,38,4,1221159031
35349,239,41,4,1221158257
35350,239,1160,4,1221158928
35351,239,43,4,1221158240
35352,239,2427,3,1221866553
35353,239,697,4,1221866550
35354,239,1028,5,1221158130
35355,239,724,4,1221159034
35356,239,1135,4,1221158283
35357,239,62,4,1221159001
35358,239,63,5,1221158521
35359,239,64,4,1221159358
35360,239,725,3,1221158977
35361,239,68,5,1221158237
35362,239,1102,4,1221158192
35363,239,69,5,1221158579
35364,239,70,4,1221158369
35365,239,71,4,1221158245
35366,239,1029,4,1221158430
35367,239,72,5,1221158632
35368,239,73,5,1221158727
35369,239,74,5,1221158189
35370,239,75,5,1221158601
35371,239,76,4,1221158308
35372,239,1137,5,1221158628
35373,239,79,5,1221158997
35374,239,354,3,1221158896
35375,239,82,4,1221158296
35376,239,726,4,1221158923
35377,239,1107,3,1221159168
35378,239,356,4,1221158693
35379,239,85,2,1221158465
35380,239,357,4,1221159371
35381,239,90,4,1221158200
35382,239,866,3,1221158998
35383,239,94,3,1221866447
35384,239,364,4,1221159416
35385,239,1485,2,1221158789
35386,239,1031,4,1221158292
35387,239,100,3,1221159170
35388,239,101,3,1221158676
35389,239,102,4,1221158099
35390,239,727,4,1221158680
35391,239,728,4,1221158438
35392,239,106,4,1221158933
35393,239,1501,4,1221866570
35394,239,1032,5,1221159042
35395,239,2460,4,1221147508
35396,239,2461,3,1221159127
35397,239,108,4,1221866453
35398,239,729,4,1221158451
35399,239,234,5,1221158311
35400,239,731,4,1221158553
35401,239,379,4,1221158133
35402,239,116,3,1221159123
35403,239,1171,4,1221158326
35404,239,1034,3,1221158988
35405,239,836,4,1221158556
35406,239,837,4,1221866475
35407,239,122,5,1221158235
35408,239,124,4,1221147448
35409,239,998,3,1221159185
35410,239,135,4,1221158767
35411,239,139,4,1221147497
35412,239,1575,4,1221866495
35413,239,1141,4,1221159121
35414,239,2184,4,1221159437
35415,239,145,5,1221158765
35416,239,2573,4,1221147550
35417,239,1594,3,1221158808
35418,239,1597,4,1221159073
35419,239,148,5,1221158984
35420,239,150,3,1221158901
35421,239,1601,3,1221158823
35422,239,2121,3,1221147400
35423,239,274,4,1221866464
35424,239,160,3,1221159141
35425,239,161,3,1221147392
35426,239,163,5,1221158519
35427,239,166,5,1221159389
35428,239,167,5,1221158121
35429,239,172,3,1221158698
35430,239,400,3,1221158347
35431,239,1641,2,1221158786
35432,239,734,3,1221866459
35433,239,1179,4,1221158687
35434,239,181,4,1221158649
35435,239,403,4,1221866498
35436,239,183,4,1221158362
35437,239,1658,3,1221147468
35438,239,185,5,1221158155
35439,239,186,3,1221147397
35440,239,3298,4,1221147346
35441,239,2593,4,1221159174
35442,239,188,3,1221158392
35443,239,1180,4,1221158349
35444,239,189,4,1221147365
35445,239,193,5,1221148027
35446,239,194,3,1221159145
35447,239,195,3,1221158671
35448,239,201,4,1221158664
35449,239,2194,3,1221147339
35450,239,204,4,1221158942
35451,239,209,2,1221158853
35452,239,1185,5,1221159329
35453,239,422,4,1221158623
35454,239,215,4,1221158974
35455,239,3301,3,1221147540
35456,239,219,3,1221866562
35457,239,220,4,1221158588
35458,239,738,4,1221158289
35459,239,1015,3,1221866487
35460,239,229,4,1221158206
35461,239,741,3,1221158388
35462,239,742,4,1221158743
35463,239,432,2,1221148044
35464,239,2615,4,1221147533
35465,239,1022,5,1221158513
35466,239,1043,3,1221158828
35467,239,3176,4,1221147501
35468,239,1876,3,1221159005
35469,239,744,5,1221159571
35470,239,1191,4,1221159440
35471,239,745,4,1221158396
35472,239,747,1,1221158863
35473,239,1146,4,1221159256
35474,239,1823,3,1221866547
35475,239,1825,4,1221866472
35476,239,1125,4,1221158818
35477,239,3498,4,1221159623
35478,239,752,4,1221158912
35479,239,458,4,1221158322
35480,239,753,4,1221159528
35481,239,754,5,1221158212
35482,239,2220,4,1221158841
35483,239,756,4,1221158730
35484,239,1842,4,1221158635
35485,239,757,4,1221158178
35486,239,758,3,1221158225
35487,239,1199,5,1221158186
35488,239,759,4,1221148020
35489,239,760,3,1221158833
35490,239,761,3,1221159081
35491,239,1202,4,1221158953
35492,239,1203,2,1221158905
35493,239,1127,4,1221159365
35494,239,764,4,1221158427
35495,239,1204,5,1221159461
35496,239,765,5,1221147996
35497,239,766,4,1221158364
35498,239,768,4,1221158737
35499,239,769,5,1221158253
35500,239,876,4,1221159464
35501,239,1210,4,1221158750
35502,239,1046,5,1221147935
35503,239,2235,2,1221158800
35504,239,771,4,1221158445
35505,239,2239,4,1221159409
35506,239,1215,4,1221158858
35507,239,1148,4,1221159038
35508,239,235,4,1221148017
35509,239,773,5,1221158777
35510,239,878,3,1221159133
35511,239,774,5,1221158612
35512,239,1218,3,1221158403
35513,239,775,5,1221159305
35514,239,1047,3,1221866591
35515,239,1048,4,1221158351
35516,239,777,4,1221159476
35517,239,2260,5,1221159513
35518,239,779,4,1221147998
35519,239,1226,4,1221866527
35520,239,780,4,1221158422
35521,239,3146,1,1221159209
35522,239,887,4,1221866597
35523,239,2049,4,1221158544
35524,239,783,4,1221148031
35525,239,1049,4,1221158756
35526,239,784,5,1221158298
35527,239,236,4,1221158966
35528,239,1230,4,1221159428
35529,239,795,4,1221158510
35530,239,799,4,1221866544
35531,239,807,4,1221148041
35532,239,895,4,1221159061
35533,239,810,4,1221158338
35534,239,812,3,1221147897
35535,239,1242,4,1221158931
35536,239,2127,5,1221159012
35537,239,1244,4,1221159519
35538,239,1249,4,1221159324
35539,239,1894,4,1221158643
35540,239,1895,4,1221158747
35541,239,2054,3,1221159193
35542,239,1251,4,1221158175
35543,239,1252,4,1221159085
35544,239,1254,5,1221159341
35545,239,1897,3,1221159094
35546,239,817,4,1221158567
35547,239,1255,3,1221158112
35548,239,2722,4,1221159670
35549,239,821,3,1221159181
35550,239,2055,4,1221158876
35551,239,899,2,1221159533
35552,239,2128,5,1221159249
35553,239,2316,3,1221158482
35554,239,1133,0,1221158160
35555,239,238,4,1221148036
35556,239,1051,3,1221159097
35557,239,1052,4,1221158407
35558,239,2320,4,1221158970
35559,239,1053,4,1221158305
35560,239,900,4,1221158222
35561,239,2979,3,1221159245
35562,239,1905,3,1221158831
35563,239,1264,4,1221158890
35564,239,1907,4,1221159163
35565,239,2725,4,1221159639
35566,239,1269,4,1221158771
35567,239,2519,4,1221158982
35568,239,3154,4,1221159205
35569,239,1270,3,1221158344
35570,239,903,5,1221158247
35571,239,2058,4,1221158526
35572,239,2338,5,1221159316
35573,239,1275,4,1221159070
35574,239,2059,5,1221158300
35575,239,1054,3,1221158908
35576,239,2129,2,1221159138
35577,239,239,4,1221158269
35578,239,1055,4,1221148012
35579,239,2368,0,1221148008
35580,240,1,5,849122434
35581,240,482,5,849122404
35582,240,2,4,849122858
35583,240,487,3,849122194
35584,240,491,3,849122640
35585,240,493,5,849122301
35586,240,260,4,849122640
35587,240,461,5,849122277
35588,240,463,5,849122324
35589,240,972,4,849122528
35590,240,501,3,849123161
35591,240,1401,3,849122594
35592,240,503,4,849122924
35593,240,516,5,849122434
35594,240,519,5,849122986
35595,240,8,5,849122195
35596,240,523,4,849123253
35597,240,464,4,849122058
35598,240,465,3,849122096
35599,240,528,4,849122528
35600,240,530,4,849122346
35601,240,531,4,849122194
35602,240,532,5,849122096
35603,240,533,5,849122551
35604,240,5288,3,849122896
35605,240,1027,5,849122551
35606,240,1405,3,849122371
35607,240,535,5,849123103
35608,240,539,3,849122700
35609,240,540,4,849122194
35610,240,541,3,849122483
35611,240,545,4,849122483
35612,240,547,4,849122483
35613,240,550,4,849122195
35614,240,12,5,849122831
35615,240,558,4,849122324
35616,240,2546,4,849122716
35617,240,14,4,849122129
35618,240,563,3,849123294
35619,240,566,5,849122951
35620,240,569,3,849122506
35621,240,466,5,849122226
35622,240,3218,5,849123253
35623,240,571,4,849122551
35624,240,574,3,849123161
35625,240,575,5,849123027
35626,240,578,4,849122663
35627,240,580,5,849122684
35628,240,581,3,849122640
35629,240,584,1,849122404
35630,240,588,5,849122165
35631,240,17,2,849122058
35632,240,597,3,849122404
35633,240,18,4,849122130
35634,240,598,5,849122346
35635,240,233,3,849122165
35636,240,1408,5,849123049
35637,240,600,3,849122165
35638,240,19,5,849122575
35639,240,1409,5,849122897
35640,240,605,3,849122226
35641,240,471,5,849122096
35642,240,20,3,849122129
35643,240,613,3,849122614
35644,240,21,5,849122130
35645,240,22,3,849122745
35646,240,472,4,849122256
35647,240,618,4,849123273
35648,240,23,4,849122256
35649,240,315,5,849122506
35650,240,619,5,849122575
35651,240,621,3,849122924
35652,240,622,5,849122226
35653,240,473,3,849122058
35654,240,625,3,849123005
35655,240,626,5,849122951
35656,240,474,3,849122277
35657,240,2548,4,849122791
35658,240,631,3,849122831
35659,240,1414,4,849122324
35660,240,1416,2,849122924
35661,240,633,5,849122370
35662,240,634,3,849122165
35663,240,635,3,849122370
35664,240,1157,3,849122404
35665,240,639,3,849122226
35666,240,640,3,849122745
35667,240,26,3,849122096
35668,240,643,4,849122614
35669,240,27,4,849122164
35670,240,648,4,849122575
35671,240,651,3,849122831
35672,240,28,5,849122256
35673,240,655,3,849123078
35674,240,659,5,849123220
35675,240,2655,3,849123005
35676,240,660,3,849122614
35677,240,661,5,849123077
35678,240,975,4,849122745
35679,240,477,4,849122924
35680,240,4055,3,849123049
35681,240,322,3,849122301
35682,240,666,5,849123125
35683,240,30,3,849122774
35684,240,667,3,849122969
35685,240,1420,4,849122506
35686,240,31,3,849122663
35687,240,32,5,849122434
35688,240,323,4,849122096
35689,240,479,4,849122226
35690,240,33,4,849122058
35691,240,34,3,849122058
35692,240,480,3,849122594
35693,240,324,3,849122129
35694,240,36,3,849122774
35695,240,677,4,849123294
35696,240,1159,5,849123370
35697,240,40,5,849123370
35698,240,262,3,849123102
35699,240,42,5,849122459
35700,240,1429,3,849123370
35701,240,43,5,849122459
35702,240,1431,5,849123294
35703,240,1433,4,849123405
35704,240,61,5,849123234
35705,240,1166,5,849123370
35706,240,1467,5,849123405
35707,240,1468,3,849123405
35708,241,4,4,1447540959
35709,241,5,4,1447536935
35710,241,304,5,1447536409
35711,241,17,4,1447536332
35712,241,233,3,1447536008
35713,241,29,3,1447536013
35714,241,35,4,1447536097
35715,241,1028,4,1447536095
35716,241,1102,4,1447536273
35717,241,72,4,1447536471
35718,241,1137,4,1447536136
35719,241,85,3,1447536398
35720,241,122,3,1447536110
35721,241,2040,2,1447540128
35722,241,392,4,1447536021
35723,241,167,4,1447536101
35724,241,402,3,1447536115
35725,241,185,3,1447536210
35726,241,193,3,1447536153
35727,241,198,3,1447540791
35728,241,414,4,1447540419
35729,241,2200,3,1447536670
35730,241,3722,5,1447540014
35731,241,2102,3,1447540359
35732,241,1125,3,1447536683
35733,241,1126,5,1447536225
35734,241,2125,4,1447540333
35735,241,3187,4,1447536989
35736,241,4850,4,1447540216
35737,241,1147,3,1447537098
35738,241,3190,4,1447540076
35739,241,2244,3,1447540347
35740,241,1130,4,1447536354
35741,241,4287,5,1447540062
35742,241,4292,5,1447536816
35743,241,4856,4,1447540720
35744,241,2518,4,1447540810
35745,241,1132,3,1447536239
35746,241,4306,4,1447536343
35747,241,2051,3,1447540577
35748,241,5543,4,1447540004
35749,241,897,4,1447536454
35750,241,1251,4,1447536964
35751,241,4859,4,1447540396
35752,241,1256,4,1447540168
35753,241,1052,3,1447539951
35754,241,2333,3,1447536748
35755,241,1272,3,1447536243
35756,241,3677,4,1447536988
35757,241,904,3,1447536448
35758,241,910,4,1447540257
35759,241,241,4,1447536915
35760,241,1302,4,1447536994
35761,241,6014,4,1447536785
35762,241,4203,4,1447540148
35763,241,4342,4,1447540285
35764,241,945,4,1447536017
35765,241,953,4,1447540196
35766,241,252,4,1447536290
35767,241,2533,5,1447536802
35768,241,1073,4,1447536676
35769,241,960,4,1447540037
35770,241,253,3,1447536439
35771,241,1976,5,1447536373
35772,241,962,3,1447536883
35773,241,1358,4,1447536889
35774,241,2538,4,1447537048
35775,241,255,4,1447536219
35776,241,1077,3,1447537044
35777,241,1078,4,1447537019
35778,241,2539,4,1447536892
35779,241,1362,3,1447536305
35780,241,2540,4,1447539746
35781,241,1364,3,1447536468
35782,241,6015,3,1447536831
35783,241,1086,3,1447536054
35784,242,292,3,834073178
35785,242,293,5,834073281
35786,242,463,3,834073303
35787,242,4,5,834073178
35788,242,1094,4,834073303
35789,242,464,3,834073039
35790,242,465,2,834073077
35791,242,531,4,834073121
35792,242,540,3,834073137
35793,242,550,4,834073137
35794,242,558,4,834073178
35795,242,14,3,834073098
35796,242,561,3,834073322
35797,242,466,5,834073137
35798,242,468,3,834073281
35799,242,588,3,834073121
35800,242,17,5,834073039
35801,242,470,5,834073153
35802,242,18,3,834073098
35803,242,598,3,834073178
35804,242,233,4,834073098
35805,242,600,3,834073098
35806,242,604,3,834073322
35807,242,471,3,834073077
35808,242,20,3,834073077
35809,242,473,4,834073039
35810,242,474,3,834073153
35811,242,633,4,834073303
35812,242,634,4,834073121
35813,242,639,3,834073335
35814,242,26,5,834073153
35815,242,323,3,834073077
35816,242,33,3,834073039
35817,242,34,3,834073039
35818,242,35,5,834073153
35819,243,487,5,837155138
35820,243,462,4,837155409
35821,243,972,4,837155345
35822,243,1401,4,837155356
35823,243,505,5,837155394
35824,243,521,5,837155617
35825,243,526,4,837155456
35826,243,465,4,837155068
35827,243,531,5,837155121
35828,243,532,5,837155068
35829,243,1027,5,837155334
35830,243,1405,3,837155242
35831,243,539,3,837155479
35832,243,1024,5,837155377
35833,243,2546,5,837155437
35834,243,566,4,837155592
35835,243,611,5,837155394
35836,243,21,4,837155178
35837,243,973,3,837155577
35838,243,622,5,837155229
35839,243,473,3,837155039
35840,243,474,4,837155155
35841,243,1414,4,837155193
35842,243,634,5,837155121
35843,243,1157,4,837155334
35844,243,643,5,837155534
35845,243,648,3,837155479
35846,243,660,5,837155543
35847,243,29,3,837155258
35848,243,828,3,837155283
35849,243,323,3,837155068
35850,243,479,4,837155208
35851,243,34,3,837155039
35852,243,324,3,837155088
35853,243,38,5,837155455
35854,243,42,5,837155436
35855,244,3,5,975092819
35856,244,487,5,975091789
35857,244,8,5,975075995
35858,244,526,3,975093513
35859,244,9,5,975076228
35860,244,11,3,975091915
35861,244,532,2,975093266
35862,244,2546,2,975091322
35863,244,572,3,975073808
35864,244,588,1,975091915
35865,244,18,3,975093513
35866,244,600,3,975093206
35867,244,20,4,975091322
35868,244,21,5,975076228
35869,244,315,5,975093266
35870,244,622,4,975091322
35871,244,473,4,975091915
35872,244,638,4,975073808
35873,244,26,5,975090685
35874,244,2894,2,975091915
35875,244,2170,2,975091322
35876,244,1095,4,975075045
35877,244,6016,4,975090740
35878,244,1158,4,975090740
35879,244,479,4,975090685
35880,244,35,4,975073808
35881,244,261,1,975076228
35882,244,38,4,975074577
35883,244,41,2,975091042
35884,244,42,2,975093513
35885,244,43,1,975093206
35886,244,2427,4,975093266
35887,244,59,4,975093513
35888,244,343,5,975075399
35889,244,64,5,975075169
35890,244,346,1,975075995
35891,244,349,3,975076228
35892,244,69,4,975075045
35893,244,70,5,975075399
35894,244,1029,5,975073808
35895,244,1452,4,975091042
35896,244,354,5,975074928
35897,244,1138,4,975075169
35898,244,2079,5,975075995
35899,244,2397,5,975074928
35900,244,86,5,975075169
35901,244,360,5,975075046
35902,244,3000,4,975074928
35903,244,270,3,975075211
35904,244,1166,5,975091789
35905,244,978,4,975090740
35906,244,93,4,975093513
35907,244,95,5,975090740
35908,244,2180,4,975091789
35909,244,1031,4,975092819
35910,244,101,2,975093266
35911,244,102,4,975091789
35912,244,982,4,975093513
35913,244,365,4,975092819
35914,244,728,5,975090685
35915,244,1517,4,975093206
35916,244,2182,5,975093513
35917,244,4900,5,975075399
35918,244,1543,3,975075399
35919,244,837,2,975073749
35920,244,122,5,975075995
35921,244,1581,2,975075211
35922,244,1037,3,975091042
35923,244,157,1,975091915
35924,244,1115,5,975093266
35925,244,167,4,975090740
35926,244,181,5,975075399
35927,244,405,5,975075399
35928,244,183,4,975075211
35929,244,184,3,975093513
35930,244,2593,3,975076228
35931,244,188,3,975091042
35932,244,6017,5,975075169
35933,244,2191,2,975093513
35934,244,1684,5,975091915
35935,244,5771,5,975075169
35936,244,841,3,975074734
35937,244,5609,5,975074863
35938,244,2201,4,975090685
35939,244,1011,4,975074686
35940,244,1706,5,975075169
35941,244,6018,1,975074734
35942,244,220,5,975074577
35943,244,1123,3,975074863
35944,244,225,4,975075046
35945,244,1016,3,975074577
35946,244,1795,4,975074577
35947,244,3049,5,975074928
35948,245,300,3,951182566
35949,245,2425,4,951182758
35950,245,4040,3,951182778
35951,245,1097,3,951183163
35952,245,1028,2,951183090
35953,245,336,3,951182649
35954,245,65,1,951182694
35955,245,1100,3,951183163
35956,245,3608,4,951182799
35957,245,2418,3,951182778
35958,245,2678,2,951182799
35959,245,3027,3,951183191
35960,245,399,3,951183191
35961,245,3068,3,951182630
35962,245,1686,1,951182694
35963,245,6019,1,951183042
35964,245,736,4,951183191
35965,245,2687,3,951183042
35966,245,2200,3,951183441
35967,245,1184,3,951183329
35968,245,2690,2,951183441
35969,246,492,5,1354126066
35970,246,2431,4,1354126962
35971,246,2069,5,1353864666
35972,246,5,4,1353869486
35973,246,6020,5,1354125195
35974,246,11,4,1353864552
35975,246,557,3,1355956356
35976,246,15,4,1355956294
35977,246,16,5,1354146995
35978,246,589,4,1354127167
35979,246,17,4,1354145949
35980,246,21,3,1354126767
35981,246,314,5,1354126257
35982,246,619,3,1353864542
35983,246,474,5,1354145941
35984,246,1095,5,1354145931
35985,246,479,5,1354126692
35986,246,674,4,1353864692
35987,246,2172,5,1354125324
35988,246,6021,4,1354127927
35989,246,43,2,1354134583
35990,246,702,4,1354126122
35991,246,335,4,1354126965
35992,246,266,3,1353864698
35993,246,69,5,1354127117
35994,246,72,3,1354127267
35995,246,74,5,1354126788
35996,246,2078,2,1354127144
35997,246,82,4,1354144941
35998,246,2081,5,1354127401
35999,246,726,4,1354126699
36000,246,91,4,1354144980
36001,246,361,4,1354134458
36002,246,2147,3,1354134653
36003,246,1031,4,1354126736
36004,246,727,3,1354145917
36005,246,728,3,1354134476
36006,246,106,5,1354124890
36007,246,1501,4,1354125095
36008,246,1114,4,1354126385
36009,246,109,3,1354145910
36010,246,2091,4,1354127279
36011,246,3060,4,1354126179
36012,246,837,3,1353864602
36013,246,124,4,1353864835
36014,246,2680,5,1354146071
36015,246,147,3,1355956303
36016,246,393,5,1354146065
36017,246,2914,3,1353865028
36018,246,1609,4,1354126039
36019,246,1610,3,1353864613
36020,246,167,5,1354124998
36021,246,4466,4,1354125296
36022,246,732,4,1354126271
36023,246,179,3,1353869464
36024,246,181,3,1354133722
36025,246,405,3,1354133664
36026,246,3606,3,1353864904
36027,246,2589,4,1353864872
36028,246,188,4,1354133717
36029,246,193,4,1355660748
36030,246,413,4,1355956686
36031,246,1183,5,1354124732
36032,246,1120,4,1353864716
36033,246,2122,3,1354124745
36034,246,1019,5,1353864684
36035,246,3722,2,1354126455
36036,246,278,2,1354146010
36037,246,432,4,1354124591
36038,246,1022,4,1353869525
36039,246,443,5,1354125280
36040,246,445,5,1353869474
36041,246,446,3,1355956395
36042,246,447,4,1354126280
36043,246,1812,4,1354125463
36044,246,1044,5,1354124774
36045,246,1829,5,1354124923
36046,246,457,4,1354126594
36047,246,752,4,1354126516
36048,246,458,4,1354133754
36049,246,6022,5,1354127421
36050,246,753,4,1354126599
36051,246,1126,4,1354127188
36052,246,754,5,1354126775
36053,246,1834,5,1353864791
36054,246,6023,5,1355956609
36055,246,848,3,1354134557
36056,246,763,5,1354126969
36057,246,5391,5,1354126152
36058,246,764,3,1354134535
36059,246,856,4,1354127496
36060,246,765,5,1354126780
36061,246,1045,5,1354126491
36062,246,1147,3,1354145963
36063,246,1128,4,1354126949
36064,246,769,4,1354125012
36065,246,876,5,1354125711
36066,246,771,5,1354125405
36067,246,3070,3,1354126875
36068,246,2480,4,1354149058
36069,246,2107,4,1354134598
36070,246,235,4,1354124520
36071,246,773,5,1354125020
36072,246,878,5,1354126246
36073,246,3142,4,1354127275
36074,246,2251,5,1354124560
36075,246,1129,4,1354126827
36076,246,1218,5,1354125075
36077,246,775,5,1354126589
36078,246,1130,5,1354125086
36079,246,1222,4,1354124326
36080,246,1048,5,1354124528
36081,246,6024,5,1354125319
36082,246,3599,5,1354126091
36083,246,4753,4,1354147104
36084,246,6025,3,1354147100
36085,246,788,4,1354125058
36086,246,797,4,1355956265
36087,246,2272,4,1354124577
36088,246,799,4,1354126880
36089,246,4302,4,1354134469
36090,246,4857,5,1354134518
36091,246,3212,4,1354127911
36092,246,6026,5,1354143528
36093,246,4858,3,1354134462
36094,246,1237,4,1355956365
36095,246,1150,5,1354126481
36096,246,803,5,1354124630
36097,246,807,4,1354124511
36098,246,1240,4,1354133815
36099,246,4312,3,1354127293
36100,246,1246,3,1355956335
36101,246,896,2,1354126102
36102,246,1894,4,1354133736
36103,246,2300,3,1354145727
36104,246,1251,5,1354124472
36105,246,1254,4,1353869511
36106,246,1897,3,1354127200
36107,246,818,4,1354125721
36108,246,1255,4,1354125450
36109,246,4860,4,1354125174
36110,246,1133,4,1354126719
36111,246,824,5,1353869375
36112,246,5546,4,1354124937
36113,246,2979,3,1354127082
36114,246,2808,5,1354134427
36115,246,1264,4,1354125445
36116,246,2059,4,1353869553
36117,246,1278,3,1354145789
36118,246,1279,4,1353869542
36119,246,1055,4,1354126586
36120,246,2354,5,1354124610
36121,246,1283,5,1354125727
36122,246,1056,5,1354126511
36123,246,1286,5,1354124484
36124,246,5765,2,1354127977
36125,246,6027,5,1354127931
36126,246,2809,5,1354127033
36127,246,3445,4,1354133791
36128,246,912,4,1354146288
36129,246,5265,5,1354134450
36130,246,4325,5,1354127155
36131,246,241,5,1354124709
36132,246,1059,4,1354126647
36133,246,6028,5,1354127920
36134,246,916,5,1354125667
36135,246,2991,5,1354126748
36136,246,1299,4,1355956342
36137,246,1061,4,1354126617
36138,246,242,4,1354126904
36139,246,926,5,1354125656
36140,246,927,4,1354145696
36141,246,3470,4,1355955468
36142,246,1308,4,1355956382
36143,246,245,5,1353869424
36144,246,1153,4,1355660751
36145,246,6029,4,1354149733
36146,246,6030,4,1355955231
36147,246,1933,4,1354124901
36148,246,935,5,1354126212
36149,246,936,5,1354125736
36150,246,1935,4,1355956402
36151,246,3091,4,1354124450
36152,246,6031,4,1354124387
36153,246,3847,5,1354125675
36154,246,1065,4,1354149407
36155,246,1066,4,1354149398
36156,246,4340,5,1354149552
36157,246,1325,4,1354145800
36158,246,1327,4,1355956373
36159,246,941,5,1354125731
36160,246,2410,4,1354149268
36161,246,1067,4,1354124276
36162,246,3160,5,1354127346
36163,246,5279,4,1354125561
36164,246,6032,5,1354145443
36165,246,1334,4,1354125510
36166,246,251,1,1355660525
36167,246,4255,4,1354125687
36168,246,1948,4,1354149325
36169,246,4704,4,1354133835
36170,246,947,4,1354149468
36171,246,949,3,1354127652
36172,246,951,4,1354126014
36173,247,1,5,1467644119
36174,247,293,3,1467661273
36175,247,4,4,1467644262
36176,247,5,5,1467643861
36177,247,8,4,1467644232
36178,247,464,3,1467661242
36179,247,13,3,1467665659
36180,247,16,4,1467643884
36181,247,589,4,1467644257
36182,247,17,4,1467644035
36183,247,233,4,1467643895
36184,247,21,5,1467644091
36185,247,472,5,1467759767
36186,247,27,4,1467644152
36187,247,29,4,1467644037
36188,247,323,5,1467843322
36189,247,479,3,1467644318
36190,247,35,4,1467644099
36191,247,37,4,1467759730
36192,247,1028,4,1467643901
36193,247,331,5,1467759490
36194,247,336,4,1467665453
36195,247,45,4,1467661173
36196,247,46,4,1467759737
36197,247,2395,2,1467759763
36198,247,1774,2,1467936073
36199,247,1775,2,1467936308
36200,247,61,4,1467661279
36201,247,63,4,1467646501
36202,247,68,2,1467661266
36203,247,1102,5,1467646503
36204,247,69,4,1467643909
36205,247,70,5,1467644052
36206,247,71,4,1467643891
36207,247,1104,3,1467661227
36208,247,74,3,1467644197
36209,247,75,3,1467646448
36210,247,1137,4,1467644462
36211,247,726,3,1467661286
36212,247,84,4,1467759746
36213,247,85,3,1467661261
36214,247,86,4,1467644149
36215,247,90,4,1467644396
36216,247,1474,1,1467936301
36217,247,106,3,1467646407
36218,247,729,5,1467644426
36219,247,234,4,1467644274
36220,247,1171,3,1467661195
36221,247,122,4,1467644160
36222,247,128,5,1467935453
36223,247,1035,2,1467936104
36224,247,1036,3,1467935459
36225,247,392,3,1467665629
36226,247,148,3,1467644401
36227,247,1609,2,1467765274
36228,247,167,3,1467644028
36229,247,1640,3,1467935451
36230,247,402,4,1467644278
36231,247,185,4,1467644177
36232,247,193,5,1467643863
36233,247,200,3,1467936071
36234,247,736,4,1467936106
36235,247,204,5,1467644360
36236,247,1185,4,1467665447
36237,247,220,4,1467644139
36238,247,278,3,1467646492
36239,247,445,4,1467644250
36240,247,745,3,1467644201
36241,247,1125,5,1467644413
36242,247,752,4,1467644266
36243,247,458,3,1467645426
36244,247,754,4,1467644043
36245,247,755,4,1467644359
36246,247,757,2,1467645405
36247,247,758,2,1467645443
36248,247,1199,4,1467644381
36249,247,759,4,1467646525
36250,247,763,3,1467644468
36251,247,765,4,1467644097
36252,247,766,3,1467645413
36253,247,1147,4,1467644041
36254,247,769,3,1467645431
36255,247,876,4,1467644245
36256,247,771,4,1467644173
36257,247,235,3,1467644187
36258,247,775,4,1467644032
36259,247,1130,4,1467644195
36260,247,1048,3,1467644309
36261,247,780,3,1467644475
36262,247,1230,5,1467681512
36263,247,795,4,1467644301
36264,247,807,3,1467759750
36265,247,810,4,1467644164
36266,247,1894,2,1467759774
36267,247,1251,4,1467644192
36268,247,1256,3,1467646490
36269,247,2316,3,1467661229
36270,247,1133,4,1467644464
36271,247,238,4,1467644247
36272,247,1051,3,1467681660
36273,247,1052,4,1467644304
36274,247,824,3,1467644482
36275,247,900,5,1467646498
36276,247,2519,5,1467759770
36277,247,903,3,1467644268
36278,247,2338,3,1467681657
36279,247,239,4,1467643888
36280,247,1055,2,1467644146
36281,247,1056,3,1467644130
36282,247,1916,2,1467644327
36283,247,241,4,1467644158
36284,247,1152,4,1467644485
36285,247,916,4,1467644104
36286,247,1297,4,1467646510
36287,247,918,5,1467646520
36288,247,927,2,1467644134
36289,247,928,3,1467646504
36290,247,243,4,1467644253
36291,247,1926,3,1467644490
36292,247,1134,4,1467644478
36293,247,245,4,1467644093
36294,247,1934,5,1467644466
36295,247,6033,3,1467759724
36296,247,1939,5,1467646497
36297,247,1067,3,1467644179
36298,247,1068,4,1467644437
36299,247,250,4,1467644141
36300,247,2412,3,1467759723
36301,247,252,3,1467644121
36302,247,1073,4,1467646515
36303,247,253,4,1467644276
36304,247,962,3,1467644377
36305,247,254,4,1467644095
36306,247,1076,4,1467644458
36307,247,1078,4,1467644255
36308,247,1079,5,1467682319
36309,247,1998,4,1467644319
36310,247,257,5,1467644193
36311,247,1362,4,1467644124
36312,247,1364,4,1467665455
36313,247,6034,2,1467643930
36314,247,258,2,1467644132
36315,247,1081,3,1467644155
36316,247,1082,3,1467645455
36317,247,1085,4,1467644102
36318,247,1086,4,1467644103
36319,247,2543,2,1467644011
36320,247,1373,5,1467646385
36321,247,1376,5,1467674319
36322,247,1089,4,1467645450
36323,248,487,3,1534591944
36324,248,16,3,1534591638
36325,248,18,3,1534591935
36326,248,28,3,1534602101
36327,248,69,3,1534591641
36328,248,71,4,1534591642
36329,248,74,3,1534591644
36330,248,90,4,1534591649
36331,248,135,4,1534591719
36332,248,167,4,1534591655
36333,248,229,3,1534602310
36334,248,745,3,1534602305
36335,248,752,3,1534602290
36336,248,756,4,1534592282
36337,248,769,3,1534591698
36338,248,876,3,1534602289
36339,248,771,4,1534592055
36340,248,795,5,1534950779
36341,248,810,3,1534591722
36342,248,1255,4,1534592056
36343,248,1264,4,1534592060
36344,248,239,2,1534591738
36345,248,1055,4,1534591714
36346,248,1056,4,1534591743
36347,248,1064,4,1534591829
36348,248,1327,4,1534592059
36349,248,1068,3,1534592078
36350,248,1348,4,1534591663
36351,248,3104,3,1534591836
36352,248,1354,3,1534592079
36353,248,1998,3,1534591768
36354,248,1363,3,1534592081
36355,248,2009,4,1534592058
36356,248,1082,4,1534599910
36357,248,2135,4,1534591940
36358,248,2136,3,1534591650
36359,248,1368,4,1534591646
36360,248,1083,4,1534592029
36361,248,2016,3,1534592083
36362,248,5657,5,1534950958
36363,248,5661,5,1534950755
36364,248,5662,4,1534950962
36365,248,6035,4,1534950946
36366,248,1386,4,1534591665
36367,248,1391,3,1534592261
36368,248,1092,3,1534591681
36369,248,2750,3,1534950954
36370,248,2137,2,1534591786
36371,248,4027,2,1534602188
36372,248,2139,4,1534599909
36373,248,5481,3,1534602181
36374,249,1,4,1347317775
36375,249,482,4,1353800871
36376,249,493,3,1354107358
36377,249,3605,3,1355366891
36378,249,293,5,1346752537
36379,249,4,5,1346757700
36380,249,1401,3,1346752050
36381,249,5,4,1364546154
36382,249,6,4,1355677606
36383,249,513,3,1370785235
36384,249,7,3,1388146126
36385,249,519,3,1353801000
36386,249,8,5,1346841413
36387,249,1094,4,1346757621
36388,249,2544,3,1354225894
36389,249,526,4,1346756422
36390,249,464,2,1346755246
36391,249,9,4,1357685694
36392,249,528,3,1346752055
36393,249,550,3,1353801005
36394,249,466,4,1347318502
36395,249,16,5,1346757993
36396,249,575,3,1401041033
36397,249,589,5,1346757717
36398,249,17,4,1346757687
36399,249,233,4,1346758076
36400,249,471,3,1354107356
36401,249,21,4,1346841583
36402,249,472,5,1356439489
36403,249,23,4,1354107372
36404,249,315,3,1356439426
36405,249,622,4,1355366659
36406,249,473,4,1353800578
36407,249,1414,3,1354225701
36408,249,2167,3,1418328665
36409,249,634,3,1356439367
36410,249,1157,3,1349988346
36411,249,26,4,1355366996
36412,249,27,4,1346847728
36413,249,648,3,1354108116
36414,249,649,3,1353801177
36415,249,28,3,1356219014
36416,249,2896,4,1356439335
36417,249,29,4,1346758070
36418,249,1095,4,1507756687
36419,249,323,4,1353800716
36420,249,479,4,1346758213
36421,249,35,4,1346758020
36422,249,324,4,1356439499
36423,249,37,4,1346757613
36424,249,38,3,1355366438
36425,249,40,3,1440669034
36426,249,41,4,1347317539
36427,249,42,3,1355786888
36428,249,723,4,1346757623
36429,249,1160,4,1346757734
36430,249,43,4,1353801108
36431,249,2427,3,1354108092
36432,249,1431,3,1354225872
36433,249,1028,4,1346757706
36434,249,1438,4,1422131991
36435,249,333,3,1346757663
36436,249,334,4,1367765751
36437,249,336,4,1410001922
36438,249,724,4,1415415256
36439,249,54,4,1356439528
36440,249,1135,4,1346757908
36441,249,720,4,1346752166
36442,249,343,4,1347317480
36443,249,62,5,1346757739
36444,249,345,4,1422131701
36445,249,63,4,1346757745
36446,249,66,3,1346841356
36447,249,725,3,1416930822
36448,249,4262,4,1346757558
36449,249,1102,4,1453079305
36450,249,69,5,1346757817
36451,249,71,5,1346758006
36452,249,351,3,1346757723
36453,249,1029,3,1346754274
36454,249,1103,5,1347886940
36455,249,352,5,1346752532
36456,249,72,4,1390729931
36457,249,1136,4,1362914598
36458,249,74,4,1346757895
36459,249,75,4,1346757707
36460,249,76,4,1346754258
36461,249,77,5,1346757676
36462,249,78,4,1346758092
36463,249,1137,4,1347317381
36464,249,82,4,1346757874
36465,249,1454,4,1347886878
36466,249,84,3,1346757727
36467,249,85,4,1410392531
36468,249,86,4,1346756374
36469,249,90,4,1346757806
36470,249,2751,3,1346752065
36471,249,1166,3,1364853520
36472,249,1467,3,1354108079
36473,249,1468,3,1354896272
36474,249,95,4,1347017964
36475,249,5024,3,1354225855
36476,249,1481,3,1440669304
36477,249,1485,3,1354107346
36478,249,1487,2,1440669184
36479,249,98,4,1348268454
36480,249,2563,2,1440669077
36481,249,99,4,1395827257
36482,249,1031,4,1437525508
36483,249,1168,3,1440669121
36484,249,100,4,1355366908
36485,249,1492,2,1440669150
36486,249,1493,4,1440669201
36487,249,1494,3,1355677394
36488,249,101,4,1354225681
36489,249,102,4,1353792037
36490,249,1496,2,1440669234
36491,249,984,3,1355367105
36492,249,104,4,1410001857
36493,249,1008,3,1356277416
36494,249,106,4,1410001745
36495,249,107,2,1440669091
36496,249,1505,2,1440669277
36497,249,108,4,1358806173
36498,249,729,3,1346757637
36499,249,986,3,1353801494
36500,249,1510,3,1346754269
36501,249,987,4,1440669205
36502,249,234,4,1360979865
36503,249,1512,2,1365263862
36504,249,988,2,1347318423
36505,249,1514,3,1440669132
36506,249,109,4,1346757607
36507,249,5744,3,1440669399
36508,249,2398,3,1440669292
36509,249,2399,3,1355366864
36510,249,1524,2,1346752234
36511,249,4220,3,1353801483
36512,249,996,3,1440669135
36513,249,990,2,1410887066
36514,249,2091,4,1356277600
36515,249,1532,3,1347318606
36516,249,1534,3,1354225828
36517,249,731,4,1346755983
36518,249,379,3,1354107131
36519,249,116,4,1410001876
36520,249,2999,3,1364853534
36521,249,118,4,1395846463
36522,249,1777,3,1346752071
36523,249,836,4,1346756382
36524,249,120,3,1346756390
36525,249,122,4,1346758267
36526,249,128,4,1356439506
36527,249,1035,4,1410001975
36528,249,998,3,1354896459
36529,249,134,3,1346752132
36530,249,135,3,1346757909
36531,249,4064,3,1392503074
36532,249,140,3,1355366645
36533,249,1575,4,1361979836
36534,249,1141,4,1387738194
36535,249,2184,3,1346847554
36536,249,1580,4,1378034468
36537,249,146,4,1353800138
36538,249,1037,3,1347318785
36539,249,2574,3,1354225842
36540,249,148,4,1346754930
36541,249,1599,3,1353800980
36542,249,3290,3,1347318520
36543,249,150,4,1353801160
36544,249,1601,4,1355786913
36545,249,153,2,1440669284
36546,249,5101,2,1365264136
36547,249,154,3,1391180109
36548,249,274,3,1354896402
36549,249,397,4,1346841273
36550,249,1000,3,1440669181
36551,249,163,4,1415547891
36552,249,2580,3,1356821928
36553,249,1627,3,1354227279
36554,249,1010,3,1440669053
36555,249,166,4,1346757796
36556,249,167,5,1346757773
36557,249,1001,3,1356550212
36558,249,1632,3,1440669070
36559,249,171,4,1440669108
36560,249,172,3,1347318740
36561,249,732,3,1346752106
36562,249,400,3,1395827260
36563,249,179,4,1346757625
36564,249,1003,3,1353800963
36565,249,180,4,1348617415
36566,249,734,3,1346752116
36567,249,1179,4,1346754947
36568,249,181,4,1346758100
36569,249,735,3,1476524190
36570,249,1645,2,1440669244
36571,249,1646,2,1440669164
36572,249,1865,3,1440669064
36573,249,2489,3,1354225922
36574,249,402,4,1346757730
36575,249,183,4,1354896440
36576,249,185,4,1349221011
36577,249,1180,3,1417427324
36578,249,192,4,1346752288
36579,249,1181,4,1349048846
36580,249,193,5,1346757736
36581,249,195,4,1362336507
36582,249,198,4,1346757696
36583,249,1671,4,1356439266
36584,249,200,4,1356439500
36585,249,1142,4,1354225932
36586,249,1183,3,1356277589
36587,249,1684,3,1440669057
36588,249,736,3,1346758271
36589,249,204,4,1346757751
36590,249,416,3,1440669123
36591,249,2689,3,1356439384
36592,249,2203,4,1441193441
36593,249,210,2,1346752311
36594,249,1185,4,1346757643
36595,249,2511,2,1354896241
36596,249,1011,3,1412843517
36597,249,1701,4,1353801448
36598,249,3551,4,1346757785
36599,249,422,4,1355677362
36600,249,1012,4,1347887398
36601,249,215,4,1421494913
36602,249,218,4,1353800862
36603,249,219,4,1346847647
36604,249,1041,5,1346754972
36605,249,1734,3,1354107104
36606,249,2606,3,1431275854
36607,249,5203,2,1415415709
36608,249,220,4,1346758030
36609,249,1794,3,1356439579
36610,249,221,4,1440669159
36611,249,738,3,1355366440
36612,249,2607,3,1440669327
36613,249,1145,4,1349220939
36614,249,1744,3,1419369796
36615,249,1871,2,1354108158
36616,249,224,3,1432061315
36617,249,1015,4,1346752157
36618,249,228,3,1440669236
36619,249,1016,4,1356439422
36620,249,1188,3,1415415318
36621,249,229,4,1346841365
36622,249,4274,2,1354225875
36623,249,1764,3,1415415449
36624,249,1765,2,1346752244
36625,249,1018,2,1355366948
36626,249,2512,3,1415415444
36627,249,741,3,1353801376
36628,249,3308,3,1356304324
36629,249,4493,3,1353800953
36630,249,1800,3,1354107307
36631,249,742,4,1353801397
36632,249,2475,2,1440669352
36633,249,1190,4,1410001954
36634,249,1022,4,1346757780
36635,249,3310,3,1355366479
36636,249,743,3,1356439453
36637,249,1805,3,1355366751
36638,249,3312,3,1415415440
36639,249,2619,3,1354225702
36640,249,1876,4,1346752139
36641,249,445,5,1437146248
36642,249,446,4,1355677874
36643,249,447,3,1415415300
36644,249,4495,3,1415415613
36645,249,4092,2,1415415696
36646,249,1191,4,1363462531
36647,249,1812,3,1415415333
36648,249,1813,4,1415415380
36649,249,745,3,1346757652
36650,249,2214,4,1348268488
36651,249,1814,3,1415415373
36652,249,1816,3,1415415344
36653,249,1817,3,1415415356
36654,249,747,3,1354896105
36655,249,3319,3,1415415460
36656,249,1819,3,1415415351
36657,249,6036,4,1353800719
36658,249,1877,3,1354225911
36659,249,6037,3,1354108146
36660,249,845,3,1354108136
36661,249,1146,3,1422835500
36662,249,1822,3,1415415353
36663,249,454,3,1347317798
36664,249,748,3,1407880396
36665,249,1880,4,1353800140
36666,249,1823,3,1346754953
36667,249,1825,4,1411231720
36668,249,1195,4,1354106867
36669,249,1830,3,1378034388
36670,249,1125,4,1346757809
36671,249,752,4,1346757932
36672,249,458,4,1485734463
36673,249,4159,4,1355677347
36674,249,753,4,1346757985
36675,249,2717,3,1353276810
36676,249,1832,4,1375540734
36677,249,3644,3,1347887146
36678,249,754,5,1346757869
36679,249,2220,3,1418081207
36680,249,2498,3,1354108065
36681,249,2697,3,1346752939
36682,249,1839,3,1415415471
36683,249,756,4,1415415305
36684,249,1881,3,1355351616
36685,249,2698,2,1415415837
36686,249,1840,3,1355366786
36687,249,1198,4,1415415359
36688,249,2699,4,1355677546
36689,249,5377,1,1365263700
36690,249,757,4,1346847829
36691,249,4499,3,1364120681
36692,249,758,3,1347318725
36693,249,1199,4,1346757901
36694,249,1846,2,1415415601
36695,249,759,4,1346847731
36696,249,2477,3,1353800938
36697,249,760,3,1353800103
36698,249,1847,4,1415415540
36699,249,761,4,1347317880
36700,249,762,3,1356439436
36701,249,849,3,1415415417
36702,249,1200,3,1355366212
36703,249,1849,4,1356277363
36704,249,1203,3,1415415314
36705,249,6038,2,1415415799
36706,249,1851,3,1415415514
36707,249,3650,3,1354225800
36708,249,2772,4,1346753076
36709,249,764,3,1386513964
36710,249,852,3,1415415395
36711,249,1204,4,1347317509
36712,249,765,4,1346757871
36713,249,857,4,1347318417
36714,249,766,3,1346757924
36715,249,1206,3,1346757595
36716,249,3069,3,1347887400
36717,249,874,3,1415415479
36718,249,3189,4,1353800571
36719,249,2478,4,1440669320
36720,249,5140,3,1415415721
36721,249,2233,4,1355842196
36722,249,768,3,1346847614
36723,249,3656,2,1354225791
36724,249,769,3,1415415282
36725,249,1209,4,1354107291
36726,249,876,4,1346757834
36727,249,1210,4,1353800159
36728,249,3332,2,1346752613
36729,249,4505,3,1354107177
36730,249,3657,3,1355367083
36731,249,1046,4,1346752706
36732,249,1883,3,1353801377
36733,249,2235,3,1354107988
36734,249,771,4,1346757892
36735,249,1212,4,1346756424
36736,249,3659,3,1347887013
36737,249,3071,3,1415415541
36738,249,3661,3,1346755017
36739,249,3662,3,1415415585
36740,249,3333,3,1355842209
36741,249,5877,2,1365263709
36742,249,2480,4,1415415598
36743,249,2047,4,1346847766
36744,249,3259,3,1415415447
36745,249,3668,3,1354108049
36746,249,772,3,1346752212
36747,249,235,4,1388792807
36748,249,2964,2,1415415795
36749,249,1216,2,1365264288
36750,249,773,3,1415415301
36751,249,3617,3,1362336561
36752,249,3673,2,1354225781
36753,249,2966,3,1354108128
36754,249,2967,4,1353801040
36755,249,6039,3,1356439401
36756,249,3142,4,1440669216
36757,249,774,4,1355366555
36758,249,775,5,1346757887
36759,249,2516,3,1346754824
36760,249,1047,4,1498391927
36761,249,1219,4,1347318459
36762,249,1221,3,1415415431
36763,249,3269,4,1354106996
36764,249,3344,4,1353801258
36765,249,1130,4,1346757646
36766,249,1222,4,1415415388
36767,249,1048,4,1517106774
36768,249,4508,3,1415415767
36769,249,3345,3,1355366461
36770,249,886,3,1356277421
36771,249,3577,4,1357907718
36772,249,779,3,1354225711
36773,249,1226,3,1356549975
36774,249,780,4,1415415292
36775,249,2753,3,1412843508
36776,249,2048,4,1353800465
36777,249,782,4,1353800557
36778,249,887,3,1354896379
36779,249,783,4,1350831601
36780,249,4892,3,1415415632
36781,249,1227,4,1356550313
36782,249,1049,4,1353801055
36783,249,784,4,1347317833
36784,249,786,3,1354895807
36785,249,1228,4,1346757861
36786,249,236,4,1347317712
36787,249,3351,4,1355677518
36788,249,3352,3,1355351620
36789,249,2266,4,1346758192
36790,249,2267,4,1498397397
36791,249,1229,4,1356304299
36792,249,3355,2,1415415676
36793,249,1230,5,1346758036
36794,249,793,4,1347887414
36795,249,795,4,1426988948
36796,249,798,4,1415415413
36797,249,799,4,1347318465
36798,249,3357,3,1355366789
36799,249,6040,2,1365264027
36800,249,6041,3,1346754180
36801,249,4756,3,1378034471
36802,249,2484,4,1415415796
36803,249,1237,3,1356277596
36804,249,3150,3,1413206779
36805,249,801,4,1346756269
36806,249,5908,3,1347318824
36807,249,893,4,1353801119
36808,249,2126,4,1355366599
36809,249,803,4,1353800591
36810,249,804,3,1353801356
36811,249,6042,3,1378034474
36812,249,807,5,1357778134
36813,249,6043,2,1346755048
36814,249,808,3,1357685707
36815,249,809,4,1347318713
36816,249,1240,3,1349466506
36817,249,2983,3,1353800917
36818,249,895,4,1347318510
36819,249,810,4,1346756618
36820,249,811,2,1356550348
36821,249,812,3,1355366539
36822,249,1241,3,1355366732
36823,249,1892,4,1347887049
36824,249,813,3,1347318731
36825,249,1242,5,1407958924
36826,249,4511,3,1354107052
36827,249,2127,4,1346752956
36828,249,4313,3,1347318469
36829,249,1243,3,1355366214
36830,249,1244,3,1347317694
36831,249,5752,4,1368891307
36832,249,5753,3,1355346464
36833,249,1245,2,1346753740
36834,249,2292,4,1355677969
36835,249,1249,4,1350988675
36836,249,6044,2,1354106497
36837,249,6045,2,1365263733
36838,249,3600,3,1347887417
36839,249,1894,3,1346847838
36840,249,2300,3,1415415378
36841,249,2976,3,1415415752
36842,249,3379,4,1354895803
36843,249,5684,3,1347887402
36844,249,5937,3,1347318603
36845,249,5938,1,1346758396
36846,249,2306,3,1346752584
36847,249,1250,3,1415415583
36848,249,1251,4,1346757758
36849,249,2307,4,1346757966
36850,249,1252,4,1354108273
36851,249,1254,3,1346757958
36852,249,4516,2,1365263783
36853,249,5253,3,1415415819
36854,249,1896,3,1355366442
36855,249,3383,3,1415415626
36856,249,1897,3,1354896324
36857,249,817,3,1368980379
36858,249,818,3,1347887353
36859,249,5944,2,1365263755
36860,249,2977,3,1354895933
36861,249,1898,4,1353800887
36862,249,1255,3,1356277566
36863,249,820,3,1355342271
36864,249,2311,4,1346756317
36865,249,1257,3,1415415693
36866,249,1899,3,1354106908
36867,249,5254,3,1356550731
36868,249,5000,2,1415415832
36869,249,899,4,1353801100
36870,249,1258,3,1355366302
36871,249,6046,3,1355366360
36872,249,6047,1,1354895863
36873,249,1901,3,1415415672
36874,249,1050,3,1346755240
36875,249,2316,4,1417977656
36876,249,238,5,1346757793
36877,249,1051,4,1346758122
36878,249,1052,3,1346757756
36879,249,822,3,1355677775
36880,249,2978,3,1347887420
36881,249,824,3,1346757826
36882,249,825,4,1356439241
36883,249,826,4,1354896027
36884,249,4519,4,1347887039
36885,249,2320,3,1346757921
36886,249,3077,2,1415415883
36887,249,1260,3,1356439370
36888,249,2321,3,1354226019
36889,249,827,3,1354225769
36890,249,2323,4,1415415590
36891,249,2324,3,1346754830
36892,249,2984,3,1355677492
36893,249,5954,1,1346758371
36894,249,1053,4,1347887344
36895,249,6048,3,1356220170
36896,249,3079,3,1354107265
36897,249,2326,3,1346847822
36898,249,5957,3,1415415853
36899,249,1262,4,1347887569
36900,249,900,5,1346752774
36901,249,5258,3,1355366724
36902,249,2328,4,1356218742
36903,249,2056,4,1417897279
36904,249,3405,4,1415415805
36905,249,2979,3,1350831603
36906,249,1905,4,1348497326
36907,249,3153,3,1346752711
36908,249,1906,3,1354225718
36909,249,1264,3,1356277602
36910,249,1907,4,1347318448
36911,249,1267,2,1355366734
36912,249,2057,4,1417897299
36913,249,1268,4,1347318316
36914,249,1269,4,1353801212
36915,249,2519,4,1415415377
36916,249,3409,4,1353800838
36917,249,1270,4,1415415392
36918,249,903,3,1346847780
36919,249,2058,4,1355433831
36920,249,2987,3,1347318322
36921,249,2988,3,1356218921
36922,249,3418,3,1355351623
36923,249,1272,3,1346757649
36924,249,4522,3,1354106966
36925,249,3806,4,1440074562
36926,249,4762,4,1354896010
36927,249,3421,3,1346752734
36928,249,1274,4,1359247261
36929,249,2343,4,1359495027
36930,249,3601,2,1347887421
36931,249,1275,3,1347317863
36932,249,2059,4,1346757671
36933,249,3423,3,1346756689
36934,249,5965,3,1362336599
36935,249,5760,3,1355366200
36936,249,1054,4,1353801085
36937,249,904,4,1346847764
36938,249,1909,3,1415415665
36939,249,2061,5,1347317542
36940,249,2129,4,1415415495
36941,249,1277,4,1415415824
36942,249,2980,0,1365263559
36943,249,1279,4,1346847715
36944,249,1910,4,1415415647
36945,249,3594,4,1415415941
36946,249,4525,3,1356550339
36947,249,2350,3,1415415643
36948,249,1280,3,1346756548
36949,249,6049,2,1365263576
36950,249,239,5,1346757831
36951,249,2351,3,1346752652
36952,249,1911,4,1353800560
36953,249,5813,0,1365263562
36954,249,4189,3,1355677519
36955,249,1055,4,1346757698
36956,249,1912,4,1347317889
36957,249,908,3,1353801244
36958,249,1913,3,1346754962
36959,249,1282,3,1347318601
36960,249,1283,4,1353792047
36961,249,1914,4,1353800805
36962,249,1284,3,1356277379
36963,249,1056,4,1346758138
36964,249,3081,4,1415415587
36965,249,1285,4,1353801075
36966,249,3082,4,1356819202
36967,249,1286,4,1346841501
36968,249,240,4,1356550320
36969,249,2130,5,1353792008
36970,249,2131,4,1347318336
36971,249,2367,3,1355366222
36972,249,5762,1,1346758376
36973,249,5973,3,1415415920
36974,249,2372,4,1354896208
36975,249,1287,4,1415415659
36976,249,2377,4,1347318377
36977,249,3445,3,1349466517
36978,249,1916,4,1346757962
36979,249,912,3,1415415511
36980,249,1288,4,1415415650
36981,249,1057,3,1353800179
36982,249,2381,3,1355366215
36983,249,2382,3,1415415896
36984,249,1058,4,1346757927
36985,249,2383,4,1353801069
36986,249,914,4,1354107252
36987,249,2384,3,1355366501
36988,249,4192,3,1353800853
36989,249,2387,3,1430482893
36990,249,4194,2,1430482965
36991,249,6050,3,1354884184
36992,249,6051,3,1358130130
36993,249,1292,3,1346757849
36994,249,3450,4,1353800564
36995,249,5977,3,1415415862
36996,249,4767,3,1356550231
36997,249,3084,2,1346753671
36998,249,4326,4,1430482912
36999,249,241,5,1346757912
37000,249,2390,3,1355366304
37001,249,1059,4,1442154017
37002,249,1296,3,1355677462
37003,249,1152,4,1377202558
37004,249,3085,3,1415415687
37005,249,3454,3,1356550226
37006,249,1918,3,1354107990
37007,249,1919,2,1430482919
37008,249,916,3,1346757674
37009,249,3456,3,1430483213
37010,249,1297,4,1346841266
37011,249,3518,3,1356550233
37012,249,2991,4,1347317527
37013,249,1920,3,1353801218
37014,249,6052,2,1430483047
37015,249,1060,4,1362438328
37016,249,918,4,1415415455
37017,249,1299,4,1354895973
37018,249,919,3,1347318386
37019,249,1061,4,1346758349
37020,249,2392,3,1347318244
37021,249,6053,3,1346752543
37022,249,2393,4,1353800632
37023,249,5981,3,1353800165
37024,249,1063,4,1417511211
37025,249,4771,3,1369384395
37026,249,4730,3,1353801285
37027,249,242,4,1346757615
37028,249,922,4,1346847656
37029,249,3465,3,1430483018
37030,249,3520,3,1347317742
37031,249,291,3,1346752643
37032,249,6054,3,1356549960
37033,249,1922,4,1347318091
37034,249,927,4,1346756246
37035,249,928,4,1346847790
37036,249,1923,3,1356277685
37037,249,6055,2,1401456257
37038,249,4537,3,1430483031
37039,249,243,5,1346841382
37040,249,3831,2,1365264011
37041,249,1308,2,1346754246
37042,249,3726,3,1356304312
37043,249,3472,4,1404329507
37044,249,6056,3,1356277377
37045,249,4773,3,1354895812
37046,249,1310,3,1415415892
37047,249,1926,3,1346757659
37048,249,1311,3,1347887171
37049,249,1312,4,1346847682
37050,249,1313,3,1346841398
37051,249,6057,3,1430483144
37052,249,6058,3,1347017975
37053,249,6059,3,1360539171
37054,249,3088,3,1356549977
37055,249,4541,3,1348497257
37056,249,3622,4,1410911637
37057,249,1314,3,1346753184
37058,249,1134,4,1346757612
37059,249,1927,3,1354225715
37060,249,5627,4,1354108227
37061,249,3476,3,1354108160
37062,249,932,4,1387132066
37063,249,245,5,1346757880
37064,249,1928,3,1353800819
37065,249,4174,3,1430482931
37066,249,1929,3,1355366474
37067,249,2814,3,1430482970
37068,249,1315,3,1415415782
37069,249,4542,3,1430482949
37070,249,1316,3,1356550324
37071,249,1317,4,1349988230
37072,249,1318,4,1346847799
37073,249,1930,3,1430483065
37074,249,1319,3,1347318789
37075,249,3623,3,1355351625
37076,249,1153,4,1346758294
37077,249,246,4,1359378435
37078,249,933,4,1406920967
37079,249,3090,4,1356143513
37080,249,6060,3,1369858782
37081,249,1931,3,1347318319
37082,249,3841,3,1356143499
37083,249,2816,4,1346752549
37084,249,1933,4,1346847469
37085,249,1934,4,1485734467
37086,249,1154,4,1346847536
37087,249,6061,3,1409654955
37088,249,1155,4,1348532830
37089,249,3091,3,1415415722
37090,249,3842,2,1430483175
37091,249,3479,4,1348268472
37092,249,1321,3,1430482915
37093,249,6031,3,1347318595
37094,249,1064,4,1347318796
37095,249,939,3,1356550111
37096,249,1322,4,1356550675
37097,249,3628,3,1356220172
37098,249,6062,3,1430483176
37099,249,3481,4,1430482868
37100,249,6063,3,1369396933
37101,249,3847,3,1349220973
37102,249,1065,2,1346753639
37103,249,4703,3,1355366292
37104,249,6064,3,1430482940
37105,249,6065,3,1346756663
37106,249,4253,3,1354895794
37107,249,1066,3,1346757989
37108,249,6066,3,1430482902
37109,249,3482,4,1368891309
37110,249,3483,3,1346756049
37111,249,6067,3,1430483094
37112,249,1325,4,1346847760
37113,249,5040,3,1430482958
37114,249,3485,3,1415415807
37115,249,6068,3,1349220979
37116,249,1327,3,1415415927
37117,249,2132,5,1404342048
37118,249,3093,3,1379286473
37119,249,6069,2,1346753584
37120,249,5670,4,1413206803
37121,249,941,4,1353800175
37122,249,1328,4,1347317893
37123,249,6070,3,1356550322
37124,249,2410,4,1415415730
37125,249,3094,3,1355677442
37126,249,3524,3,1346756456
37127,249,1938,3,1353801217
37128,249,4548,3,1356550116
37129,249,2528,4,1356304397
37130,249,1939,4,1485734437
37131,249,1330,5,1346847628
37132,249,1331,4,1346847705
37133,249,942,4,1347317835
37134,249,4344,4,1390736574
37135,249,6071,3,1355366229
37136,249,1941,4,1347317848
37137,249,3855,3,1355677468
37138,249,3856,2,1346752763
37139,249,6072,3,1355677521
37140,249,6073,4,1356806581
37141,249,3487,3,1347318453
37142,249,3095,4,1346758113
37143,249,1067,5,1346756252
37144,249,3160,3,1347887125
37145,249,5277,3,1347317726
37146,249,6074,3,1347318804
37147,249,3096,3,1346753010
37148,249,6075,4,1347887221
37149,249,1942,3,1347886999
37150,249,4779,3,1430483182
37151,249,3630,3,1430482849
37152,249,6076,4,1430483004
37153,249,6077,3,1356304401
37154,249,2820,3,1347887015
37155,249,6078,4,1347318692
37156,249,5279,4,1353800574
37157,249,3858,3,1354106917
37158,249,2821,4,1346753733
37159,249,3097,4,1354895953
37160,249,2822,4,1406276250
37161,249,1333,4,1349988232
37162,249,1068,4,1390729976
37163,249,250,4,1346757791
37164,249,1943,4,1356277274
37165,249,1334,3,1346847649
37166,249,6079,4,1430483051
37167,249,1944,4,1346847646
37168,249,4781,2,1347887215
37169,249,3632,3,1430483077
37170,249,4212,4,1356220123
37171,249,6080,3,1430483129
37172,249,6081,3,1347318699
37173,249,3489,4,1347887076
37174,249,6082,3,1347887107
37175,249,4552,3,1347887114
37176,249,3526,3,1347887288
37177,249,2827,3,1347887090
37178,249,6083,3,1347887097
37179,249,4553,4,1347887064
37180,249,1945,4,1346752679
37181,249,6084,4,1347887134
37182,249,6085,3,1347887198
37183,249,6086,3,1347887165
37184,249,4554,4,1346755007
37185,249,2994,5,1355365787
37186,249,2530,5,1347317323
37187,249,6087,3,1347887466
37188,249,1947,4,1347887475
37189,249,1948,4,1353800107
37190,249,6088,3,1347985662
37191,249,1069,4,1347746255
37192,249,3491,5,1348671518
37193,249,4732,4,1350344977
37194,249,4704,3,1349466509
37195,249,947,4,1356440099
37196,249,6089,3,1363350137
37197,249,6090,4,1349995706
37198,249,1336,3,1355677423
37199,249,949,4,1350831589
37200,249,950,3,1430483117
37201,249,5281,4,1362345992
37202,249,6091,3,1361245601
37203,249,4557,3,1353290746
37204,249,6092,3,1363314219
37205,249,3494,3,1356120495
37206,249,951,4,1360102406
37207,249,6093,4,1382347281
37208,249,6094,4,1354466511
37209,249,1070,5,1350855028
37210,249,3634,3,1355356768
37211,249,4213,4,1363314118
37212,249,4733,4,1386591768
37213,249,2733,4,1356552078
37214,249,2412,5,1474837394
37215,249,3098,3,1357691672
37216,249,4559,3,1360511886
37217,249,2829,3,1359928386
37218,249,2830,4,1360112099
37219,249,4734,3,1364546196
37220,249,1340,4,1364210589
37221,249,3870,3,1359331081
37222,249,5823,3,1364249415
37223,249,1954,4,1359928372
37224,249,2532,4,1362263728
37225,249,953,4,1410001685
37226,249,6095,2,1363055707
37227,249,1342,4,1369913422
37228,249,1343,4,1356003302
37229,249,2411,4,1360891417
37230,249,4561,4,1368664450
37231,249,4705,3,1367487712
37232,249,252,4,1360112208
37233,249,3872,2,1430483143
37234,249,1344,4,1366708840
37235,249,6096,3,1379023798
37236,249,6097,3,1368980366
37237,249,6098,3,1374182245
37238,249,6099,3,1373819173
37239,249,6100,3,1381067653
37240,249,4564,3,1389014198
37241,249,6101,3,1372941488
37242,249,2534,4,1385396765
37243,249,1071,3,1400141599
37244,249,6102,3,1381418002
37245,249,3100,5,1379286464
37246,249,1346,4,1368664445
37247,249,1347,4,1377202547
37248,249,1956,3,1405448822
37249,249,6103,3,1376654552
37250,249,3880,3,1379286477
37251,249,1957,3,1373219070
37252,249,1348,4,1377370464
37253,249,3101,4,1438448520
37254,249,5825,2,1386513929
37255,249,1959,4,1389217580
37256,249,1960,4,1387975029
37257,249,1072,4,1378455412
37258,249,1349,3,1440256513
37259,249,955,4,1387132067
37260,249,3102,4,1379022732
37261,249,6104,4,1387823295
37262,249,6105,4,1436106324
37263,249,6106,3,1405294459
37264,249,1350,3,1392124697
37265,249,1963,3,1387071580
37266,249,2535,4,1411466442
37267,249,1967,3,1388097952
37268,249,1351,4,1377866891
37269,249,6107,3,1412843506
37270,249,957,4,1432061343
37271,249,1073,5,1383742823
37272,249,1352,5,1387234520
37273,249,3529,3,1387916508
37274,249,1968,4,1387439942
37275,249,6108,3,1440074720
37276,249,1353,4,1391719292
37277,249,2736,5,1391768291
37278,249,1354,4,1390982093
37279,249,959,4,1426609010
37280,249,1973,3,1405294439
37281,249,5647,4,1410001701
37282,249,960,3,1396222978
37283,249,253,5,1390900708
37284,249,1974,4,1413796658
37285,249,1975,4,1404228224
37286,249,1976,5,1400490220
37287,249,3105,4,1395593361
37288,249,3106,4,1399834933
37289,249,6109,4,1413717226
37290,249,2737,4,1484093028
37291,249,6110,3,1399719209
37292,249,1981,4,1401543367
37293,249,3892,4,1401373237
37294,249,6111,2,1392473019
37295,249,962,4,1402355531
37296,249,3530,3,1426381513
37297,249,254,5,1430996944
37298,249,5447,3,1406809785
37299,249,6112,3,1407281884
37300,249,1075,4,1407237218
37301,249,6113,3,1406276253
37302,249,6114,4,1433104566
37303,249,1987,3,1407575807
37304,249,4710,3,1407189136
37305,249,4794,4,1411070149
37306,249,1988,4,1410001605
37307,249,3107,3,1414229686
37308,249,1357,4,1409995330
37309,249,6115,3,1410887067
37310,249,4375,4,1411070109
37311,249,1990,3,1410476639
37312,249,1076,4,1409761356
37313,249,1991,4,1443795275
37314,249,6116,3,1413206823
37315,249,1993,4,1412528185
37316,249,1994,3,1409828417
37317,249,255,5,1434365736
37318,249,1077,5,1422171907
37319,249,4795,4,1407880401
37320,249,1078,4,1410779736
37321,249,3535,4,1425894202
37322,249,1995,4,1417354228
37323,249,1996,3,1433708463
37324,249,3111,4,1437317092
37325,249,1079,4,1516563231
37326,249,3112,4,1439505064
37327,249,2539,5,1426457831
37328,249,1998,3,1422225301
37329,249,257,4,1432300710
37330,249,1362,4,1437616733
37331,249,1363,4,1465160390
37332,249,2001,3,1437392009
37333,249,2003,4,1424391661
37334,249,5449,3,1450680733
37335,249,3114,4,1426964791
37336,249,2006,4,1422824250
37337,249,967,4,1431251823
37338,249,1080,3,1440367455
37339,249,6034,3,1501450867
37340,249,258,5,1432061318
37341,249,1081,4,1450633617
37342,249,4797,4,1476630468
37343,249,1366,4,1430482813
37344,249,1367,4,1448821736
37345,249,1082,4,1456691890
37346,249,5450,4,1526507705
37347,249,2135,4,1526833006
37348,249,2136,4,1517617217
37349,249,1368,4,1496533199
37350,249,1369,4,1462746881
37351,249,1083,4,1487029404
37352,249,1084,4,1463928984
37353,249,1370,4,1501416792
37354,249,2542,4,1452379591
37355,249,4588,3,1436212621
37356,249,3935,4,1425894209
37357,249,1085,4,1445246629
37358,249,2014,4,1447717312
37359,249,1086,4,1444383901
37360,249,2016,4,1465160389
37361,249,4804,3,1484358289
37362,249,1372,4,1483829838
37363,249,2019,3,1444654340
37364,249,2853,4,1462121824
37365,249,2021,4,1451084271
37366,249,3540,4,1437317078
37367,249,1373,5,1531611509
37368,249,3971,3,1447719752
37369,249,2744,4,1453758490
37370,249,4598,3,1462136212
37371,249,1376,4,1516415602
37372,249,3118,4,1505472592
37373,249,6117,2,1501416804
37374,249,6118,3,1484212944
37375,249,6119,3,1456058614
37376,249,1379,4,1517020997
37377,249,6120,3,1518983181
37378,249,3993,3,1462214611
37379,249,1088,4,1469969083
37380,249,1089,4,1514325516
37381,249,4818,3,1518388995
37382,249,4820,4,1518993126
37383,249,4604,3,1474164453
37384,249,4002,4,1483883652
37385,249,1384,4,1476462200
37386,249,1090,4,1484340119
37387,249,1386,4,1472595896
37388,249,4610,4,1537293483
37389,249,4611,3,1476524184
37390,249,5014,4,1516049647
37391,249,6121,3,1477259840
37392,249,3120,4,1479071238
37393,249,4617,3,1481154112
37394,249,1390,3,1496533192
37395,249,1391,5,1498299950
37396,249,1092,5,1484239767
37397,249,3121,4,1506179972
37398,249,2749,4,1516049201
37399,249,2870,3,1483910393
37400,249,4627,4,1504979314
37401,249,1393,5,1496591029
37402,249,2871,4,1506270630
37403,249,4834,4,1486944823
37404,249,6122,4,1504390008
37405,249,4636,3,1531598491
37406,249,2874,3,1505164817
37407,249,3124,4,1506864057
37408,249,6123,3,1512327683
37409,249,6124,4,1531598502
37410,249,1395,4,1506596042
37411,249,2137,4,1507756688
37412,249,3131,4,1514315792
37413,249,3132,4,1521854896
37414,249,5681,3,1514315776
37415,249,4662,3,1518883048
37416,249,6125,4,1518388863
37417,249,5633,4,1537293500
37418,249,6126,3,1526507723
37419,249,2139,5,1531611534
37420,250,294,4,1121217522
37421,250,233,5,1121217814
37422,250,311,5,1121217488
37423,250,2501,3,1121217584
37424,250,693,3,1121217510
37425,250,1775,5,1121217778
37426,250,65,3,1121217575
37427,250,726,5,1121217790
37428,250,89,5,1121217555
37429,250,1456,4,1121217559
37430,250,95,4,1121217462
37431,250,365,4,1121217590
37432,250,834,4,1121217529
37433,250,1514,3,1121217564
37434,250,996,3,1121217550
37435,250,1036,4,1121217942
37436,250,1610,4,1121217588
37437,250,3068,5,1121217899
37438,250,404,0,1121217543
37439,250,1686,5,1121217493
37440,250,422,5,1121217875
37441,250,1717,5,1121217515
37442,250,1039,4,1121217987
37443,250,752,4,1121217476
37444,250,4952,5,1121217910
37445,250,6127,5,1121217775
37446,250,5750,4,1121217844
37447,251,4,5,1470677268
37448,251,1094,4,1470676898
37449,251,589,5,1470676722
37450,251,17,5,1470676717
37451,251,233,5,1470676650
37452,251,21,5,1470677298
37453,251,29,5,1470676652
37454,251,35,5,1470676695
37455,251,37,5,1470676829
37456,251,63,5,1470676803
37457,251,70,5,1470677173
37458,251,73,5,1470677204
37459,251,354,5,1470677293
37460,251,356,5,1470676840
37461,251,234,5,1470676743
37462,251,122,5,1470676715
37463,251,167,5,1470676673
37464,251,193,5,1470676675
37465,251,1045,5,1470677181
37466,251,1053,2,1470676867
37467,251,1134,5,1470676811
37468,251,6128,5,1470677265
37469,251,2747,5,1470677300
37470,252,1,4,1498284904
37471,252,472,5,1498284963
37472,252,28,4,1498284999
37473,252,1450,4,1498284492
37474,252,3000,4,1498285297
37475,252,729,4,1498284953
37476,252,1597,5,1498284658
37477,252,876,5,1498284193
37478,252,795,4,1498284199
37479,252,1053,4,1498285011
37480,252,2066,4,1498284723
37481,252,1134,5,1498284330
37482,252,245,3,1498284746
37483,252,935,4,1498284375
37484,252,936,4,1498284146
37485,252,1067,2,1498284231
37486,252,3097,4,1498284772
37487,252,947,4,1498284369
37488,252,1954,3,1498284745
37489,252,3165,5,1498284315
37490,252,960,4,1498284778
37491,252,961,4,1498284038
37492,252,1981,4,1498284765
37493,252,1998,4,1498284044
37494,252,1081,4,1498284797
37495,252,2009,3,1498284070
37496,252,1083,4,1498283957
37497,252,1086,5,1498283693
37498,252,2853,3,1498284442
37499,252,3118,4,1498283807
37500,252,1089,4,1498283951
37501,252,4831,5,1498284431
37502,252,1391,5,1498283716
37503,252,2033,4,1498283782
37504,252,4625,3,1498284139
37505,252,1092,3,1498284126
37506,252,2749,4,1498284578
37507,252,4630,4,1498284880
37508,253,2069,4,1286643322
37509,253,2438,5,1286644600
37510,253,37,5,1286643377
37511,253,2172,4,1286643868
37512,253,2997,2,1286642684
37513,253,3543,4,1286642757
37514,253,3010,4,1286642779
37515,253,1445,3,1286642850
37516,253,3609,4,1286643668
37517,253,1163,4,1286642647
37518,253,354,5,1286643940
37519,253,2177,5,1286642552
37520,253,363,4,1286642640
37521,253,369,5,1286643265
37522,253,2678,4,1286644330
37523,253,2571,4,1286643027
37524,253,838,3,1286642622
37525,253,392,5,1286645292
37526,253,399,5,1286644870
37527,253,2094,4,1286642654
37528,253,414,5,1286644217
37529,253,842,4,1286644635
37530,253,2403,3,1286642590
37531,253,1734,3,1286642767
37532,253,6129,4,1286645108
37533,253,5354,4,1286643351
37534,253,1126,5,1286643897
37535,253,2125,4,1286642971
37536,253,856,5,1286644897
37537,253,767,5,1286645331
37538,253,1147,4,1286645187
37539,253,3194,4,1286642909
37540,253,2107,4,1286644291
37541,253,4285,4,1286644192
37542,253,1129,5,1286644918
37543,253,6130,5,1286643978
37544,253,6131,4,1286645147
37545,253,1253,4,1286643910
37546,253,6132,4,1286644149
37547,253,1133,5,1286644844
37548,253,3590,4,1286656150
37549,253,3677,4,1286657218
37550,253,3422,3,1286644428
37551,253,6133,4,1286645303
37552,253,2066,4,1286644656
37553,253,4325,4,1286644826
37554,253,927,2,1286642798
37555,254,1,4,1180446553
37556,254,293,4,1180446451
37557,254,4,4,1180447550
37558,254,5,4,1180564704
37559,254,509,2,1180443477
37560,254,8,4,1180446383
37561,254,464,4,1180446349
37562,254,549,2,1180443598
37563,254,16,4,1180446182
37564,254,589,4,1180447547
37565,254,17,5,1180446396
37566,254,233,4,1180446073
37567,254,1409,4,1180443645
37568,254,471,3,1180446609
37569,254,21,5,1180446447
37570,254,473,2,1180446432
37571,254,26,4,1180446066
37572,254,27,4,1180446243
37573,254,29,5,1180446502
37574,254,479,4,1180446276
37575,254,33,4,1180446330
37576,254,34,2,1180446258
37577,254,35,4,1180446078
37578,254,38,3,1180446580
37579,254,43,3,1180446288
37580,254,2662,3,1180445811
37581,254,1028,4,1180446617
37582,254,333,4,1180564710
37583,254,832,3,1180443506
37584,254,63,4,1180447535
37585,254,69,4,1180446478
37586,254,1029,4,1180564652
37587,254,74,4,1180446169
37588,254,76,4,1180564643
37589,254,84,5,1180564637
37590,254,86,3,1180446497
37591,254,102,2,1180446506
37592,254,104,4,1180446570
37593,254,988,3,1180446472
37594,254,113,3,1180443514
37595,254,990,1,1180443538
37596,254,122,5,1180446376
37597,254,124,4,1180445815
37598,254,148,4,1180447527
37599,254,1609,4,1180446634
37600,254,2682,4,1180443639
37601,254,166,4,1180564876
37602,254,167,5,1180446172
37603,254,402,5,1180446343
37604,254,1658,3,1180445845
37605,254,185,5,1180446312
37606,254,193,5,1180446644
37607,254,2494,4,1180443619
37608,254,2403,3,1180443528
37609,254,1040,2,1180443471
37610,254,220,4,1180446425
37611,254,278,5,1180563891
37612,254,1800,3,1180445821
37613,254,432,4,1180446359
37614,254,1022,4,1180563968
37615,254,440,4,1180564578
37616,254,445,4,1180446520
37617,254,745,5,1180446215
37618,254,1125,4,1180563901
37619,254,752,4,1180446529
37620,254,1126,4,1180447449
37621,254,754,4,1180445990
37622,254,755,4,1180446548
37623,254,6134,4,1180564729
37624,254,757,1,1180446291
37625,254,759,3,1180446236
37626,254,5518,4,1180564640
37627,254,765,4,1180445997
37628,254,3188,3,1180564555
37629,254,1206,4,1180563870
37630,254,3191,1,1180443616
37631,254,768,3,1180446638
37632,254,876,4,1180446000
37633,254,771,4,1180446204
37634,254,1148,4,1180564384
37635,254,235,5,1180446317
37636,254,2251,4,1180564544
37637,254,775,4,1180446407
37638,254,1130,4,1180446482
37639,254,1048,4,1180446385
37640,254,779,4,1180446604
37641,254,783,3,1180446459
37642,254,3207,4,1180563983
37643,254,1228,4,1180564397
37644,254,3147,4,1180564002
37645,254,2266,3,1180564658
37646,254,1230,4,1180563960
37647,254,795,4,1180563939
37648,254,3148,4,1180563995
37649,254,2050,4,1180564517
37650,254,891,4,1180447438
37651,254,807,5,1180446578
37652,254,3367,4,1180563978
37653,254,2286,4,1180564538
37654,254,809,3,1180446429
37655,254,2288,4,1180563898
37656,254,810,4,1180446209
37657,254,1249,4,1180563957
37658,254,897,4,1180564551
37659,254,2054,4,1180564519
37660,254,2303,4,1180563932
37661,254,1251,4,1180446542
37662,254,2307,4,1180563917
37663,254,1252,4,1180563998
37664,254,1254,3,1180564515
37665,254,6135,4,1180563082
37666,254,3387,4,1180564581
37667,254,2722,4,1180564559
37668,254,1256,4,1180563865
37669,254,899,4,1180447851
37670,254,2312,2,1180447632
37671,254,3075,3,1180447654
37672,254,2316,2,1180447649
37673,254,1133,4,1180447436
37674,254,238,5,1180447431
37675,254,2317,4,1180447453
37676,254,1051,4,1180447622
37677,254,1052,4,1180447443
37678,254,6136,3,1180563803
37679,254,824,4,1180446593
37680,254,825,3,1180447854
37681,254,2320,4,1180447618
37682,255,461,1,1005717433
37683,255,13,2,1005717313
37684,255,471,5,1005717199
37685,255,1414,5,1005717141
37686,255,323,2,1005717492
37687,255,343,2,1005717608
37688,255,3704,5,1005717492
37689,255,74,5,1005717141
37690,255,78,5,1005717433
37691,255,1106,1,1005717179
37692,255,1139,1,1005717457
37693,255,86,1,1005717457
37694,255,361,1,1005717657
37695,255,1475,3,1005717657
37696,255,1504,5,1005717340
37697,255,6137,4,1005717179
37698,255,2674,3,1005717340
37699,255,376,3,1005717223
37700,255,837,1,1005717223
37701,255,2678,1,1005717630
37702,255,3025,1,1005717536
37703,255,1601,3,1005717457
37704,255,166,3,1005717199
37705,255,1179,2,1005717608
37706,255,181,5,1005717492
37707,255,1653,2,1005717513
37708,255,185,1,1005717360
37709,255,6138,4,1005717513
37710,255,1667,2,1005717706
37711,255,2157,1,1005717406
37712,255,1786,1,1005717292
37713,255,5734,2,1005717386
37714,255,1712,3,1005717433
37715,255,1718,5,1005717406
37716,255,1729,1,1005717433
37717,255,3066,1,1005717433
37718,255,2606,5,1005717683
37719,255,223,2,1005717657
37720,255,1187,3,1005717179
37721,255,6139,2,1005717292
37722,255,743,2,1005717683
37723,255,2634,1,1005717473
37724,255,4871,2,1005717386
37725,255,6140,3,1005717223
37726,256,2658,5,1447000271
37727,256,11,4,1447000076
37728,256,534,4,1447000182
37729,256,1027,4,1447000115
37730,256,1405,5,1447000069
37731,256,547,4,1447000188
37732,256,16,4,1446579713
37733,256,575,3,1447000333
37734,256,589,5,1446580005
37735,256,233,5,1446579711
37736,256,619,3,1447000084
37737,256,622,4,1446580076
37738,256,1157,5,1447000049
37739,256,5289,4,1447000649
37740,256,660,4,1447000073
37741,256,35,4,1446579926
37742,256,43,4,1447011355
37743,256,69,4,1446579723
37744,256,71,5,1446579702
37745,256,74,4,1446579739
37746,256,86,5,1447001868
37747,256,2751,3,1447000097
37748,256,979,4,1447000227
37749,256,992,4,1447000170
37750,256,836,5,1447019714
37751,256,167,4,1446579700
37752,256,1182,4,1447000220
37753,256,208,4,1447000206
37754,256,1184,4,1447000231
37755,256,1011,4,1446580524
37756,256,1701,4,1446580544
37757,256,1040,4,1446580495
37758,256,3042,4,1447001226
37759,256,1015,4,1447001001
37760,256,1016,4,1447000979
37761,256,1795,3,1447000995
37762,256,1188,4,1446580319
37763,256,1764,4,1447001193
37764,256,278,4,1446580240
37765,256,4493,3,1446580900
37766,256,2209,5,1446580852
37767,256,743,4,1446580421
37768,256,1043,4,1446580222
37769,256,1805,3,1446580304
37770,256,2623,4,1446581348
37771,256,4930,4,1446581320
37772,256,1811,3,1447001239
37773,256,447,4,1447000983
37774,256,4092,3,1446581308
37775,256,745,4,1446580193
37776,256,2214,4,1447001114
37777,256,1814,4,1446580626
37778,256,3319,3,1446580805
37779,256,868,4,1446580316
37780,256,748,3,1446580464
37781,256,1880,4,1446580634
37782,256,1823,4,1447001022
37783,256,1824,3,1447001070
37784,256,751,4,1446580586
37785,256,753,4,1446580206
37786,256,1126,4,1446580198
37787,256,2696,3,1446581056
37788,256,2952,4,1447001332
37789,256,755,5,1446580211
37790,256,1839,4,1446580853
37791,256,756,4,1446580271
37792,256,3328,4,1446580726
37793,256,759,4,1446580203
37794,256,760,3,1446580294
37795,256,848,3,1447001018
37796,256,763,0,1446580245
37797,256,4483,2,1446580959
37798,256,1205,4,1446580886
37799,256,766,4,1446999599
37800,256,1209,4,1446580300
37801,256,1046,4,1446580270
37802,256,2235,3,1446580470
37803,256,3659,3,1446581194
37804,256,3661,4,1446581061
37805,256,3662,3,1447001374
37806,256,235,3,1446580213
37807,256,773,3,1446580260
37808,256,878,4,1446580455
37809,256,2243,4,1447001057
37810,256,2245,4,1446580806
37811,256,1129,0,1446580031
37812,256,883,4,1446580571
37813,256,1219,4,1446581166
37814,256,1221,4,1447001179
37815,256,1130,5,1446579978
37816,256,779,4,1446580243
37817,256,1226,4,1446580582
37818,256,2753,4,1446580827
37819,256,887,4,1446580635
37820,256,799,4,1446580589
37821,256,3072,2,1446580931
37822,256,2050,4,1446580296
37823,256,2126,4,1446580730
37824,256,1239,4,1446580601
37825,256,809,4,1446580264
37826,256,1240,4,1446580801
37827,256,895,4,1446580529
37828,256,2053,2,1446580616
37829,256,1895,4,1447002086
37830,256,1250,4,1446580975
37831,256,819,3,1446581543
37832,256,1898,3,1446581011
37833,256,2316,0,1447002076
37834,256,1052,4,1446579935
37835,256,1906,3,1446581064
37836,256,1268,4,1446580751
37837,256,1054,4,1446580523
37838,256,3425,4,1446581477
37839,256,2350,4,1446581184
37840,256,1282,3,1446580710
37841,256,1283,3,1446580649
37842,256,1056,4,1446579979
37843,256,1290,4,1446580671
37844,256,914,4,1446581122
37845,256,241,4,1446579771
37846,256,1152,4,1446579841
37847,256,1918,3,1446581074
37848,256,916,4,1446579755
37849,256,3458,4,1446580155
37850,256,1061,4,1446579836
37851,256,920,3,1446581341
37852,256,242,4,1446580119
37853,256,927,4,1446579764
37854,256,1304,4,1446581112
37855,256,1317,4,1446581279
37856,256,1931,4,1446581182
37857,256,1064,4,1446580864
37858,256,1941,4,1446580910
37859,256,3630,3,1446581429
37860,256,1068,4,1447011304
37861,256,945,5,1446579969
37862,256,1336,3,1446581352
37863,256,951,4,1446579964
37864,256,1070,4,1446580069
37865,256,953,4,1446580977
37866,256,1343,3,1446580784
37867,256,252,5,1446579931
37868,256,1347,4,1446580943
37869,256,1960,3,1446581438
37870,256,1349,3,1446581444
37871,256,1073,4,1446580794
37872,256,1074,4,1446581316
37873,256,1354,4,1447019716
37874,256,959,3,1446580104
37875,256,962,3,1446580787
37876,256,254,4,1446579848
37877,256,1076,4,1446580001
37878,256,4795,4,1446581499
37879,256,257,4,1446581099
37880,256,1362,4,1446579787
37881,256,1364,4,1446999831
37882,256,2001,4,1446999941
37883,256,2004,3,1446999951
37884,256,4715,4,1446999949
37885,256,3114,3,1446999925
37886,256,2007,4,1446999980
37887,256,6141,4,1446999522
37888,256,258,4,1446999818
37889,256,2010,4,1446999970
37890,256,4798,3,1446999968
37891,256,3537,4,1446999810
37892,256,3938,3,1446999954
37893,256,6142,3,1446999931
37894,256,4217,4,1446999965
37895,256,1085,4,1446579780
37896,256,2014,3,1447532480
37897,256,2019,4,1446999957
37898,256,6143,4,1447010966
37899,256,6144,4,1446579860
37900,257,485,1,1141625546
37901,257,491,3,1141625441
37902,257,521,3,1141625616
37903,257,619,3,1141625613
37904,257,1414,4,1141625531
37905,257,653,3,1141625543
37906,257,480,3,1141625101
37907,257,1159,4,1141625534
37908,257,1026,3,1141625622
37909,257,360,4,1141625606
37910,257,361,2,1141625532
37911,257,1474,4,1141625626
37912,257,98,2,1141625608
37913,257,155,3,1141625649
37914,257,163,1,1141625616
37915,257,399,1,1141625607
37916,257,405,3,1141625527
37917,257,432,4,1141624999
37918,257,759,4,1141625611
37919,257,765,3,1141625449
37920,258,233,5,1534892418
37921,258,29,4,1534892507
37922,258,70,5,1534892497
37923,258,167,5,1534892420
37924,258,402,4,1534892563
37925,258,193,5,1534892845
37926,258,204,5,1534892559
37927,258,755,5,1534892912
37928,258,766,5,1534892908
37929,258,1218,5,1534892891
37930,258,899,3,1534892436
37931,258,1133,5,1534892846
37932,258,1051,4,1534892880
37933,258,1056,5,1534892554
37934,258,2066,4,1534892910
37935,258,916,5,1534892518
37936,258,1061,4,1534892852
37937,258,1922,3,1534892552
37938,258,1926,4,1534892548
37939,258,1328,0,1534892585
37940,258,1998,5,1534892556
37941,258,1081,0,1534892582
37942,258,1082,5,1534892524
37943,258,2136,3,1534892505
37944,258,1368,3,1534892501
37945,259,482,2,1146845339
37946,259,293,5,1146845633
37947,259,465,4,1146845627
37948,259,315,1,1146845370
37949,259,474,3,1146845313
37950,259,1157,0,1146845365
37951,259,657,1,1146845374
37952,259,320,0,1146845376
37953,259,2427,0,1146845367
37954,259,1166,0,1146845349
37955,259,99,3,1146845356
37956,259,727,5,1146845359
37957,259,730,5,1146845322
37958,259,400,4,1146845328
37959,259,736,3,1146845379
37960,259,229,3,1146845383
37961,259,3722,5,1146845820
37962,259,432,0,1146845363
37963,259,434,3,1146845658
37964,259,743,4,1146845763
37965,259,745,5,1146845345
37966,259,752,4,1146845654
37967,259,753,4,1146845651
37968,259,754,0,1146845341
37969,259,2231,5,1146845453
37970,259,2047,5,1146845498
37971,259,879,4,1146846058
37972,259,776,5,1146845538
37973,259,1130,4,1146845641
37974,260,2069,4,1109409486
37975,260,4,4,1109408487
37976,260,5,5,1109410623
37977,260,7,2,1109408704
37978,260,1094,5,1109409075
37979,260,6145,3,1109410370
37980,260,3681,4,1109408656
37981,260,300,4,1109409478
37982,260,4877,4,1109408671
37983,260,15,4,1109408249
37984,260,17,4,1109410729
37985,260,604,4,1109408256
37986,260,310,4,1109408491
37987,260,1410,2,1109408664
37988,260,2168,3,1109409829
37989,260,2426,4,1109409455
37990,260,37,5,1109409053
37991,260,326,3,1109408225
37992,260,263,5,1109409432
37993,260,723,4,1109410599
37994,260,1160,4,1109408450
37995,260,1438,4,1109410827
37996,260,333,4,1109408320
37997,260,335,2,1109411020
37998,260,61,4,1109409041
37999,260,344,4,1109408445
38000,260,63,5,1109408216
38001,260,346,2,1109408347
38002,260,1100,4,1109410561
38003,260,2075,4,1109411061
38004,260,351,3,1109411102
38005,260,72,2,1109410986
38006,260,1452,4,1109408462
38007,260,77,4,1109410702
38008,260,1105,4,1109410590
38009,260,1106,3,1109408266
38010,260,2900,5,1109408609
38011,260,2755,3,1109409792
38012,260,84,3,1109408283
38013,260,2177,3,1109409401
38014,260,2084,4,1109409407
38015,260,1456,4,1109411105
38016,260,360,5,1109408328
38017,260,2902,4,1109408616
38018,260,994,4,1109409394
38019,260,977,5,1109408324
38020,260,363,3,1109410912
38021,260,98,4,1109408309
38022,260,2455,4,1109409368
38023,260,1009,2,1109409371
38024,260,730,3,1109408200
38025,260,377,4,1109408599
38026,260,1536,4,1109409340
38027,260,3547,4,1109410933
38028,260,384,2,1109409334
38029,260,4065,3,1109409733
38030,260,142,3,1109408272
38031,260,388,3,1109410714
38032,260,148,4,1109410852
38033,260,6146,2,1109408573
38034,260,154,5,1109411157
38035,260,1611,4,1109409303
38036,260,1001,4,1109409279
38037,260,168,5,1109409290
38038,260,399,4,1109408307
38039,260,179,4,1109410646
38040,260,2584,2,1109408565
38041,260,6147,3,1109410119
38042,260,6148,4,1109411160
38043,260,2189,5,1109411150
38044,260,193,4,1109411015
38045,260,195,4,1109408232
38046,260,198,4,1109408987
38047,260,1118,3,1109410990
38048,260,2041,4,1109410893
38049,260,201,4,1109409252
38050,260,2099,5,1109409656
38051,260,4082,4,1109408784
38052,260,419,3,1109410950
38053,260,2494,2,1109410669
38054,260,1719,4,1109411083
38055,260,423,4,1109408428
38056,260,2122,4,1109409227
38057,260,220,2,1109410315
38058,260,843,2,1109410861
38059,260,1187,4,1109408339
38060,260,2101,5,1109408967
38061,260,1020,3,1109409208
38062,260,429,3,1109410947
38063,260,430,3,1109410839
38064,260,437,4,1109409195
38065,260,440,4,1109410886
38066,260,445,4,1109410498
38067,260,2102,3,1109410787
38068,260,2944,2,1109410403
38069,260,6149,4,1109410030
38070,260,454,5,1109409159
38071,260,6150,4,1109410279
38072,260,1829,3,1109408519
38073,260,1125,4,1109410617
38074,260,1126,3,1109410537
38075,260,4161,3,1109410322
38076,260,6151,3,1109410242
38077,260,1881,3,1109408719
38078,260,2045,4,1109411144
38079,260,763,4,1109410553
38080,260,2046,3,1109408531
38081,260,3186,5,1109410457
38082,260,1127,3,1109410682
38083,260,6152,3,1109410883
38084,260,856,2,1109410844
38085,260,1045,4,1109409550
38086,260,1147,4,1109410444
38087,260,6153,4,1109410809
38088,260,5402,2,1109410981
38089,260,4118,3,1109408732
38090,260,4167,4,1109409945
38091,260,3193,4,1109410611
38092,260,6154,3,1109410344
38093,260,6155,4,1109408901
38094,260,4120,3,1109410488
38095,260,5285,3,1109410529
38096,260,3194,3,1109410878
38097,260,1046,4,1109408502
38098,260,4123,4,1109410576
38099,260,5778,4,1109409921
38100,260,1213,4,1109409522
38101,260,2047,4,1109410735
38102,260,6156,2,1109410242
38103,260,2107,5,1109410691
38104,260,1148,2,1109410926
38105,260,235,4,1109411089
38106,260,4885,3,1109410437
38107,260,3142,4,1109410675
38108,260,2114,2,1109409891
38109,260,1130,3,1109409099
38110,260,3144,2,1109408868
38111,260,1048,4,1109410726
38112,260,6157,4,1109410469
38113,260,6158,5,1109410367
38114,260,6159,4,1109410524
38115,260,6160,3,1109410580
38116,260,5786,2,1109411048
38117,260,2048,3,1109408696
38118,260,4142,3,1109410482
38119,260,5527,3,1109410583
38120,260,3207,3,1109410503
38121,260,1228,0,1109410777
38122,260,3147,3,1109410709
38123,260,2266,2,1109410549
38124,260,792,3,1109410520
38125,260,3150,3,1109410275
38126,261,491,4,1404881583
38127,261,4,4,1404881499
38128,261,5,4,1404881245
38129,261,2165,4,1404880987
38130,261,17,5,1404881509
38131,261,233,4,1404881240
38132,261,21,5,1404881444
38133,261,63,4,1404881506
38134,261,74,4,1404881450
38135,261,79,4,1404881478
38136,261,82,4,1404881591
38137,261,2559,3,1404881050
38138,261,106,3,1404881564
38139,261,729,4,1404881420
38140,261,114,1,1404881009
38141,261,992,3,1404880861
38142,261,122,4,1404881475
38143,261,1558,3,1404881092
38144,261,1141,5,1404881579
38145,261,146,2,1404880864
38146,261,148,4,1404881424
38147,261,163,4,1404881465
38148,261,167,4,1404881429
38149,261,735,3,1404880897
38150,261,1117,2,1404880876
38151,261,185,5,1404881503
38152,261,1689,2,1404881024
38153,261,429,4,1404881541
38154,261,278,5,1404881438
38155,261,4493,3,1404881060
38156,261,1876,2,1404880845
38157,261,2212,3,1404881077
38158,261,1125,5,1404881418
38159,261,753,4,1404881388
38160,261,2772,0,1404880971
38161,261,766,5,1404881369
38162,261,772,1,1404880899
38163,261,235,3,1404881401
38164,261,1130,5,1404881750
38165,261,2267,5,1404881650
38166,261,1131,4,1404881639
38167,261,3150,1,1404880963
38168,261,1052,4,1404881374
38169,261,904,5,1404881646
38170,261,239,5,1404881258
38171,261,1059,5,1404881308
38172,261,1297,3,1404881659
38173,261,245,4,1404881373
38174,261,1153,3,1404881367
38175,261,1933,4,1404881395
38176,261,951,4,1404881492
38177,261,252,4,1404881192
38178,261,1993,4,1404881144
38179,262,483,1,840306203
38180,262,485,3,840306238
38181,262,487,2,840305646
38182,262,492,3,840305810
38183,262,292,3,840305713
38184,262,496,3,840305912
38185,262,497,3,840309913
38186,262,2431,5,840310932
38187,262,462,5,840305940
38188,262,1401,1,840305912
38189,262,5,3,840305713
38190,262,2652,3,840306644
38191,262,4038,3,840306620
38192,262,298,2,840310997
38193,262,4876,3,840306317
38194,262,523,3,840311042
38195,262,525,3,840305827
38196,262,3607,3,840306330
38197,262,4258,5,840310907
38198,262,557,3,840305925
38199,262,558,3,840305693
38200,262,559,4,840306040
38201,262,4181,3,840306285
38202,262,16,4,840306238
38203,262,308,2,840305895
38204,262,2071,5,840305983
38205,262,578,5,840305973
38206,262,469,4,840311075
38207,262,6161,3,840309997
38208,262,17,3,840305552
38209,262,470,3,840305673
38210,262,598,3,840305713
38211,262,233,3,840305626
38212,262,2436,3,840306579
38213,262,2072,3,840309968
38214,262,605,2,840305646
38215,262,312,3,840306019
38216,262,23,3,840305693
38217,262,473,3,840305552
38218,262,2167,3,840311057
38219,262,637,2,840305763
38220,262,26,2,840305605
38221,262,654,4,840305955
38222,262,320,3,840305793
38223,262,476,5,840305955
38224,262,3220,3,840306302
38225,262,321,2,840311028
38226,262,322,2,840305749
38227,262,665,3,840306156
38228,262,31,4,840306019
38229,262,671,2,840305728
38230,262,35,2,840305605
38231,262,480,4,840306002
38232,262,37,5,840306002
38233,262,678,3,840309913
38234,262,326,3,840306302
38235,262,3005,3,840309986
38236,263,1,4,940384199
38237,263,488,4,941590364
38238,263,492,5,940384427
38239,263,495,3,941590705
38240,263,461,4,940384374
38241,263,462,4,940384427
38242,263,463,4,941590574
38243,263,8,4,940384545
38244,263,464,4,940384675
38245,263,9,4,940384701
38246,263,11,4,941591735
38247,263,13,1,940384517
38248,263,557,4,941591735
38249,263,574,4,940384764
38250,263,584,4,940384910
38251,263,17,3,940384165
38252,263,470,3,940384910
38253,263,233,5,940383911
38254,263,21,4,940384165
38255,263,314,4,941590574
38256,263,622,3,940384880
38257,263,473,4,941591657
38258,263,637,4,941591657
38259,263,26,4,940384592
38260,263,647,4,940384910
38261,263,28,4,941590842
38262,263,320,4,941591736
38263,263,29,5,940384517
38264,263,975,4,940384310
38265,263,322,3,941590705
38266,263,828,3,941590939
38267,263,671,4,941591926
38268,263,35,5,940384199
38269,263,481,4,941591926
38270,263,326,4,940384646
38271,263,263,5,940384400
38272,263,42,4,941591986
38273,263,1097,5,940384285
38274,263,697,3,941591735
38275,263,5701,2,941590939
38276,263,706,3,941591986
38277,263,336,4,941591605
38278,263,6162,3,941590705
38279,263,1161,4,941590705
38280,263,4835,5,941591605
38281,263,346,3,941591926
38282,263,725,4,941591851
38283,263,4261,4,940384593
38284,263,2174,4,940384880
38285,263,68,4,941590574
38286,263,1100,5,940384254
38287,263,349,5,941591735
38288,263,350,4,941591657
38289,263,3703,3,940384225
38290,263,69,4,941591604
38291,263,70,4,941591735
38292,263,74,4,940384546
38293,263,1105,5,940384310
38294,263,354,4,1120071547
38295,263,865,3,945849879
38296,263,866,4,941591735
38297,263,1462,3,941591986
38298,263,994,4,941591735
38299,263,2420,4,941591657
38300,263,6163,1,941591605
38301,263,1485,2,941590842
38302,263,98,3,940384880
38303,263,2455,4,940384059
38304,263,102,3,1026158665
38305,263,728,4,940384622
38306,263,104,5,940383959
38307,263,1009,4,1026158632
38308,263,366,4,940384427
38309,263,1114,5,941591986
38310,263,4465,3,940384517
38311,263,987,4,940384546
38312,263,234,5,940384490
38313,263,988,4,940384199
38314,263,1514,3,941590842
38315,263,730,4,940384810
38316,263,2566,4,940384490
38317,263,5146,3,941591926
38318,263,2904,4,940384374
38319,263,3022,4,941591926
38320,263,379,4,940384646
38321,263,117,4,941590364
38322,263,1777,4,941591850
38323,263,3060,4,941591657
38324,263,122,4,940384199
38325,263,128,4,945849879
38326,263,272,3,945849933
38327,263,1035,4,941591605
38328,263,1036,3,945849913
38329,263,131,4,941590939
38330,263,1564,3,940384490
38331,263,3288,3,940384675
38332,263,1589,3,940384545
38333,263,145,4,940384568
38334,263,147,4,940384427
38335,263,392,5,1120071512
38336,263,1601,5,945849913
38337,263,1609,4,940384374
38338,263,2121,3,941591851
38339,263,155,3,941591605
38340,263,274,4,941591986
38341,263,2471,4,940383511
38342,263,1627,3,940383615
38343,263,5308,5,940383401
38344,263,167,4,940383549
38345,263,399,4,945849783
38346,263,1632,2,940383675
38347,263,172,3,940383700
38348,263,400,1,940383749
38349,263,2472,4,940384490
38350,263,179,3,1120071545
38351,263,180,3,940383474
38352,263,1643,2,945849783
38353,263,401,1,940383798
38354,263,1865,3,940383302
38355,263,182,4,1120071515
38356,263,403,4,940383050
38357,263,404,2,940383024
38358,263,2589,2,940383349
38359,263,1658,2,940383260
38360,263,185,4,1120071541
38361,263,2473,4,941591851
38362,263,1180,3,941590364
38363,263,1182,3,940384254
38364,263,195,3,941590574
38365,263,1867,3,941590939
38366,263,204,4,1120071507
38367,263,3675,4,1026158665
38368,263,205,3,945849913
38369,263,1187,4,1090948201
38370,263,1016,4,1026158665
38371,263,229,4,1090948315
38372,263,429,4,1090948162
38373,263,430,3,1090948229
38374,263,431,4,1090948179
38375,263,432,4,1120071538
38376,263,434,4,1090948164
38377,263,1043,3,1090948307
38378,263,437,4,1090948218
38379,263,440,4,1090948181
38380,263,445,5,1026158632
38381,263,447,3,1090948294
38382,263,745,4,1120071487
38383,263,451,4,1090948236
38384,263,752,4,1090948143
38385,263,458,4,1026158590
38386,263,5368,3,1026158602
38387,263,1126,4,1120071511
38388,263,2952,4,1026158590
38389,263,754,4,1090948156
38390,263,4472,3,1026158590
38391,263,755,4,1026158590
38392,263,1834,4,1090948244
38393,263,4476,4,1090948234
38394,263,757,4,1026158404
38395,263,870,4,1026158404
38396,263,4178,3,1026158404
38397,263,759,4,1026158404
38398,263,760,2,1026158427
38399,263,1847,2,1033172419
38400,263,849,4,1033172419
38401,263,4501,3,1033172419
38402,263,2045,4,1090948241
38403,263,1202,3,1090948205
38404,263,764,3,1090948275
38405,263,765,4,1090948148
38406,263,767,5,1090948177
38407,263,3191,4,1090948166
38408,263,4976,3,1090948238
38409,263,3193,3,1090948190
38410,263,768,3,1090948150
38411,263,876,4,1090948139
38412,263,771,4,1090948146
38413,263,2237,4,1090948257
38414,263,2514,3,1090948299
38415,263,2047,4,1090948232
38416,263,2107,3,1090948250
38417,263,772,3,1090948209
38418,263,878,3,1090948274
38419,263,2251,3,1120071586
38420,263,774,3,1090948268
38421,263,1218,4,1120071558
38422,263,880,3,1090948215
38423,263,775,4,1090948141
38424,263,1130,4,1090948158
38425,263,886,3,1090948081
38426,263,6164,3,1090948262
38427,263,3205,4,1090948309
38428,263,779,4,1090948067
38429,263,3348,4,1090948077
38430,263,780,4,1090948064
38431,263,2120,4,1090948073
38432,263,6165,4,1091039700
38433,263,2049,3,1090948069
38434,263,783,4,1090948061
38435,263,4292,4,1120071604
38436,263,1228,3,1120071502
38437,263,4245,2,1090948402
38438,263,5007,3,1120071476
38439,263,2267,4,1120071602
38440,263,795,3,1120071482
38441,263,797,4,1120071478
38442,263,801,4,1120071583
38443,263,807,3,1120070639
38444,263,809,3,1120071321
38445,263,895,4,1120071336
38446,264,1,4,1136978964
38447,264,293,1,1136979041
38448,264,1401,3,1136978326
38449,264,8,2,1136978677
38450,264,464,4,1136978697
38451,264,9,2,1136978254
38452,264,466,4,1136979096
38453,264,18,3,1136979048
38454,264,600,4,1136979078
38455,264,21,3,1136978982
38456,264,472,3,1136978642
38457,264,23,4,1136979112
38458,264,27,2,1136978631
38459,264,29,4,1136979020
38460,264,324,4,1136978553
38461,264,38,3,1136979056
38462,264,1159,2,1136978212
38463,264,43,3,1136978999
38464,264,693,4,1136978499
38465,264,51,1,1136978598
38466,264,863,5,1136978605
38467,264,1775,5,1136978907
38468,264,64,3,1136978280
38469,264,69,3,1136979016
38470,264,74,3,1136979013
38471,264,355,5,1136978361
38472,264,2751,2,1136978338
38473,264,1166,4,1136978625
38474,264,1469,4,1136978389
38475,264,1167,4,1136978783
38476,264,1471,4,1136978346
38477,264,1476,3,1136978237
38478,264,102,4,1136978772
38479,264,1514,3,1136978483
38480,264,996,3,1136978477
38481,264,376,2,1136978724
38482,264,731,3,1136978195
38483,264,2905,2,1136978494
38484,264,126,2,1136978249
38485,264,1036,4,1136978839
38486,264,167,4,1136979072
38487,264,402,4,1136979089
38488,264,200,2,1136978571
38489,264,1040,4,1136978693
38490,264,220,2,1136978959
38491,264,738,2,1136978321
38492,264,752,5,1136978303
38493,264,458,4,1136978561
38494,264,755,5,1136978471
38495,264,2124,1,1136978798
38496,264,764,4,1136978791
38497,264,765,4,1136978216
38498,264,6166,4,1136978802
38499,264,2256,3,1136978777
38500,264,809,4,1136978730
38501,264,1895,5,1136978638
38502,265,496,1,965318357
38503,265,293,4,965316504
38504,265,462,4,965316145
38505,265,509,2,965318627
38506,265,8,3,965316446
38507,265,1094,3,965316145
38508,265,464,4,965317882
38509,265,545,2,965315328
38510,265,559,4,965318594
38511,265,466,3,965319436
38512,265,16,5,965314715
38513,265,468,3,965319070
38514,265,583,3,965317961
38515,265,588,4,965319538
38516,265,18,5,965315113
38517,265,233,4,965316060
38518,265,600,4,965315177
38519,265,617,4,965318474
38520,265,1411,4,965315328
38521,265,6167,2,965318456
38522,265,2552,2,965319301
38523,265,27,4,965314929
38524,265,651,3,965318146
38525,265,320,3,965316652
38526,265,659,3,965319228
38527,265,975,4,965316627
38528,265,477,3,965316554
38529,265,478,4,965318191
38530,265,1095,4,965314747
38531,265,479,4,965314811
38532,265,33,3,965316589
38533,265,34,3,965318032
38534,265,35,5,965316107
38535,265,37,4,965316088
38536,265,1426,2,965318627
38537,265,43,4,965315212
38538,265,1431,3,965315073
38539,265,1435,3,965318456
38540,265,331,4,965314334
38541,265,46,4,965316039
38542,265,2395,5,965316060
38543,265,2143,5,965314300
38544,265,344,3,965316167
38545,265,833,3,965317904
38546,265,66,3,965316423
38547,265,2448,4,965319171
38548,265,349,3,965318540
38549,265,1102,3,965316088
38550,265,69,5,965314811
38551,265,71,5,965314300
38552,265,352,4,965316218
38553,265,76,2,965314811
38554,265,354,4,965316167
38555,265,82,5,965314811
38556,265,726,3,965318128
38557,265,356,4,965316218
38558,265,268,3,965316627
38559,265,86,5,965314811
38560,265,2177,3,965317961
38561,265,1111,4,965316107
38562,265,3707,1,965318277
38563,265,270,2,965316339
38564,265,1166,4,965315001
38565,265,2419,3,965319969
38566,265,271,3,965315212
38567,265,1470,3,965315371
38568,265,1167,5,965314952
38569,265,1140,3,965315177
38570,265,1471,5,965314952
38571,265,2562,2,965320104
38572,265,1031,4,965315141
38573,265,101,2,965315025
38574,265,102,3,965314867
38575,265,727,3,965314867
38576,265,105,3,965318521
38577,265,1032,4,965315001
38578,265,108,4,965315141
38579,265,2181,3,965318108
38580,265,729,4,965318191
38581,265,988,4,965317920
38582,265,2565,3,965319453
38583,265,4898,3,965318627
38584,265,730,4,965316749
38585,265,6168,3,965319510
38586,265,1536,4,965315113
38587,265,2401,4,965316218
38588,265,116,5,965315485
38589,265,3225,4,965316589
38590,265,1171,4,965316395
38591,265,3503,4,965317961
38592,265,836,3,965315141
38593,265,122,4,965316313
38594,265,131,3,965315177
38595,265,134,4,965315212
38596,265,6169,3,965317882
38597,265,145,3,965318032
38598,265,3027,3,965316218
38599,265,2910,4,965315248
38600,265,2575,3,965316627
38601,265,5120,2,965315328
38602,265,6170,2,965315401
38603,265,5101,2,965320036
38604,265,1607,4,965315371
38605,265,1610,4,965315073
38606,265,3028,3,965319538
38607,265,1783,3,965319335
38608,265,2682,3,965319301
38609,265,2577,4,965318061
38610,265,6171,3,965319932
38611,265,2916,4,965315073
38612,265,1618,2,965315073
38613,265,5307,3,965319070
38614,265,5500,4,965314838
38615,265,165,4,965314867
38616,265,167,5,965314838
38617,265,172,4,965314334
38618,265,173,4,965315025
38619,265,174,2,965315212
38620,265,1636,2,965315371
38621,265,178,1,965315485
38622,265,1638,2,965315328
38623,265,1639,4,965315348
38624,265,733,3,965319385
38625,265,734,2,965315448
38626,265,185,2,965316263
38627,265,2594,2,965320004
38628,265,188,3,965314929
38629,265,1669,3,965314929
38630,265,194,4,965315001
38631,265,1676,4,965316339
38632,265,412,4,965317774
38633,265,2595,3,965318218
38634,265,1120,3,965317938
38635,265,2929,3,965317979
38636,265,1038,2,965315328
38637,265,416,4,965314838
38638,265,5608,3,965317882
38639,265,2687,4,965316395
38640,265,418,4,965317838
38641,265,2601,3,965319070
38642,265,2202,4,965316522
38643,265,1700,3,965315270
38644,265,1702,3,965318108
38645,265,2494,2,965316504
38646,265,2159,4,965317774
38647,265,1722,4,965314300
38648,265,3066,3,965316238
38649,265,219,3,965314929
38650,265,5614,3,965319301
38651,265,426,3,965319040
38652,265,3042,1,965315448
38653,265,1748,4,965314867
38654,265,1749,4,965315212
38655,265,2764,4,965316466
38656,265,6172,4,965317938
38657,265,2495,3,965314563
38658,265,2162,3,965314520
38659,265,229,5,965314660
38660,265,6173,3,965314642
38661,265,4868,1,965314490
38662,265,1765,2,967559142
38663,265,4687,4,967559209
38664,265,2714,3,965314642
38665,266,1,2,945669542
38666,266,3,4,944980835
38667,266,491,5,944981193
38668,266,492,1,944980787
38669,266,292,4,945669287
38670,266,495,1,948586506
38671,266,293,4,945751855
38672,266,463,2,945669397
38673,266,294,2,945669246
38674,266,5,4,944980462
38675,266,1402,1,945669246
38676,266,2664,5,945669505
38677,266,516,3,946768666
38678,266,8,5,945670079
38679,266,4876,2,944891365
38680,266,523,1,944891365
38681,266,526,3,945669980
38682,266,3001,3,945670117
38683,266,13,4,944940274
38684,266,15,4,945669162
38685,266,16,4,945670679
38686,266,585,1,945670160
38687,266,17,5,945670764
38688,266,18,3,946768550
38689,266,611,5,946768624
38690,266,21,4,945669632
38691,266,23,3,945669542
38692,266,315,1,945670207
38693,266,622,2,945670117
38694,266,637,2,945669464
38695,266,25,3,945669397
38696,266,26,4,945670028
38697,266,475,3,945670117
38698,266,6174,1,945669205
38699,266,27,4,945670079
38700,266,652,3,948587515
38701,266,2509,5,945669505
38702,266,1095,5,944941046
38703,266,1420,2,945669675
38704,266,1158,5,945670160
38705,266,479,4,945670028
38706,266,34,4,945670386
38707,266,37,5,945670764
38708,266,681,1,946768550
38709,266,41,5,946768666
38710,266,1160,5,945668565
38711,266,1430,4,944940668
38712,266,45,1,944980614
38713,266,724,5,945751855
38714,266,1135,4,945670341
38715,266,58,3,945669609
38716,266,60,2,945669322
38717,266,343,5,945669791
38718,266,62,5,944980614
38719,266,63,5,945670798
38720,266,64,5,944891645
38721,266,266,4,944940340
38722,266,66,2,945670679
38723,266,67,4,945670386
38724,266,68,5,944980427
38725,266,2175,3,945669322
38726,266,69,5,945670292
38727,266,70,4,945669791
38728,266,71,5,945670292
38729,266,351,5,945751855
38730,266,1029,5,945670292
38731,266,72,5,944981086
38732,266,73,5,944891672
38733,266,74,3,944891365
38734,266,75,5,945670764
38735,266,1452,3,945669397
38736,266,78,5,944979968
38737,266,79,5,944891695
38738,266,82,4,945670292
38739,266,2397,4,945670292
38740,266,356,4,945669831
38741,266,1109,5,945669831
38742,266,85,4,945669246
38743,266,357,5,944980201
38744,266,86,4,945669878
38745,266,87,4,945670341
38746,266,1456,5,945670582
38747,266,360,5,945669791
38748,266,90,5,945670341
38749,266,1457,5,945669878
38750,266,91,5,944891503
38751,266,1166,3,946768588
38752,266,1167,3,945670341
38753,266,1140,3,945670386
38754,266,1471,1,944980740
38755,266,1475,5,945670582
38756,266,995,2,945669709
38757,266,364,5,944981273
38758,266,2453,4,945669581
38759,266,1485,2,945669397
38760,266,98,3,945669246
38761,266,99,4,945669505
38762,266,1031,3,945670160
38763,266,101,4,945670207
38764,266,102,3,945669431
38765,266,365,2,945670207
38766,266,728,5,945670079
38767,266,1500,1,945669581
38768,266,104,4,948587585
38769,266,366,3,945669464
38770,266,1504,5,945669878
38771,266,1514,3,946768588
38772,266,109,5,946506300
38773,266,2398,1,944979968
38774,266,730,3,945669322
38775,266,2675,2,945670208
38776,266,372,1,945669162
38777,266,2091,5,944891597
38778,266,1534,1,948586121
38779,266,3022,4,945669980
38780,266,379,3,945669675
38781,266,382,2,945669878
38782,266,118,3,945670386
38783,266,122,4,944980502
38784,266,2678,5,945669831
38785,266,131,3,946768588
38786,266,1563,2,944980740
38787,266,134,4,945670415
38788,266,135,4,945670386
38789,266,1575,4,945670208
38790,266,142,4,945669831
38791,266,1141,5,945670341
38792,266,2681,5,944980036
38793,266,1585,2,945669675
38794,266,144,1,945044723
38795,266,1037,5,944980936
38796,266,273,4,945670341
38797,266,838,5,945670912
38798,266,1594,1,945669675
38799,266,1597,2,945669397
38800,266,150,3,946768624
38801,266,1601,3,948585941
38802,266,3642,1,945669205
38803,266,152,4,945669581
38804,266,154,3,944940825
38805,266,1609,1,944940825
38806,266,1615,1,944940438
38807,266,3292,1,944891365
38808,266,1115,2,944980502
38809,266,1627,4,945669709
38810,266,3293,4,946362679
38811,266,167,5,944892187
38812,266,168,4,944940537
38813,266,399,5,945667950
38814,266,1632,1,944940438
38815,266,400,5,944940240
38816,266,180,5,944891623
38817,266,2584,5,947645377
38818,266,1179,1,948132348
38819,266,1643,1,944892053
38820,266,401,5,944940438
38821,266,181,5,948132398
38822,266,404,3,945669609
38823,266,405,1,944891402
38824,266,183,4,945670679
38825,266,1653,4,945669791
38826,266,6175,3,945670208
38827,266,5066,4,945670912
38828,266,2593,5,946506680
38829,266,188,5,946768439
38830,266,1180,2,944980740
38831,266,190,5,945667724
38832,266,193,5,944939962
38833,266,1669,5,945670679
38834,266,194,4,945670386
38835,266,1672,3,948586121
38836,266,2191,3,945670160
38837,266,1142,4,945669878
38838,266,201,5,946506459
38839,266,412,5,945669397
38840,266,1120,5,945669287
38841,266,1688,1,944940438
38842,266,2597,1,944980462
38843,266,1038,1,946506460
38844,266,2100,5,948587515
38845,267,2069,4,997136080
38846,267,296,5,959807857
38847,267,8,4,959806612
38848,267,464,5,960330096
38849,267,16,5,959815004
38850,267,27,5,994467801
38851,267,1095,5,959807483
38852,267,479,5,994467801
38853,267,35,5,959809124
38854,267,45,5,959815004
38855,267,46,2,959806612
38856,267,724,4,959807540
38857,267,266,5,959808749
38858,267,2075,4,994467801
38859,267,69,5,959807517
38860,267,70,5,959807660
38861,267,71,5,959815004
38862,267,1029,5,959807517
38863,267,72,1,959807517
38864,267,74,5,959806709
38865,267,82,5,959807517
38866,267,86,5,994467801
38867,267,270,3,959806612
38868,267,2751,4,960330036
38869,267,1166,5,994467907
38870,267,1032,4,959807555
38871,267,1033,5,994467907
38872,267,5199,4,959808907
38873,267,1609,5,959808960
38874,267,1618,5,959807555
38875,267,5500,4,994467869
38876,267,167,5,959807483
38877,267,4154,4,959809005
38878,267,400,4,959807161
38879,267,1641,4,959807161
38880,267,1179,5,959807161
38881,267,402,2,959806831
38882,267,184,1,960330096
38883,267,2188,4,959808960
38884,267,185,4,959806831
38885,267,2591,2,959807840
38886,267,2593,1,959807264
38887,267,6138,5,959806897
38888,267,2041,4,960330055
38889,267,1686,5,959806721
38890,267,1688,4,959806897
38891,267,416,4,959806831
38892,267,1722,5,994467801
38893,267,219,4,959807517
38894,267,2606,5,959807840
38895,267,220,5,959806987
38896,267,1799,4,979230761
38897,267,742,3,979230693
38898,267,432,5,979230693
38899,267,1802,2,979230762
38900,267,1022,5,997135751
38901,267,439,4,997135729
38902,268,2069,5,940182766
38903,268,499,4,940181204
38904,268,501,1,940180773
38905,268,4,3,940180858
38906,268,5,5,940180799
38907,268,5554,1,940193478
38908,268,532,2,940181204
38909,268,4258,5,940180585
38910,268,16,4,940173779
38911,268,2072,5,940180612
38912,268,21,2,940180694
38913,268,3168,2,940193812
38914,268,24,2,940193753
38915,268,639,1,940193707
38916,268,657,3,940181021
38917,268,671,1,940182508
38918,268,688,3,940182766
38919,268,2427,4,940193619
38920,268,697,2,940182864
38921,268,1028,5,940173559
38922,268,5050,3,940182766
38923,268,330,5,940181021
38924,268,1135,3,940181204
38925,268,1449,4,940266842
38926,268,342,4,940173888
38927,268,266,1,940180491
38928,268,346,5,940182580
38929,268,725,2,940235579
38930,268,2998,4,940173963
38931,268,1102,4,940173779
38932,268,69,5,940185291
38933,268,70,5,940183205
38934,268,1103,5,940266842
38935,268,72,3,940173888
38936,268,73,5,940173779
38937,268,74,1,940185272
38938,268,75,5,940266842
38939,268,1137,4,940173559
38940,268,79,2,940180731
38941,268,1106,4,940173779
38942,268,1139,4,940173830
38943,268,1453,5,940183153
38944,268,1107,5,940173888
38945,268,1109,4,940183103
38946,268,5053,4,940235570
38947,268,2177,3,940180669
38948,268,2756,5,940183103
38949,268,88,4,940173779
38950,268,1456,5,940183153
38951,268,360,5,940183286
38952,268,90,2,940194307
38953,268,2178,5,940173830
38954,268,978,1,940181204
38955,268,1140,2,940194367
38956,268,93,3,940185272
38957,268,1475,5,940183285
38958,268,5024,1,940193664
38959,268,102,3,940182657
38960,268,982,2,940182832
38961,268,985,1,940193511
38962,268,106,3,940182580
38963,268,366,3,940180731
38964,268,2461,5,940180633
38965,268,1114,3,940180491
38966,268,234,3,940266842
38967,268,730,2,940266842
38968,268,6176,2,940193559
38969,268,989,3,940182580
38970,268,374,2,940180983
38971,268,1534,2,940193812
38972,268,3022,5,940180550
38973,268,379,3,940173387
38974,268,4175,2,940181044
38975,268,6177,5,940173888
38976,268,3138,4,940183286
38977,268,381,4,940193664
38978,268,382,2,940183036
38979,268,118,3,940183153
38980,268,1034,2,940183153
38981,268,383,5,940180858
38982,268,2678,2,940183286
38983,268,385,4,940173779
38984,268,135,2,940194367
38985,268,5056,3,940182766
38986,268,386,2,940183205
38987,268,6178,4,940173963
38988,268,6179,2,940185501
38989,268,2184,3,940181241
38990,268,1583,2,940183488
38991,268,5058,3,940183153
38992,268,145,1,940266842
38993,268,392,2,940266931
38994,268,4903,4,940193753
38995,268,5060,5,940183153
38996,268,394,5,940180936
38997,268,1864,2,940194450
38998,268,1612,2,940182974
38999,268,1115,2,940173165
39000,268,5062,5,940266842
39001,268,1627,3,940173069
39002,268,167,5,940172949
39003,268,168,4,940173069
39004,268,398,4,940173165
39005,268,6180,3,940173165
39006,268,399,4,940172949
39007,268,1632,2,940196802
39008,268,172,2,940173115
39009,268,6181,3,940173115
39010,268,173,3,940173933
39011,268,174,3,940194450
39012,268,2584,4,940173069
39013,268,401,3,940173199
39014,268,181,4,940182508
39015,268,735,2,940182508
39016,268,402,4,940172369
39017,268,404,4,940172476
39018,268,2588,2,940183103
39019,268,1652,3,940194367
39020,268,6182,3,940172592
39021,268,2188,2,940172476
39022,268,185,5,940172369
39023,268,5066,4,940181204
39024,268,2593,4,940172511
39025,268,1667,3,940183286
39026,268,1180,3,940183103
39027,268,2761,5,940173779
39028,268,2190,4,940181204
39029,268,3230,2,940194367
39030,268,410,4,940183036
39031,269,1,5,850865423
39032,269,2,4,850865480
39033,269,484,3,850865480
39034,269,3,5,850865480
39035,269,5018,2,850865553
39036,269,496,5,850865423
39037,269,293,4,850865423
39038,269,5833,3,850865688
39039,269,2421,5,850865586
39040,269,508,2,850865622
39041,269,509,4,850865553
39042,269,4037,3,850865720
39043,269,516,3,850865423
39044,269,653,3,850865480
39045,269,38,3,850865423
39046,269,1426,5,850865586
39047,269,41,4,850865480
39048,269,2660,3,850865553
39049,269,1428,3,850865585
39050,269,1160,4,850865553
39051,269,43,4,850865423
39052,269,693,4,850865522
39053,269,1026,3,850865522
39054,269,2427,3,850865522
39055,269,2656,3,850865744
39056,269,1435,4,850865644
39057,269,1449,3,850865772
39058,269,61,4,850865522
39059,269,1468,4,850865801
39060,270,1,5,853918728
39061,270,2,3,853918793
39062,270,484,3,853918793
39063,270,3,3,853918793
39064,270,485,3,853918793
39065,270,5018,3,853918943
39066,270,3679,5,853918850
39067,270,492,4,853918728
39068,270,496,4,853918728
39069,270,293,4,853918727
39070,270,462,5,853918793
39071,270,295,4,853918850
39072,270,296,4,853918849
39073,270,505,5,853918728
39074,270,509,2,853918942
39075,270,516,2,853918728
39076,270,519,1,853918850
39077,270,521,3,853918793
39078,270,523,1,853918942
39079,270,524,3,853918942
39080,270,525,3,853918728
39081,270,973,4,853918793
39082,270,653,2,853918793
39083,270,37,4,853918793
39084,270,675,3,853918943
39085,270,677,2,853918942
39086,270,38,3,853918728
39087,270,1159,2,853918850
39088,270,39,5,853918942
39089,270,326,3,853918849
39090,270,41,3,853918793
39091,270,42,4,853918728
39092,270,2660,1,853918942
39093,270,690,3,853918942
39094,270,43,4,853918727
39095,270,1026,1,853918850
39096,270,2427,3,853918849
39097,270,1431,2,853918850
39098,270,61,5,853918849
39099,270,1166,4,853918942
39100,271,293,4,1234302161
39101,271,311,4,1234302414
39102,271,724,4,1234302201
39103,271,2143,4,1234301699
39104,271,1449,2,1234301722
39105,271,266,3,1234301788
39106,271,2174,4,1234301707
39107,271,67,2,1234302348
39108,271,1029,4,1234302566
39109,271,76,4,1234302536
39110,271,354,3,1234302654
39111,271,89,3,1234301660
39112,271,2751,3,1234302572
39113,271,271,4,1234301711
39114,271,834,3,1234301682
39115,271,1510,1,1234302555
39116,271,113,2,1234301782
39117,271,1033,2,1234301672
39118,271,1543,3,1234301729
39119,271,2183,3,1234301735
39120,271,1571,3,1234301786
39121,271,273,3,1234301793
39122,271,148,3,1234302708
39123,271,174,2,1234301763
39124,271,405,3,1234302490
39125,271,184,2,1234302168
39126,271,185,2,1234302686
39127,271,1669,2,1234301738
39128,271,2041,4,1234301749
39129,271,1749,3,1234302548
39130,271,1752,4,1234302774
39131,271,429,3,1234302630
39132,271,747,3,1234302306
39133,271,2637,3,1234302338
39134,271,4848,4,1234302210
39135,271,2772,3,1234302290
39136,271,856,4,1234302378
39137,271,1046,2,1234302223
39138,271,5092,2,1234302136
39139,271,1214,3,1234302610
39140,271,1245,2,1234302436
39141,271,2306,2,1234302181
39142,271,1275,4,1234302698
39143,272,233,4,1532265940
39144,272,479,3,1533490657
39145,272,82,4,1533490655
39146,272,1031,4,1533566053
39147,272,102,4,1532266252
39148,272,729,4,1533490828
39149,272,988,2,1532266441
39150,272,1575,3,1533566237
39151,272,167,4,1532265979
39152,272,204,4,1533566039
39153,272,754,2,1532266027
39154,272,1204,4,1533566206
39155,272,769,3,1532266413
39156,272,1242,3,1532266400
39157,272,1251,4,1532266394
39158,272,824,2,1533490690
39159,272,1053,3,1533490672
39160,272,900,3,1532266409
39161,272,1152,4,1532265998
39162,272,1064,4,1533566246
39163,272,1067,4,1532266266
39164,272,252,3,1532266430
39165,272,1980,3,1533566252
39166,272,254,3,1533490668
39167,272,1993,4,1533490929
39168,272,967,4,1532266319
39169,272,1083,2,1532266238
39170,272,1086,2,1533566182
39171,272,1379,4,1537470612
39172,272,1384,4,1537475893
39173,272,4027,5,1533490600
39174,273,1,5,835861234
39175,273,1400,1,835860711
39176,273,292,5,835860782
39177,273,293,5,835861257
39178,273,461,4,835860782
39179,273,1094,4,835861270
39180,273,464,3,835798985
39181,273,301,5,835861068
39182,273,538,4,835860999
39183,273,13,5,835860849
39184,273,557,5,835860849
39185,273,15,5,835860827
39186,273,561,4,835860812
39187,273,566,4,835860928
39188,273,569,3,835860812
39189,273,466,3,835861224
39190,273,574,4,839575105
39191,273,584,4,835861286
39192,273,17,4,835798985
39193,273,600,5,835799023
39194,273,604,4,835861286
39195,273,471,4,835799005
39196,273,311,5,835860966
39197,273,314,5,835860827
39198,273,472,5,835861257
39199,273,23,4,835860797
39200,273,474,4,835860781
39201,273,635,4,835860797
39202,273,637,4,835860812
39203,273,1157,3,838649628
39204,273,26,4,835861224
39205,273,643,4,835860928
39206,273,2426,5,835861348
39207,273,646,3,835861108
39208,273,27,4,835861270
39209,273,654,5,835860894
39210,273,28,4,835860827
39211,273,320,5,838649628
39212,273,2509,5,835860967
39213,273,660,3,835860928
39214,273,662,4,835860976
39215,273,322,3,835860849
39216,273,31,3,835860894
39217,273,828,1,835860849
39218,273,671,3,838649593
39219,273,323,5,835799005
39220,273,479,5,835861286
39221,273,33,2,835798984
39222,273,34,3,835798984
39223,273,35,5,835799051
39224,273,324,5,835799024
39225,273,481,4,838649593
39226,273,37,3,835860878
39227,273,39,4,835861348
39228,273,693,4,835860682
39229,274,1,4,1171410158
39230,274,482,3,1171934785
39231,274,3,4,1197022122
39232,274,486,3,1172030892
39233,274,487,4,1171428459
39234,274,1400,3,1171829597
39235,274,491,4,1171493420
39236,274,493,4,1171934796
39237,274,3605,3,1171830022
39238,274,494,3,1171759024
39239,274,2164,3,1171829251
39240,274,495,3,1171785219
39241,274,2069,4,1238050945
39242,274,293,4,1171409321
39243,274,461,4,1171756208
39244,274,972,4,1171759773
39245,274,4,4,1171172762
39246,274,1401,2,1171943719
39247,274,5,4,1171408986
39248,274,503,3,1171827419
39249,274,505,3,1171492326
39250,274,506,3,1171829616
39251,274,2664,4,1171932360
39252,274,6,4,1171493880
39253,274,510,3,1171828191
39254,274,511,3,1197272712
39255,274,512,3,1171828649
39256,274,515,3,1172024378
39257,274,516,2,1174524214
39258,274,7,3,1250200353
39259,274,519,3,1171934885
39260,274,8,4,1171410141
39261,274,1094,3,1171409239
39262,274,526,2,1171758635
39263,274,465,3,1171934629
39264,274,528,3,1171943771
39265,274,11,3,1197015385
39266,274,532,4,1171934621
39267,274,534,2,1171826839
39268,274,1027,2,1171943760
39269,274,1405,3,1171758458
39270,274,535,3,1172024267
39271,274,2070,3,1226390171
39272,274,538,3,1171785271
39273,274,539,3,1172024106
39274,274,540,3,1171428455
39275,274,545,3,1259707801
39276,274,3001,4,1199752005
39277,274,550,4,1171428366
39278,274,12,3,1171785593
39279,274,13,4,1171756019
39280,274,14,4,1171934649
39281,274,563,3,1172023946
39282,274,567,3,1172275396
39283,274,466,4,1171756138
39284,274,16,3,1171409999
39285,274,585,4,1171428405
39286,274,588,3,1284686930
39287,274,589,4,1171409188
39288,274,17,5,1171493995
39289,274,591,4,1177986713
39290,274,18,3,1171934639
39291,274,598,3,1171756213
39292,274,233,4,1171409194
39293,274,599,3,1239122854
39294,274,1408,4,1172007798
39295,274,601,4,1197190317
39296,274,602,2,1172026198
39297,274,19,3,1171758879
39298,274,471,4,1171409788
39299,274,311,4,1248336612
39300,274,21,4,1171409739
39301,274,22,2,1171826872
39302,274,472,4,1171934641
39303,274,23,4,1171934652
39304,274,315,3,1284686457
39305,274,621,3,1171830130
39306,274,622,3,1171934616
39307,274,1411,3,1171828655
39308,274,473,4,1171409745
39309,274,4861,2,1172030386
39310,274,474,2,1171934780
39311,274,1414,3,1171934917
39312,274,2167,4,1197015496
39313,274,1156,4,1171172447
39314,274,25,4,1171172494
39315,274,1157,3,1171491564
39316,274,640,2,1171785330
39317,274,26,3,1256145196
39318,274,27,3,1171410132
39319,274,648,2,1171172369
39320,274,652,3,1171829565
39321,274,28,3,1171428404
39322,274,655,3,1171932896
39323,274,2655,3,1171829197
39324,274,660,3,1171943669
39325,274,29,4,1171758666
39326,274,1095,2,1171409458
39327,274,666,3,1172023905
39328,274,30,2,1171511510
39329,274,667,2,1171829185
39330,274,1420,3,1171491546
39331,274,32,4,1171756122
39332,274,1158,3,1171409529
39333,274,1421,4,1197272104
39334,274,2440,3,1172365278
39335,274,670,3,1172024231
39336,274,2501,2,1171944289
39337,274,828,3,1171759271
39338,274,323,4,1171934614
39339,274,479,4,1171409970
39340,274,33,4,1223263012
39341,274,34,3,1177260697
39342,274,35,4,1171409513
39343,274,480,3,1171493418
39344,274,324,3,1171428391
39345,274,36,3,1171785488
39346,274,37,3,1171409592
39347,274,673,4,1197186309
39348,274,674,3,1172269418
39349,274,6183,3,1172458048
39350,274,676,2,1172026125
39351,274,38,3,1171409741
39352,274,1159,3,1171492833
39353,274,39,3,1171759408
39354,274,1424,3,1171934393
39355,274,40,3,1171759781
39356,274,685,3,1172007765
39357,274,686,2,1172031043
39358,274,687,2,1172024227
39359,274,1426,3,1171172450
39360,274,41,3,1202278201
39361,274,42,2,1172031275
39362,274,1427,3,1172026009
39363,274,723,4,1200644379
39364,274,691,3,1171829191
39365,274,1160,4,1171172773
39366,274,43,3,1171409792
39367,274,693,3,1261091447
39368,274,1026,2,1171943625
39369,274,1430,4,1171944205
39370,274,2427,3,1253913997
39371,274,1431,3,1171934802
39372,274,695,4,1171493845
39373,274,696,3,1172026606
39374,274,2444,3,1229418499
39375,274,1433,1,1172025867
39376,274,698,2,1171932831
39377,274,1435,3,1171934978
39378,274,701,3,1197067200
39379,274,5022,3,1172427116
39380,274,704,3,1172025917
39381,274,264,4,1171172472
39382,274,1028,3,1171409113
39383,274,709,2,1172033018
39384,274,6184,3,1172031009
39385,274,333,3,1176702899
39386,274,334,3,1204878965
39387,274,336,3,1197880114
39388,274,45,3,1171427932
39389,274,831,3,1284685294
39390,274,46,3,1203892747
39391,274,724,2,1171934762
39392,274,3169,3,1171784710
39393,274,2666,3,1172030063
39394,274,5703,2,1172024034
39395,274,1772,3,1171932130
39396,274,1448,3,1171932392
39397,274,1774,2,1171785492
39398,274,51,3,1172269297
39399,274,53,3,1172269383
39400,274,2446,2,1171172500
39401,274,54,3,1171944454
39402,274,56,4,1197067361
39403,274,57,3,1171785357
39404,274,2667,3,1171932501
39405,274,1135,4,1171934710
39406,274,61,3,1171493897
39407,274,343,4,1221685774
39408,274,62,3,1175629007
39409,274,63,4,1171408966
39410,274,64,4,1171943610
39411,274,3698,3,1172007933
39412,274,266,3,1171784781
39413,274,1451,3,1172022548
39414,274,68,3,1171409305
39415,274,2075,4,1237297811
39416,274,1102,4,1186728753
39417,274,69,4,1171409426
39418,274,70,4,1171934686
39419,274,71,4,1212003426
39420,274,351,3,1201902164
39421,274,1029,4,1171491997
39422,274,1103,3,1171409049
39423,274,352,3,1199751945
39424,274,72,4,1171409259
39425,274,73,4,1202111741
39426,274,1136,4,1202448511
39427,274,74,4,1171409967
39428,274,75,4,1171409055
39429,274,76,4,1171409571
39430,274,1452,4,1171493899
39431,274,2077,4,1250200487
39432,274,77,4,1197426191
39433,274,1137,3,1186728678
39434,274,79,4,1171172712
39435,274,1138,3,1205360533
39436,274,2900,4,1175660948
39437,274,82,4,1171491755
39438,274,4056,3,1171493905
39439,274,2176,4,1253914593
39440,274,6185,3,1200444417
39441,274,84,4,1171409235
39442,274,356,3,1223524686
39443,274,1109,4,1171786298
39444,274,85,4,1171934694
39445,274,357,3,1284685479
39446,274,86,3,1171409961
39447,274,269,3,1186752545
39448,274,2084,4,1205707621
39449,274,1111,3,1285897817
39450,274,88,4,1221685848
39451,274,89,3,1186752484
39452,274,360,3,1171943634
39453,274,90,3,1212003442
39454,274,3000,2,1171944318
39455,274,91,3,1171827582
39456,274,361,4,1200431610
39457,274,2751,3,1171756204
39458,274,4057,3,1288172935
39459,274,6186,3,1205291623
39460,274,2558,3,1171934442
39461,274,1464,3,1247504106
39462,274,1030,3,1172008026
39463,274,2903,3,1171826803
39464,274,1467,3,1171932119
39465,274,1468,3,1171785742
39466,274,978,3,1171943579
39467,274,93,2,1171758935
39468,274,1472,3,1284685610
39469,274,1474,2,1171491440
39470,274,2147,3,1171934798
39471,274,362,4,1171934932
39472,274,2420,3,1171934758
39473,274,1475,3,1186729273
39474,274,995,3,1171759066
39475,274,1476,3,1171491472
39476,274,95,3,1171944123
39477,274,2429,3,1197016368
39478,274,2559,3,1171830666
39479,274,980,3,1171785383
39480,274,5996,3,1172275162
39481,274,1482,4,1171932124
39482,274,2087,3,1171492180
39483,274,1483,2,1172024325
39484,274,2453,3,1171785601
39485,274,1485,3,1171491498
39486,274,6187,3,1172275183
39487,274,1487,3,1171786182
39488,274,98,3,1248337371
39489,274,6188,3,1172030432
39490,274,3285,3,1217201638
39491,274,99,4,1171934772
39492,274,1031,4,1171428348
39493,274,1168,1,1171758807
39494,274,100,4,1171943777
39495,274,1491,2,1171828255
39496,274,1492,2,1171759209
39497,274,101,4,1171511544
39498,274,102,3,1171428362
39499,274,727,2,1171934814
39500,274,1496,2,1171827371
39501,274,1497,2,1171787230
39502,274,2148,2,1172030362
39503,274,5707,3,1172447694
39504,274,1499,3,1171828184
39505,274,983,3,1172033242
39506,274,984,3,1171943731
39507,274,1009,3,1171756029
39508,274,366,4,1232701014
39509,274,107,3,1173819560
39510,274,1501,3,1171944227
39511,274,3019,3,1172109788
39512,274,2460,3,1197016164
39513,274,108,4,1171943573
39514,274,1507,2,1172023893
39515,274,729,4,1171492701
39516,274,1510,4,1171172402
39517,274,1511,3,1171828118
39518,274,3287,2,1172110797
39519,274,234,4,1171934742
39520,274,5998,2,1171932290
39521,274,5111,2,1171932602
39522,274,1512,3,1197014536
39523,274,988,3,1171492429
39524,274,2565,3,1172007698
39525,274,1169,4,1171172415
39526,274,109,3,1171409454
39527,274,1516,3,1171944257
39528,274,2672,3,1171933183
39529,274,4060,0,1171932613
39530,274,110,3,1221685969
39531,274,1518,3,1171784721
39532,274,2399,3,1285027020
39533,274,1521,3,1172031117
39534,274,1524,2,1171759153
39535,274,1526,3,1172024390
39536,274,1528,3,1171932499
39537,274,2674,3,1288866173
39538,274,990,1,1171759275
39539,274,2091,4,1171785215
39540,274,1532,2,1171785472
39541,274,1534,2,1171785588
39542,274,731,3,1171934832
39543,274,991,3,1171172457
39544,274,114,3,1171827586
39545,274,1536,3,1203999681
39546,274,379,3,1171492218
39547,274,1171,3,1186729066
39548,274,117,4,1221685565
39549,274,382,4,1186729108
39550,274,5112,2,1172024221
39551,274,1538,4,1171830513
39552,274,2568,2,1172007878
39553,274,2999,3,1171784759
39554,274,6189,3,1172033062
39555,274,6190,3,1172031135
39556,274,2905,4,1171491523
39557,274,118,3,1171511615
39558,274,1034,2,1171943796
39559,274,992,3,1253915468
39560,274,1544,4,1171944239
39561,274,1545,4,1197015180
39562,274,119,4,1223524676
39563,274,1777,2,1171491786
39564,274,836,3,1171492728
39565,274,120,3,1171491600
39566,274,5199,3,1171785283
39567,274,121,3,1171785206
39568,274,383,4,1200644410
39569,274,122,4,1171758796
39570,274,123,3,1172269303
39571,274,1551,2,1172030744
39572,274,2677,3,1172024333
39573,274,1556,3,1171932965
39574,274,1557,1,1171787223
39575,274,126,2,1171756237
39576,274,1778,3,1171829543
39577,274,1558,4,1171932682
39578,274,384,4,1171172465
39579,274,128,3,1171759746
39580,274,272,3,1171944340
39581,274,1035,2,1171943735
39582,274,1560,3,1197014901
39583,274,1779,3,1171829585
39584,274,1036,3,1172269362
39585,274,1780,3,1171759794
39586,274,1781,3,1172269369
39587,274,129,3,1171829710
39588,274,130,3,1172007826
39589,274,132,3,1171784764
39590,274,4146,3,1171828253
39591,274,135,4,1212003437
39592,274,4065,3,1238050932
39593,274,1568,3,1171932377
39594,274,2680,2,1171759094
39595,274,5115,2,1171785642
39596,274,1569,3,1288866272
39597,274,3508,3,1171830457
39598,274,137,3,1171828197
39599,274,1573,4,1172026304
39600,274,5718,2,1172110804
39601,274,1574,2,1171829370
39602,274,2907,3,1172007838
39603,274,2040,3,1171759124
39604,274,141,3,1288172843
39605,274,1575,4,1171759283
39606,274,6191,3,1172031076
39607,274,142,3,1171491595
39608,274,1141,3,1171493525
39609,274,5806,2,1171410767
39610,274,2184,3,1284687048
39611,274,1580,4,1171408786
39612,274,2572,3,1172007683
39613,274,145,2,1171943602
39614,274,146,2,1171758673
39615,274,1591,2,1171829600
39616,274,273,4,1171758926
39617,274,147,3,1171428345
39618,274,1593,3,1171511579
39619,274,5745,3,1221685985
39620,274,2402,3,1247504439
39621,274,1595,3,1172023885
39622,274,392,4,1171428353
39623,274,4221,1,1186752735
39624,274,5830,4,1172110246
39625,274,1598,4,1197187734
39626,274,148,4,1171408968
39627,274,1599,3,1171785505
39628,274,149,3,1171828778
39629,274,150,3,1171428359
39630,274,1600,2,1172030733
39631,274,1601,3,1171491485
39632,274,5061,3,1172026473
39633,274,3642,4,1171786130
39634,274,5101,1,1172030515
39635,274,154,2,1171172376
39636,274,1863,3,1285018236
39637,274,1864,3,1284685425
39638,274,1177,3,1217201762
39639,274,274,1,1171944268
39640,274,1615,4,1171784743
39641,274,2682,3,1171826834
39642,274,5837,2,1171933157
39643,274,6192,3,1172026397
39644,274,1618,4,1171944321
39645,274,159,3,1221685706
39646,274,160,1,1197014073
39647,274,1115,4,1171944397
39648,274,1624,3,1171826882
39649,274,6193,2,1172031001
39650,274,2471,2,1171759797
39651,274,163,4,1171172758
39652,274,5838,2,1197190308
39653,274,6194,3,1261091238
39654,274,165,4,1232700930
39655,274,1627,3,1171759203
39656,274,166,3,1172364485
39657,274,1628,2,1172109881
39658,274,1630,2,1172026308
39659,274,3294,3,1197015011
39660,274,167,4,1171409506
39661,274,1001,3,1171511625
39662,274,1002,3,1173992236
39663,274,2920,4,1172033132
39664,274,169,3,1197189001
39665,274,1632,3,1171759327
39666,274,1633,4,1171933110
39667,274,171,3,1171943615
39668,274,172,2,1171491491
39669,274,174,3,1171759389
39670,274,178,3,1171493848
39671,274,400,4,1171491551
39672,274,1640,3,1239122743
39673,274,733,3,1245056468
39674,274,179,2,1288172724
39675,274,1003,3,1171944459
39676,274,1641,3,1232701032
39677,274,180,4,1171934928
39678,274,734,2,1171492707
39679,274,2584,3,1171829688
39680,274,1179,3,1171428463
39681,274,1643,2,1171491464
39682,274,401,3,1186729368
39683,274,2585,3,1171829170
39684,274,181,3,1171934718
39685,274,735,3,1171172497
39686,274,1644,2,1171785548
39687,274,1645,2,1171828421
39688,274,1646,3,1171759424
39689,274,1117,3,1171785287
39690,274,2095,4,1226314584
39691,274,182,3,1288172971
39692,274,402,4,1171409964
39693,274,404,2,1171944221
39694,274,4696,3,1227523831
39695,274,4073,3,1197272537
39696,274,405,4,1171491716
39697,274,1651,3,1172007761
39698,274,2587,3,1249768126
39699,274,183,3,1171934869
39700,274,4865,2,1172023939
39701,274,5494,3,1172030073
39702,274,1655,2,1172008248
39703,274,184,3,1227005824
39704,274,1658,2,1171785659
39705,274,6195,4,1172024385
39706,274,1659,4,1221685963
39707,274,185,5,1171409201
39708,274,1660,3,1172007713
39709,274,5066,3,1223000434
39710,274,2592,3,1197015420
39711,274,2593,4,1171172391
39712,274,840,3,1171933205
39713,274,6138,3,1172025904
39714,274,188,3,1171511524
39715,274,1180,4,1171428476
39716,274,5067,3,1200431594
39717,274,190,4,1186730469
39718,274,1181,3,1171409266
39719,274,1182,3,1171785718
39720,274,193,5,1171172709
39721,274,6196,2,1172275244
39722,274,194,3,1171756231
39723,274,5129,3,1171786154
39724,274,195,4,1171428374
39725,274,1670,3,1171828813
39726,274,198,4,1222883767
39727,274,1118,4,1171409312
39728,274,1671,3,1285027059
39729,274,1672,3,1171829138
39730,274,1673,3,1248337462
39731,274,4080,3,1172007663
39732,274,2503,4,1245055845
39733,274,199,3,1203473222
39734,274,200,3,1172269264
39735,274,2157,2,1172908838
39736,274,201,4,1171428370
39737,274,5746,3,1172025967
39738,274,1183,4,1171492695
39739,274,1684,3,1171758782
39740,274,1688,3,1171786108
39741,274,736,4,1171934808
39742,274,1689,3,1171828362
39743,274,204,3,1171943630
39744,274,1038,3,1171827467
39745,274,1786,3,1171786346
39746,274,415,2,1197275106
39747,274,416,2,1171944108
39748,274,2598,3,1172025799
39749,274,2599,3,1171827399
39750,274,1788,2,1171933105
39751,274,277,3,1173845707
39752,274,1692,3,1172008061
39753,274,6197,3,1227005849
39754,274,207,3,1247504410
39755,274,209,3,1171759033
39756,274,1697,3,1171759791
39757,274,1699,2,1171785648
39758,274,2100,3,1250200620
39759,274,4083,3,1197015580
39760,274,2203,3,1197015177
39761,274,210,2,1171787271
39762,274,1185,4,1171172782
39763,274,2511,2,1171786187
39764,274,5045,2,1172033232
39765,274,1011,3,1171758856
39766,274,1703,3,1171829645
39767,274,4867,3,1171408766
39768,274,737,3,1173239487
39769,274,1705,2,1171829572
39770,274,1706,3,1173041338
39771,274,2494,4,1171409347
39772,274,2403,4,1219088440
39773,274,211,3,1171492209
39774,274,422,3,1171943607
39775,274,1012,3,1171785712
39776,274,1718,4,1171172404
39777,274,1719,3,1296946990
39778,274,1790,3,1171785280
39779,274,212,3,1197067521
39780,274,3301,2,1171786290
39781,274,1722,3,1171428396
39782,274,1723,4,1171785394
39783,274,423,4,1208022938
39784,274,1726,3,1171932075
39785,274,218,3,1171758871
39786,274,1039,3,1173041106
39787,274,1040,3,1171759057
39788,274,6198,4,1172275325
39789,274,219,4,1171493438
39790,274,1733,2,1240995607
39791,274,1041,5,1172008077
39792,274,2606,4,1247504319
39793,274,220,3,1171428468
39794,274,3042,2,1171786336
39795,274,1740,4,1253915525
39796,274,5132,3,1171933193
39797,274,221,3,1173992271
39798,274,738,2,1171491817
39799,274,1014,3,1171756184
39800,274,222,4,1197015062
39801,274,2607,2,1171829693
39802,274,6199,3,1288173019
39803,274,223,4,1253914675
39804,274,6200,4,1217201110
39805,274,1145,4,1171409148
39806,274,1746,3,1172026169
39807,274,6201,4,1172458556
39808,274,1871,2,1171785573
39809,274,1747,3,1171785668
39810,274,224,3,1171511548
39811,274,225,4,1186752636
39812,274,1750,3,1253915481
39813,274,1015,3,1171511562
39814,274,5439,3,1296946956
39815,274,227,3,1171495468
39816,274,228,2,1171785793
39817,274,1757,4,1171758571
39818,274,1016,4,1171491583
39819,274,1758,3,1171932598
39820,274,1795,1,1171511644
39821,274,1188,4,1171758989
39822,274,3307,3,1171932269
39823,274,229,3,1171493883
39824,274,2933,3,1172030339
39825,274,4274,2,1171828527
39826,274,1764,3,1171787246
39827,274,1765,2,1171759440
39828,274,5842,4,1234946143
39829,274,6202,4,1197190483
39830,274,2496,3,1171829501
39831,274,1019,3,1171758821
39832,274,867,2,1171492360
39833,274,429,4,1171492047
39834,274,6203,1,1172024141
39835,274,430,3,1171758983
39836,274,740,3,1171511558
39837,274,2935,3,1248335598
39838,274,2936,3,1248335593
39839,274,6204,3,1172427537
39840,274,1797,3,1171944118
39841,274,278,4,1171409062
39842,274,5332,2,1172025810
39843,274,2512,3,1175490193
39844,274,2715,3,1171759768
39845,274,1798,3,1171827551
39846,274,741,2,1171758500
39847,274,4493,3,1171828109
39848,274,1873,3,1186730528
39849,274,1799,4,1197014434
39850,274,1801,2,1172447778
39851,274,3742,2,1247504558
39852,274,742,3,1171172393
39853,274,2475,1,1171494248
39854,274,1874,3,1186730499
39855,274,1022,2,1171172765
39856,274,3310,2,1177013216
39857,274,743,3,1171511631
39858,274,1043,3,1171943586
39859,274,1805,2,1177013066
39860,274,437,4,1171756133
39861,274,6205,1,1172007779
39862,274,440,4,1235686138
39863,274,1875,3,1171828429
39864,274,5336,3,1171829208
39865,274,2619,3,1172616851
39866,274,1876,4,1171944330
39867,274,3140,4,1172008140
39868,274,3177,4,1171758494
39869,274,6206,3,1197190338
39870,274,1023,3,1172180894
39871,274,3238,3,1171829284
39872,274,2622,3,1172026020
39873,274,3239,2,1172025842
39874,274,1810,3,1171759192
39875,274,4930,3,1172427322
39876,274,4091,3,1171785624
39877,274,744,4,1173041125
39878,274,6207,2,1172026566
39879,274,445,4,1171408958
39880,274,1811,3,1171786118
39881,274,5844,3,1172030665
39882,274,2212,4,1285026576
39883,274,446,3,1171756024
39884,274,2939,3,1172275275
39885,274,4495,3,1171829696
39886,274,6208,1,1171932678
39887,274,4092,1,1171932102
39888,274,2940,2,1171932313
39889,274,1191,5,1171409417
39890,274,1812,3,1173041303
39891,274,1813,2,1171758994
39892,274,745,3,1171494063
39893,274,746,1,1171492441
39894,274,2943,2,1171932471
39895,274,2214,3,1171786365
39896,274,1814,3,1174513497
39897,274,2632,3,1241417111
39898,274,1815,3,1171827375
39899,274,1816,3,1173041206
39900,274,4939,2,1197185404
39901,274,1817,3,1173845712
39902,274,747,3,1171944381
39903,274,5166,2,1172110594
39904,274,3643,3,1172427443
39905,274,3319,3,1171787256
39906,274,1819,2,1173041159
39907,274,868,1,1171492410
39908,274,3179,3,1171785267
39909,274,6140,3,1172030344
39910,274,1821,3,1171829609
39911,274,6209,3,1172008217
39912,274,5845,3,1171830127
39913,274,1878,3,1171785373
39914,274,4872,4,1197186428
39915,274,1879,2,1171784736
39916,274,2647,3,1171785566
39917,274,1822,2,1177013064
39918,274,748,2,1171759286
39919,274,2650,3,1171786373
39920,274,6210,4,1172275751
39921,274,749,2,1285026956
39922,274,1880,3,1198614182
39923,274,1823,2,1173041135
39924,274,1044,3,1173041140
39925,274,1194,3,1171785774
39926,274,4158,1,1172030377
39927,274,1824,3,1171758625
39928,274,5139,2,1171933161
39929,274,3497,3,1171829495
39930,274,6211,3,1172030080
39931,274,6212,2,1172110083
39932,274,1825,3,1248336545
39933,274,1195,3,1171758521
39934,274,1827,3,1171932372
39935,274,1829,4,1171492013
39936,274,2123,3,1171826921
39937,274,751,1,1171756193
39938,274,2950,3,1171829280
39939,274,1125,4,1171172617
39940,274,752,3,1171409974
39941,274,3615,3,1171828357
39942,274,2513,2,1171786198
39943,274,458,2,1171756119
39944,274,3744,1,1172026130
39945,274,5169,3,1171932089
39946,274,4159,4,1171827898
39947,274,2695,2,1171828164
39948,274,753,4,1171943576
39949,274,2696,3,1172111048
39950,274,1832,3,1171511553
39951,274,3644,3,1172110088
39952,274,754,3,1171409651
39953,274,755,4,1228303165
39954,274,2220,2,1186752589
39955,274,4498,2,1171827634
39956,274,5748,4,1197186290
39957,274,2124,3,1177013754
39958,274,6213,3,1172275318
39959,274,6214,4,1172109808
39960,274,3745,3,1172030828
39961,274,3646,2,1197187880
39962,274,4955,3,1172026038
39963,274,1838,4,1171828413
39964,274,6215,2,1172025961
39965,274,2697,2,1197067214
39966,274,4107,4,1172008244
39967,274,1839,2,1171829275
39968,274,756,3,1172269225
39969,274,1881,4,1171759397
39970,274,1840,3,1171758780
39971,274,3251,4,1171827685
39972,274,1198,3,1177986784
39973,274,2701,2,1256144987
39974,274,1843,2,1171827392
39975,274,757,3,1171409959
39976,274,4499,2,1172030944
39977,274,758,2,1171409778
39978,274,6216,2,1171830538
39979,274,3649,2,1172026504
39980,274,1199,3,1171944212
39981,274,1846,3,1171828158
39982,274,759,3,1171934907
39983,274,2477,2,1171784714
39984,274,6217,3,1171787207
39985,274,760,3,1172026671
39986,274,1847,2,1171828131
39987,274,5869,2,1171829558
39988,274,848,2,1173819620
39989,274,762,3,1177013147
39990,274,849,2,1171758709
39991,274,2703,3,1197014107
39992,274,6218,1,1172030380
39993,274,6219,3,1172427164
39994,274,5871,2,1172030771
39995,274,1200,3,1171828121
39996,274,2705,2,1172025832
39997,274,2706,3,1197191270
39998,274,4112,3,1248337519
39999,274,763,4,1219088538
40000,274,3748,2,1171830541
40001,274,1849,3,1171759433
40002,274,6220,3,1172110194
40003,274,1203,3,1172008088
40004,274,3186,3,1209600854
40005,274,6038,2,1171932370
40006,274,1851,4,1171785360
40007,274,3650,1,1197189341
40008,274,5495,2,1172026285
40009,274,2772,3,1171759032
40010,274,764,3,1171944300
40011,274,6221,4,1197273492
40012,274,851,3,1172023990
40013,274,6222,3,1248337542
40014,274,852,3,1173041218
40015,274,3651,2,1172275363
40016,274,4969,2,1172030739
40017,274,854,3,1172365345
40018,274,1204,4,1171759279
40019,274,5519,3,1172365270
40020,274,4503,2,1172026186
40021,274,1205,1,1171759788
40022,274,765,3,1171409985
40023,274,3188,3,1222410017
40024,274,857,3,1171756226
40025,274,766,4,1171409954
40026,274,5173,3,1172026272
40027,274,3654,2,1172030500
40028,274,1147,4,1171408923
40029,274,5873,3,1172008168
40030,274,3069,3,1171829273
40031,274,1853,2,1171785248
40032,274,1854,2,1171758527
40033,274,1855,2,1171932670
40034,274,3189,3,1177013169
40035,274,6223,3,1172030791
40036,274,4973,3,1239121671
40037,274,6224,2,1172030486
40038,274,2478,3,1177986796
40039,274,5140,3,1171932395
40040,274,5407,3,1171828712
40041,274,2233,4,1173041184
40042,274,1207,2,1171759096
40043,274,5809,3,1172030687
40044,274,1857,3,1171785553
40045,274,2958,4,1171784745
40046,274,768,4,1171944236
40047,274,769,3,1171409773
40048,274,1209,2,1173041098
40049,274,876,4,1171943773
40050,274,1210,4,1171756125
40051,274,6225,3,1172026248
40052,274,3332,2,1171786127
40053,274,6226,3,1172269284
40054,274,3723,3,1172110426
40055,274,4505,1,1171829680
40056,274,1046,3,1172008226
40057,274,1883,0,1171759213
40058,274,770,1,1171758947
40059,274,2235,2,1175982281
40060,274,771,4,1171491579
40061,274,3070,3,1171759426
40062,274,6227,3,1172109876
40063,274,3071,2,1171785186
40064,274,3661,2,1171827028
40065,274,3662,2,1177986754
40066,274,3333,3,1173819582
40067,274,5877,2,1171829171
40068,274,2480,3,1221511740
40069,274,2960,4,1171786401
40070,274,6228,3,1171828354
40071,274,3663,1,1172031224
40072,274,3664,2,1256143916
40073,274,5852,2,1197189987
40074,274,3665,2,1172110064
40075,274,3334,4,1171932954
40076,274,2514,4,1171493433
40077,274,2047,3,1171409939
40078,274,6229,3,1172275354
40079,274,4127,3,1172008233
40080,274,3259,2,1171759303
40081,274,3336,3,1197015172
40082,274,2515,1,1172030093
40083,274,3668,3,1171828202
40084,274,4854,3,1171830016
40085,274,6230,2,1172023933
40086,274,2239,3,1171756140
40087,274,1215,4,1186752642
40088,274,4129,3,1207769620
40089,274,772,2,1171492314
40090,274,6231,4,1197190324
40091,274,6232,2,1172033213
40092,274,235,5,1171172658
40093,274,3337,3,1171492310
40094,274,2964,2,1172180902
40095,274,1216,2,1171826927
40096,274,773,1,1171428431
40097,274,3195,3,1171759395
40098,274,2243,3,1171492297
40099,274,4981,3,1247504708
40100,274,2245,4,1171785223
40101,274,3597,3,1171828732
40102,274,2966,3,1239122352
40103,274,3142,4,1171172604
40104,274,6233,3,1172365287
40105,274,2112,3,1172024146
40106,274,2251,3,1177012939
40107,274,6234,3,1197193538
40108,274,774,4,1177012817
40109,274,5881,1,1171830662
40110,274,775,3,1171409647
40111,274,2720,4,1171759168
40112,274,2969,2,1171785290
40113,274,5222,4,1238050987
40114,274,6235,3,1233011535
40115,274,3199,4,1171935054
40116,274,6236,4,1285018037
40117,274,2780,3,1171827683
40118,274,1047,3,1171756178
40119,274,5883,3,1172110419
40120,274,4507,3,1171408819
40121,274,883,4,1177012896
40122,274,1219,2,1171830004
40123,274,6237,3,1253915648
40124,274,4984,3,1197016908
40125,274,3269,2,1177012998
40126,274,3344,1,1171828424
40127,274,4286,3,1171785570
40128,274,3200,4,1171758864
40129,274,1130,5,1171172409
40130,274,6238,3,1171932821
40131,274,5225,2,1171829594
40132,274,4185,2,1171786282
40133,274,6239,3,1248335916
40134,274,5226,1,1172024383
40135,274,1222,3,1171511635
40136,274,5886,3,1172023973
40137,274,3144,4,1171172610
40138,274,1048,5,1171172659
40139,274,4508,4,1171830011
40140,274,777,4,1171758670
40141,274,5432,2,1172030661
40142,274,885,2,1175490207
40143,274,3345,2,1171787188
40144,274,886,4,1173041185
40145,274,6240,4,1172458386
40146,274,1887,3,1171826995
40147,274,4136,4,1171932439
40148,274,6241,3,1172030767
40149,274,6242,2,1172275252
40150,274,6243,3,1172275177
40151,274,3203,4,1172024262
40152,274,6244,3,1172427011
40153,274,6245,4,1172008239
40154,274,6246,4,1171491883
40155,274,779,4,1171409748
40156,274,1226,2,1173041248
40157,274,780,3,1173041239
40158,274,2753,3,1171786376
40159,274,781,3,1285027933
40160,274,3146,1,1171492222
40161,274,2048,3,1173041153
40162,274,4142,3,1171409468
40163,274,782,3,1173041148
40164,274,4509,2,1197187646
40165,274,6247,3,1210107750
40166,274,3277,2,1172007730
40167,274,783,4,1171944328
40168,274,1227,3,1171759444
40169,274,1049,2,1171428343
40170,274,784,2,1171785785
40171,274,785,2,1171933105
40172,274,786,2,1171759784
40173,274,236,3,1171491590
40174,274,3351,3,1171759737
40175,274,2265,2,1187268450
40176,274,3760,3,1172026543
40177,274,5891,2,1172030367
40178,274,6248,3,1172110981
40179,274,5893,4,1197190470
40180,274,3352,2,1171826876
40181,274,789,2,1197067671
40182,274,2266,4,1171409420
40183,274,6249,3,1172365290
40184,274,791,3,1171933177
40185,274,3354,3,1171758589
40186,274,5895,1,1172030820
40187,274,1229,2,1208201203
40188,274,3355,2,1171826849
40189,274,792,2,1171492031
40190,274,1230,3,1171409295
40191,274,793,3,1171759215
40192,274,795,3,1171409781
40193,274,6250,1,1172110927
40194,274,798,3,1171759175
40195,274,2270,2,1171829720
40196,274,2272,3,1171492161
40197,274,799,2,1173041211
40198,274,3357,2,1171826890
40199,274,6251,3,1171828106
40200,274,6252,4,1186724286
40201,274,6253,3,1253914135
40202,274,6254,2,1288173076
40203,274,6255,4,1239123373
40204,274,4857,3,1290110270
40205,274,3359,4,1228303507
40206,274,6256,3,1172030087
40207,274,3725,2,1241081209
40208,274,6257,3,1245056251
40209,274,4144,3,1172365199
40210,274,5532,3,1171172672
40211,274,6258,3,1172275651
40212,274,6259,3,1172447440
40213,274,5102,4,1172026568
40214,274,5242,2,1172023878
40215,274,1132,3,1171408960
40216,274,2280,3,1171933180
40217,274,2484,4,1249327842
40218,274,6260,1,1171830578
40219,274,1235,4,1197014874
40220,274,5902,3,1172024313
40221,274,5903,1,1171829683
40222,274,3149,4,1253915370
40223,274,2050,4,1171491999
40224,274,6261,4,1229332651
40225,274,1237,2,1177013127
40226,274,3150,3,1172459144
40227,274,1891,2,1171758638
40228,274,5904,1,1172447698
40229,274,5905,2,1172025864
40230,274,6262,3,1172269240
40231,274,2284,3,1171933033
40232,274,2285,4,1171932357
40233,274,5908,2,1171932885
40234,274,1150,4,1217201393
40235,274,893,3,1171410749
40236,274,2126,3,1171758428
40237,274,803,3,1171759411
40238,274,6263,4,1197014627
40239,274,5913,2,1172110385
40240,274,4991,3,1172026642
40241,274,804,3,1171830001
40242,274,6042,3,1172025920
40243,274,4510,1,1172026622
40244,274,807,4,1171172648
40245,274,3774,2,1171827715
40246,274,1239,2,1173041168
40247,274,6043,2,1171495537
40248,274,6264,1,1172023871
40249,274,5917,2,1172026481
40250,274,2286,4,1171756017
40251,274,3368,3,1171786122
40252,274,809,4,1172616822
40253,274,1240,4,1221252640
40254,274,3369,3,1172026244
40255,274,895,2,1171758586
40256,274,810,3,1171172779
40257,274,6265,3,1172008224
40258,274,812,2,1173041328
40259,274,1241,2,1171786412
40260,274,1892,2,1171491685
40261,274,813,3,1171511568
40262,274,6266,4,1172025654
40263,274,1242,3,1171758815
40264,274,4511,2,1171495553
40265,274,4993,3,1171830482
40266,274,2127,3,1173041252
40267,274,5247,3,1197015075
40268,274,4313,1,1171786341
40269,274,5924,3,1172031188
40270,274,2290,3,1177012974
40271,274,1243,3,1171829126
40272,274,5009,2,1171829314
40273,274,1244,3,1284685446
40274,274,5752,3,1177012736
40275,274,5753,2,1171828618
40276,274,6267,3,1171829569
40277,274,3780,4,1197187809
40278,274,1245,3,1285018435
40279,274,6268,3,1253914378
40280,274,5857,1,1171829470
40281,274,4994,2,1171786294
40282,274,1247,4,1171492293
40283,274,6269,3,1172025979
40284,274,6045,1,1172458058
40285,274,3600,3,1171787240
40286,274,1893,2,1171933186
40287,274,2297,4,1177013942
40288,274,6270,4,1197187849
40289,274,3372,3,1207251662
40290,274,1894,3,1171428530
40291,274,897,3,1171935057
40292,274,5249,2,1171829176
40293,274,1895,2,1171491932
40294,274,2300,3,1171428482
40295,274,2054,3,1175982235
40296,274,5250,1,1171826915
40297,274,3785,3,1172030409
40298,274,6271,3,1241763838
40299,274,2976,3,1171829512
40300,274,3786,3,1172033100
40301,274,3379,2,1171785367
40302,274,6272,3,1239122616
40303,274,5684,1,1172007627
40304,274,5937,3,1171829717
40305,274,5192,1,1172023625
40306,274,4998,2,1171932837
40307,274,2304,4,1172024174
40308,274,2305,2,1171829493
40309,274,5939,1,1172458240
40310,274,3380,3,1171827628
40311,274,1250,3,1197014488
40312,274,1251,3,1201902133
40313,274,1252,3,1229955981
40314,274,5940,4,1171829724
40315,274,1254,3,1173041195
40316,274,5941,2,1174355423
40317,274,2309,4,1187268488
40318,274,6273,4,1171495501
40319,274,4515,3,1172026603
40320,274,6135,4,1177260933
40321,274,4516,2,1171827404
40322,274,2486,3,1171830039
40323,274,5253,3,1171829238
40324,274,1896,3,1235429269
40325,274,5586,4,1172284915
40326,274,6274,2,1197272932
40327,274,3383,3,1171492307
40328,274,5943,2,1171828416
40329,274,1897,3,1173041093
40330,274,817,3,1173041146
40331,274,818,3,1221685753
40332,274,1898,2,1171759729
40333,274,1255,3,1171409979
40334,274,3386,2,1172447545
40335,274,3152,4,1171758793
40336,274,5755,1,1171830533
40337,274,1256,4,1172908852
40338,274,2311,4,1186752581
40339,274,1257,3,1171786158
40340,274,237,3,1171494018
40341,274,1899,3,1197014396
40342,274,5254,1,1171932974
40343,274,2055,1,1172023606
40344,274,899,3,1245056112
40345,274,3511,3,1172030418
40346,274,1258,4,1171830473
40347,274,3512,3,1197186245
40348,274,2128,4,1232701002
40349,274,4517,3,1172007773
40350,274,1901,3,1253915939
40351,274,3075,3,1197014583
40352,274,1050,4,1203892899
40353,274,4518,3,1171786398
40354,274,2316,4,1173845733
40355,274,1133,3,1173639434
40356,274,238,4,1173239384
40357,274,3794,2,1172812781
40358,274,1051,3,1175982171
40359,274,1052,3,1177387076
40360,274,2978,3,1171495521
40361,274,824,4,1171409340
40362,274,2320,4,1186724575
40363,274,6275,2,1176344408
40364,274,6276,2,1171409989
40365,274,2984,3,1186724489
40366,274,6277,3,1224748031
40367,274,1053,3,1206908273
40368,274,6048,2,1197014505
40369,274,6278,4,1186724325
40370,274,2326,5,1197015567
40371,274,5957,3,1206908292
40372,274,6279,3,1224748101
40373,274,1262,3,1211143193
40374,274,900,4,1173568730
40375,274,3401,3,1285897528
40376,274,2328,4,1239122720
40377,274,5960,2,1186724303
40378,274,2056,4,1193091946
40379,274,2331,3,1247504771
40380,274,3404,3,1228303525
40381,274,3405,2,1179008909
40382,274,2979,3,1178470408
40383,274,2808,3,1226399435
40384,274,1905,3,1186723324
40385,274,3153,4,1197015806
40386,274,1906,2,1186723315
40387,274,2333,4,1200125582
40388,274,1264,3,1186723308
40389,274,5963,4,1197015289
40390,274,1907,3,1197014264
40391,274,3408,2,1197187859
40392,274,6280,3,1202462680
40393,274,2057,1,1200536245
40394,274,2725,3,1256145047
40395,274,2335,4,1197014927
40396,274,1268,4,1211225082
40397,274,1269,2,1200307566
40398,274,2519,3,1186723228
40399,274,3409,3,1188060813
40400,274,4148,4,1203893246
40401,274,3154,3,1250200371
40402,274,1270,3,1186723208
40403,274,903,3,1198044915
40404,274,2058,3,1197014292
40405,274,6281,2,1198614184
40406,274,4520,2,1198131080
40407,274,2336,4,1200650962
40408,274,6282,3,1189599684
40409,274,3414,3,1288172705
40410,274,2987,4,1202001444
40411,274,2338,4,1200307289
40412,274,2988,3,1200995582
40413,274,1271,4,1203473213
40414,274,3418,1,1199348438
40415,274,1272,3,1217201681
40416,274,3421,3,1205809037
40417,274,1274,3,1223524660
40418,274,3601,2,1197187525
40419,274,2344,4,1226307462
40420,274,1275,4,1208201184
40421,274,2059,4,1200125567
40422,274,5965,2,1197014884
40423,274,6283,3,1284685853
40424,274,2346,4,1207251670
40425,274,3424,3,1239123249
40426,274,1054,4,1198044892
40427,274,3425,4,1226307412
40428,274,3427,4,1228087610
40429,274,904,3,1201902100
40430,274,5026,3,1288866184
40431,274,1276,4,1262587259
40432,274,1909,3,1239123021
40433,274,2061,3,1202183268
40434,274,4524,3,1199348393
40435,274,5685,3,1237364905
40436,274,2129,3,1208200744
40437,274,1277,3,1201902115
40438,274,6284,3,1217201667
40439,274,1278,3,1256144882
40440,274,6285,2,1223524703
40441,274,1910,2,1204790810
40442,274,1280,3,1232316559
40443,274,5624,3,1222630311
40444,274,239,4,1217212975
40445,274,2351,2,1239122314
40446,274,6286,3,1259707603
40447,274,4189,4,1221511744
40448,274,2981,1,1210018338
40449,274,1055,3,1210018296
40450,274,1912,4,1233622600
40451,274,2354,3,1234946116
40452,274,5625,3,1288172657
40453,274,1282,3,1212003422
40454,274,6287,2,1225092700
40455,274,1283,3,1219088191
40456,274,6288,3,1224747851
40457,274,1284,3,1219088271
40458,274,1056,3,1229332522
40459,274,3081,3,1227599463
40460,274,1285,3,1248337481
40461,274,5262,4,1226307409
40462,274,6289,4,1296947017
40463,274,6290,3,1229955935
40464,274,6291,3,1239123487
40465,274,1286,4,1236554945
40466,274,240,3,1229332536
40467,274,2361,3,1237446912
40468,274,6292,2,1245056033
40469,274,2130,4,1221252774
40470,274,6027,3,1248600006
40471,274,2131,3,1256144863
40472,274,2523,3,1285897711
40473,274,2367,3,1232442522
40474,274,911,2,1248599987
40475,274,2064,3,1233011636
40476,274,5972,2,1235685605
40477,274,5973,2,1285026964
40478,274,1287,3,1253915546
40479,274,5974,3,1240995047
40480,274,2377,3,1233622525
40481,274,3444,4,1226307373
40482,274,3083,3,1284687292
40483,274,1916,4,1284685467
40484,274,912,3,1227523971
40485,274,3602,2,1288866392
40486,274,5769,3,1238050904
40487,274,1058,4,1239122133
40488,274,1151,3,1247504845
40489,274,1290,3,1245055831
40490,274,6293,3,1234946099
40491,274,3447,3,1261091264
40492,274,5266,3,1235428886
40493,274,6294,3,1241762662
40494,274,6295,3,1256145227
40495,274,3450,3,1256144320
40496,274,5976,2,1256144465
40497,274,241,5,1253913692
40498,274,2390,3,1256143842
40499,274,1296,2,1241762530
40500,274,1152,4,1253913812
40501,274,6028,3,1249768889
40502,274,1918,2,1284685589
40503,274,3455,3,1253913784
40504,274,916,3,1257958334
40505,274,1297,3,1247504062
40506,274,6296,3,1259707141
40507,274,6297,4,1248336908
40508,274,2991,4,1249767618
40509,274,1920,3,1256144269
40510,274,3459,4,1285018194
40511,274,918,3,1257958718
40512,274,1299,4,1285018440
40513,274,1061,3,1295868553
40514,274,6298,3,1261091214
40515,274,1062,3,1284687279
40516,274,1301,3,1296065304
40517,274,6299,3,1285026552
40518,274,5981,3,1259707078
40519,274,3464,3,1290110327
40520,274,6300,2,1285027751
40521,274,6301,2,1257958549
40522,274,242,4,1256143764
40523,274,922,3,1288172387
40524,274,3603,3,1288866396
40525,274,291,2,1288172563
40526,274,1922,3,1285026175
40527,274,927,3,1284686423
40528,274,928,3,1284685959
40529,274,1303,3,1293217966
40530,274,1304,3,1285018129
40531,274,4537,3,1293218047
40532,274,6302,1,1288172742
40533,274,243,4,1284686462
40534,274,4539,2,1293217932
40535,274,6303,3,1285026957
40536,274,1308,3,1284686467
40537,274,3726,3,1285018539
40538,274,6304,3,1293217995
40539,274,4773,3,1293218138
40540,274,1310,3,1284685255
40541,274,1311,3,1285018165
40542,274,1312,4,1284687034
40543,274,3523,3,1293217946
40544,274,6305,3,1293218077
40545,274,244,3,1293657877
40546,274,1313,3,1285897574
40547,274,6306,3,1293657951
40548,274,6059,3,1293657829
40549,274,3621,3,1285897561
40550,274,1314,3,1288172690
40551,274,1134,4,1284686435
40552,274,5273,3,1293658129
40553,274,5627,4,1284687042
40554,274,3476,3,1288172637
40555,274,245,5,1284685228
40556,274,6307,3,1288866113
40557,274,1315,3,1293217704
40558,274,1316,3,1296065274
40559,274,1317,3,1290110374
40560,274,1318,3,1288866052
40561,274,4543,3,1284685937
40562,274,1319,4,1290111436
40563,274,3623,2,1293658033
40564,274,1153,3,1293218160
40565,274,246,4,1293217816
40566,274,933,3,1318410304
40567,274,6308,3,1293217563
40568,274,1931,3,1295869672
40569,274,1934,3,1318410416
40570,274,1154,4,1318410391
40571,274,1155,4,1293657702
40572,274,1066,4,1318410245
40573,274,1325,2,1318410295
40574,274,3093,4,1318410436
40575,275,1,5,1049076484
40576,275,492,5,1049079511
40577,275,292,5,1049076555
40578,275,496,3,1049079449
40579,275,293,5,1049078728
40580,275,461,5,1049078728
40581,275,463,4,1049076538
40582,275,294,2,1049076616
40583,275,5,4,1049078044
40584,275,7,5,1049076601
40585,275,1094,3,1049078088
40586,275,300,5,1049078271
40587,275,302,4,1049076331
40588,275,303,3,1049078712
40589,275,2423,2,1049078438
40590,275,304,5,1049079037
40591,275,306,4,1049076567
40592,275,15,5,1049076508
40593,275,2425,5,1049078254
40594,275,16,4,1049078271
40595,275,4485,5,1049078712
40596,275,17,5,1049078586
40597,275,6309,2,1049076725
40598,275,470,3,1049079480
40599,275,233,4,1049078154
40600,275,604,4,1049079037
40601,275,311,4,1049078987
40602,275,312,5,1049076652
40603,275,21,3,1049076587
40604,275,314,4,1049076484
40605,275,1410,5,1049076745
40606,275,4893,5,1049078967
40607,275,637,4,1049076616
40608,275,25,4,1049076538
40609,275,2438,1,1049078900
40610,275,5598,1,1049078900
40611,275,475,4,1049079053
40612,275,27,4,1049076170
40613,275,29,5,1049076180
40614,275,3220,5,1049078671
40615,275,1095,5,1049077263
40616,275,6310,4,1049079432
40617,275,2440,3,1049076522
40618,275,671,3,1049076150
40619,275,35,5,1049078210
40620,275,37,4,1049078693
40621,275,326,4,1049076745
40622,275,723,3,1049078032
40623,275,1160,5,1049078651
40624,275,328,5,1049078929
40625,275,706,4,1049076680
40626,275,1028,5,1049076161
40627,275,1436,5,1049078821
40628,275,1438,5,1049079493
40629,275,333,5,1049078012
40630,275,3729,3,1049079216
40631,275,334,5,1049078001
40632,275,2754,5,1049078169
40633,275,335,3,1049078069
40634,275,336,5,1049079133
40635,275,1098,3,1049078123
40636,275,2997,3,1049079466
40637,275,337,5,1049076206
40638,275,1442,5,1049076911
40639,275,46,5,1049078001
40640,275,724,1,1049078032
40641,275,3543,4,1049078323
40642,275,3009,5,1049078069
40643,275,2395,5,1049079179
40644,275,49,5,1049079562
40645,275,2445,4,1049079037
40646,275,3545,5,1049078844
40647,275,58,3,1049076710
40648,275,343,5,1049076883
40649,275,344,5,1049078103
40650,275,63,5,1049076262
40651,275,346,3,1049078765
40652,275,833,5,1049076228
40653,275,66,4,1049079449
40654,275,2174,4,1049078987
40655,275,6311,5,1049076228
40656,275,68,5,1049079204
40657,275,1100,5,1049078712
40658,275,2175,3,1049076638
40659,275,348,5,1049078693
40660,275,1101,5,1049079353
40661,275,3702,5,1049079020
40662,275,350,3,1049079562
40663,275,3609,5,1049078616
40664,275,1102,5,1049079320
40665,275,70,5,1049076865
40666,275,71,4,1049077222
40667,275,351,4,1049077263
40668,275,72,3,1049078088
40669,275,73,5,1049079466
40670,275,74,4,1049076195
40671,275,353,4,1049076933
40672,275,75,5,1049078044
40673,275,77,4,1049078012
40674,275,78,4,1049077048
40675,275,1137,4,1049079110
40676,275,79,5,1049079341
40677,275,354,5,1049077233
40678,275,1138,5,1049077205
40679,275,1106,5,1049078140
40680,275,1139,5,1049079320
40681,275,865,5,1049079254
40682,275,2083,5,1049078671
40683,275,1107,5,1049078001
40684,275,356,4,1049076911
40685,275,85,5,1049076470
40686,275,357,5,1049078883
40687,275,1110,5,1049078055
40688,275,86,4,1049076883
40689,275,88,5,1049078337
40690,275,2449,5,1049078169
40691,275,1456,4,1049076911
40692,275,360,5,1049076847
40693,275,3708,4,1049079379
40694,275,1457,4,1049077048
40695,275,1113,5,1049079275
40696,275,3500,5,1049078349
40697,275,361,5,1049079408
40698,275,866,4,1049076911
40699,275,1461,4,1049079573
40700,275,4263,2,1049078947
40701,275,977,5,1049078254
40702,275,5561,5,1049076638
40703,275,2420,5,1049078987
40704,275,1475,5,1049076865
40705,275,6312,5,1049078782
40706,275,3711,2,1049078987
40707,275,363,3,1049076522
40708,275,364,3,1049078858
40709,275,98,5,1049076555
40710,275,99,3,1049076587
40711,275,6313,5,1049078900
40712,275,1488,3,1049076773
40713,275,6314,5,1049076538
40714,275,6315,1,1049079204
40715,275,102,3,1049076587
40716,275,6316,5,1049079020
40717,275,728,4,1049079562
40718,275,104,4,1049078088
40719,275,106,5,1049078987
40720,275,2458,4,1049078929
40721,275,3286,5,1049078947
40722,275,1009,3,1049079053
40723,275,366,3,1049076555
40724,275,5299,3,1049078883
40725,275,1032,3,1049078833
40726,275,1504,5,1049076972
40727,275,834,4,1049079562
40728,275,3717,5,1049079020
40729,275,3718,3,1049078821
40730,275,234,4,1049078801
40731,275,367,3,1049078652
40732,275,1515,4,1049076522
40733,275,110,2,1049076697
40734,275,730,4,1049076508
40735,275,2089,3,1049078821
40736,275,5715,5,1049076793
40737,275,372,5,1049076638
40738,275,6317,2,1049076680
40739,275,3022,5,1049078728
40740,275,379,2,1049076587
40741,275,3059,4,1049078362
40742,275,2401,5,1049079449
40743,275,2038,3,1049079120
40744,275,2039,4,1049079341
40745,275,4175,5,1049076989
40746,275,3503,4,1049076274
40747,275,3138,4,1049076883
40748,275,381,4,1049078883
40749,275,382,4,1049076972
40750,275,118,3,1049077087
40751,275,3060,5,1049077245
40752,275,126,2,1049077156
40753,275,2678,5,1049077274
40754,275,6318,5,1049076150
40755,275,6319,5,1049077156
40756,275,998,5,1049077032
40757,275,1565,5,1049077115
40758,275,1570,3,1049077156
40759,275,1572,4,1049077004
40760,275,387,5,1049076972
40761,275,142,5,1049076933
40762,275,388,5,1049079168
40763,275,6320,4,1049078377
40764,275,6169,5,1049079466
40765,275,1581,3,1049076883
40766,275,1583,3,1049077141
40767,275,5058,4,1049077062
40768,275,1584,4,1049076865
40769,275,3027,5,1049076455
40770,275,1594,3,1049076710
40771,275,6321,5,1049078572
40772,275,392,5,1049076484
40773,275,4879,5,1049078586
40774,275,2575,4,1049076972
40775,275,1601,4,1049076638
40776,275,2468,4,1049078883
40777,275,395,2,1049076697
40778,275,3548,5,1049078652
40779,275,3642,5,1049076652
40780,275,2469,4,1049078765
40781,275,154,5,1049076508
40782,275,1609,4,1049078635
40783,275,1620,4,1049077004
40784,275,160,2,1049077179
40785,275,1626,5,1049077076
40786,275,1627,4,1049076745
40787,275,166,4,1049076555
40788,275,167,5,1049078883
40789,275,1001,4,1049076805
40790,275,5565,5,1049078947
40791,275,168,4,1049078929
40792,275,399,2,1049076470
40793,275,6322,5,1049078560
40794,275,732,5,1049076756
40795,275,179,4,1049078140
40796,275,180,4,1049078883
40797,275,181,4,1049076951
40798,275,2685,4,1049079432
40799,275,2926,4,1049077179
40800,275,182,5,1049079020
40801,275,405,5,1049076933
40802,275,183,5,1049076933
40803,275,4908,5,1049079466
40804,275,6323,5,1049078572
40805,275,185,4,1049076455
40806,275,6148,4,1049079294
40807,275,2593,5,1049078671
40808,275,2097,5,1049079053
40809,275,1667,4,1049077016
40810,275,3032,5,1049077233
40811,275,1180,5,1049076911
40812,275,3034,5,1049078088
40813,275,6324,5,1049078055
40814,275,193,5,1049078913
40815,275,6325,1,1049078833
40816,275,198,5,1049076455
40817,275,2041,4,1049079275
40818,275,6326,5,1049079539
40819,275,1142,5,1049076989
40820,275,6327,5,1049076773
40821,275,414,5,1049076470
40822,275,3550,4,1049078271
40823,275,1120,5,1049076680
40824,275,736,4,1049076470
40825,275,5073,2,1049078197
40826,275,415,1,1049078801
40827,275,4224,5,1049078745
40828,275,416,5,1049076601
40829,275,6328,3,1049077681
40830,275,277,5,1049076933
40831,275,2198,5,1049078671
40832,275,209,3,1049076745
40833,275,418,4,1049076663
40834,275,2202,5,1049078858
40835,275,2602,4,1049076663
40836,275,4083,4,1049078967
40837,275,6329,5,1049077837
40838,275,842,5,1049077605
40839,275,3505,5,1049078254
40840,275,2205,4,1049079449
40841,275,1706,3,1049076951
40842,275,2494,5,1049078088
40843,275,6330,5,1049079320
40844,275,422,5,1049077502
40845,275,1717,5,1049078337
40846,275,1718,5,1049078254
40847,275,1719,5,1049076847
40848,275,1122,5,1049076508
40849,275,1144,5,1049078197
40850,275,3506,5,1049079353
40851,275,1722,5,1049076228
40852,275,6331,2,1049078389
40853,275,423,4,1049077502
40854,275,3066,5,1049079236
40855,275,1732,3,1049076951
40856,275,2206,4,1049076911
40857,275,1737,3,1049078222
40858,275,2606,5,1049076989
40859,275,220,4,1049077746
40860,275,426,5,1049077099
40861,275,6332,3,1049078671
40862,275,2764,5,1049078032
40863,275,1124,5,1049078140
40864,275,1187,3,1049077635
40865,275,2207,4,1049077486
40866,275,229,2,1049077918
40867,275,6333,2,1049077929
40868,275,1796,1,1049077765
40869,275,867,3,1049077765
40870,275,1020,5,1049077649
40871,275,429,4,1049077486
40872,275,3722,5,1049077544
40873,275,430,5,1049079366
40874,275,6334,4,1049077424
40875,275,5330,4,1049076865
40876,275,1797,3,1049077716
40877,275,431,4,1049077518
40878,275,4923,5,1049077440
40879,275,742,2,1049077777
40880,275,432,4,1049079265
40881,275,433,3,1049076883
40882,275,1022,4,1049077681
40883,275,1803,3,1049077453
40884,275,2042,3,1049077661
40885,275,3176,4,1049077892
40886,275,440,5,1049077392
40887,275,4869,5,1049079204
40888,275,6335,5,1049078967
40889,275,4870,3,1049076847
40890,275,2620,2,1049077179
40891,275,6336,5,1049076933
40892,275,5086,3,1049076773
40893,275,2211,4,1049078597
40894,275,4091,3,1049077115
40895,275,744,4,1049077716
40896,275,445,5,1049077392
40897,275,2102,5,1049076289
40898,275,446,4,1049077559
40899,275,447,5,1049077635
40900,275,6337,2,1049076725
40901,275,2942,5,1049077048
40902,275,745,3,1049077681
40903,275,451,2,1049077746
40904,275,2628,3,1049076697
40905,275,6338,5,1049077375
40906,275,6339,5,1049077696
40907,275,2634,5,1049076847
40908,275,1818,5,1049077605
40909,275,6340,3,1049077528
40910,275,3179,4,1049077892
40911,275,1877,4,1049077179
40912,275,3243,4,1049077005
40913,275,6149,4,1049077953
40914,275,1146,5,1049077016
40915,275,1879,2,1049077179
40916,275,5352,3,1049077062
40917,275,1194,5,1049077905
40918,275,6341,5,1049079408
40919,275,1195,5,1049077649
40920,275,1829,4,1049077716
40921,275,4184,2,1049077619
40922,275,752,4,1049077518
40923,275,1831,3,1049077799
40924,275,2044,4,1049077590
40925,275,753,4,1049077716
40926,275,460,5,1049077469
40927,275,1126,5,1049079133
40928,275,5369,5,1049077681
40929,275,1832,5,1049077486
40930,275,754,4,1049077375
40931,275,1834,5,1049077440
40932,275,4474,2,1049079001
40933,275,3326,4,1049076989
40934,275,232,4,1049078197
40935,275,4476,5,1049077486
40936,275,6342,3,1049077953
40937,275,4957,4,1049077005
40938,275,756,2,1049077854
40939,275,3183,5,1049077424
40940,275,6343,5,1049077141
40941,275,6344,2,1049077799
40942,275,6345,3,1049076250
40943,275,1842,1,1049076367
40944,275,5378,3,1049077440
40945,275,2225,3,1049077324
40946,275,2954,5,1049076455
40947,275,757,4,1049077746
40948,275,870,4,1049076289
40949,275,1199,4,1049076316
40950,275,759,4,1049077590
40951,275,761,2,1049079480
40952,275,4482,5,1049077469
40953,275,5151,2,1049078407
40954,275,2955,3,1049076302
40955,275,5870,2,1049076357
40956,275,6346,5,1049078254
40957,275,871,2,1049078516
40958,275,3748,1,1049078498
40959,275,5088,5,1049078801
40960,275,4114,3,1049079449
40961,275,1202,5,1049077575
40962,275,6347,5,1049077127
40963,275,6348,5,1049077032
40964,275,3650,2,1049077559
40965,275,2772,3,1049077854
40966,275,764,2,1049077696
40967,275,3187,4,1049077405
40968,275,6349,1,1049079539
40969,275,856,5,1049077605
40970,275,6350,5,1049077076
40971,275,765,4,1049077375
40972,275,767,4,1049077392
40973,275,861,5,1049076828
40974,275,6351,5,1049079502
40975,275,1853,4,1049077854
40976,275,3191,5,1049077892
40977,275,6352,5,1049076289
40978,276,1,4,858350384
40979,276,482,4,858351189
40980,276,484,3,858350427
40981,276,485,4,858350645
40982,276,1400,4,858350757
40983,276,493,4,858351186
40984,276,505,5,858350385
40985,276,512,5,858350816
40986,276,519,5,858350672
40987,276,523,4,858350702
40988,276,464,5,858351214
40989,276,14,4,858351184
40990,276,16,5,858350672
40991,276,19,5,858351214
40992,276,471,5,858351182
40993,276,21,5,858351182
40994,276,472,5,858351214
40995,276,619,5,858351214
40996,276,643,5,858351214
40997,276,27,5,858351188
40998,276,673,3,858350787
40999,276,676,3,858350787
41000,276,677,4,858350702
41001,276,38,5,858350384
41002,276,1159,3,858350672
41003,276,40,4,858350787
41004,276,3005,4,858350916
41005,276,42,4,858350384
41006,276,1097,4,858350846
41007,276,691,4,858350846
41008,276,43,5,858350384
41009,276,693,5,858350730
41010,276,1026,5,858350672
41011,276,1433,3,858350846
41012,276,701,4,858350916
41013,276,58,5,858351088
41014,276,69,5,858351060
41015,276,74,5,858350816
41016,276,86,5,858351060
41017,276,1468,4,858350816
41018,276,362,5,858350873
41019,277,1,4,861812794
41020,277,293,5,861812794
41021,277,505,2,861812794
41022,277,506,3,861812976
41023,277,516,3,861812794
41024,277,519,4,861812866
41025,277,521,3,861812866
41026,277,16,4,861812827
41027,277,677,3,861812892
41028,277,1159,4,861812866
41029,277,4700,3,861813207
41030,277,40,3,861812997
41031,277,688,4,861812947
41032,277,42,4,861812794
41033,277,2660,3,861812947
41034,277,43,4,861812794
41035,277,2427,4,861812827
41036,277,1431,3,861812866
41037,277,2662,4,861813095
41038,277,264,4,861813040
41039,277,708,4,861813058
41040,277,4666,3,861813370
41041,277,61,3,861812827
41042,277,6353,3,861813370
41043,277,1166,5,861812892
41044,277,1467,3,861813167
41045,277,362,5,861813040
41046,277,2429,3,861813271
41047,278,5,5,1193753316
41048,278,2424,4,1193753220
41049,278,233,5,1193753313
41050,278,29,5,1193753327
41051,278,708,3,1193753213
41052,278,1030,3,1193753163
41053,278,3286,5,1193753210
41054,278,385,1,1193753187
41055,278,1572,3,1193753128
41056,278,2575,4,1193753145
41057,278,1602,2,1193753204
41058,278,1603,3,1193753207
41059,278,157,4,1193753136
41060,278,2193,4,1193753200
41061,278,2929,4,1193753174
41062,278,277,4,1193753150
41063,278,1712,3,1193753190
41064,278,433,4,1193753194
41065,278,2628,3,1193753182
41066,278,1270,5,1193753405
41067,279,1,3,1506394495
41068,279,5,3,1506394189
41069,279,519,3,1506395518
41070,279,8,4,1506394381
41071,279,16,5,1506394310
41072,279,17,5,1506394205
41073,279,233,4,1506394183
41074,279,21,3,1506394494
41075,279,622,3,1506395289
41076,279,27,4,1506395201
41077,279,1095,5,1506394347
41078,279,323,2,1506395337
41079,279,479,4,1506394357
41080,279,35,4,1506394242
41081,279,37,2,1506394168
41082,279,38,4,1506395353
41083,279,43,4,1506394166
41084,279,1028,4,1506394191
41085,279,724,4,1506394394
41086,279,1135,5,1506394402
41087,279,725,4,1506395346
41088,279,68,5,1506394324
41089,279,69,5,1506394237
41090,279,71,4,1506394231
41091,279,1029,4,1506394355
41092,279,73,3,1506394410
41093,279,74,4,1506394308
41094,279,75,3,1506394210
41095,279,76,5,1506394349
41096,279,79,4,1506394405
41097,279,82,4,1506394361
41098,279,865,3,1506395330
41099,279,84,5,1506394412
41100,279,86,3,1506394363
41101,279,90,4,1506394354
41102,279,978,3,1506395216
41103,279,1168,4,1506394668
41104,279,984,4,1506394615
41105,279,108,3,1506394790
41106,279,109,4,1506394332
41107,279,122,4,1506394173
41108,279,135,4,1506394809
41109,279,273,5,1506394396
41110,279,148,3,1506395609
41111,279,1864,4,1506394440
41112,279,163,4,1506395827
41113,279,167,4,1506394161
41114,279,181,3,1506394879
41115,279,405,3,1506394500
41116,279,183,2,1506395410
41117,279,185,3,1506394165
41118,279,1180,2,1506394489
41119,279,193,3,1506394163
41120,279,219,5,1506394514
41121,279,220,3,1506394425
41122,279,1016,3,1506395360
41123,279,437,5,1506394368
41124,279,744,2,1506395441
41125,279,445,3,1506394550
41126,279,1195,4,1506395821
41127,279,752,3,1506395435
41128,279,754,4,1506394312
41129,279,2222,3,1506395428
41130,279,758,1,1506395946
41131,279,1199,3,1506394417
41132,279,1204,3,1506395742
41133,279,765,5,1506394321
41134,279,6228,3,1506394562
41135,279,235,3,1506394526
41136,279,774,4,1506395399
41137,279,775,4,1506394319
41138,279,1048,2,1506395304
41139,279,3146,5,1506395911
41140,279,784,3,1506395316
41141,279,2266,3,1506394366
41142,279,1230,3,1506395156
41143,279,809,3,1506395402
41144,279,810,4,1506394446
41145,279,1249,4,1506394376
41146,279,1251,4,1506394708
41147,279,2128,3,1506395250
41148,279,238,4,1506394599
41149,279,1051,4,1506394710
41150,279,1052,4,1506394546
41151,279,824,3,1506395708
41152,279,2326,4,1506394315
41153,279,2328,3,1506395921
41154,279,903,3,1506394571
41155,279,2058,2,1506394527
41156,279,2343,5,1506395302
41157,279,2059,3,1506394665
41158,279,2061,4,1506395146
41159,279,2129,3,1506394267
41160,279,1279,4,1506394602
41161,279,239,4,1506394218
41162,279,1055,2,1506394597
41163,279,2130,3,1506394279
41164,279,2131,4,1506394261
41165,279,1916,3,1506395614
41166,279,1288,2,1506394532
41167,279,1058,4,1506395236
41168,279,241,4,1506394604
41169,279,1059,4,1506394778
41170,279,1296,3,1506394252
41171,279,1298,3,1506395808
41172,279,1061,4,1506394584
41173,279,242,4,1506395593
41174,279,4536,3,1506395227
41175,279,1922,2,1506394255
41176,279,927,2,1506395406
41177,279,928,3,1506395711
41178,279,243,4,1506394579
41179,279,245,4,1506394212
41180,279,1318,4,1506394359
41181,279,1153,3,1506395637
41182,279,246,4,1506394292
41183,279,1155,3,1506395617
41184,279,3479,3,1506394885
41185,279,1066,3,1506395358
41186,279,1330,3,1506395072
41187,279,1067,3,1506394593
41188,279,3630,3,1506394296
41189,279,250,5,1506394568
41190,279,1334,3,1506395812
41191,279,2994,4,1506394767
41192,279,1069,3,1506395899
41193,279,951,5,1506395734
41194,279,4733,3,1506394905
41195,279,2830,3,1506394581
41196,279,4734,3,1506394882
41197,279,1954,2,1506395334
41198,279,953,3,1506395322
41199,279,1343,3,1506395340
41200,279,4705,3,1506395784
41201,279,252,4,1506394851
41202,279,1071,3,1506395143
41203,279,1348,2,1506395837
41204,279,3102,2,1506395326
41205,279,1073,3,1506395605
41206,279,1352,5,1506394811
41207,279,1074,3,1506395230
41208,279,959,2,1506395825
41209,279,6354,2,1506395364
41210,279,3106,3,1506395115
41211,279,962,4,1506395982
41212,279,254,5,1506394813
41213,279,2995,3,1506395204
41214,279,1357,3,1506395293
41215,279,1076,4,1506394586
41216,279,1993,3,1506394530
41217,279,4741,4,1506394611
41218,279,1358,4,1506395492
41219,279,255,3,1506394196
41220,279,1077,4,1506394792
41221,279,1079,4,1506394705
41222,279,2539,4,1506394697
41223,279,257,5,1506394815
41224,279,967,4,1506394589
41225,279,258,4,1506394843
41226,279,1081,3,1506394378
41227,279,1082,4,1506395212
41228,279,1369,3,1506395715
41229,279,1085,3,1506394834
41230,279,1373,5,1506395112
41231,279,2742,3,1506395833
41232,279,2862,3,1506395858
41233,279,1379,3,1506395504
41234,279,1088,3,1506395003
41235,279,1384,3,1506395413
41236,279,1387,2,1506395556
41237,279,1388,4,1506395645
41238,279,1391,4,1506395001
41239,279,1092,3,1506395297
41240,279,2036,4,1506394781
41241,279,1393,4,1506394744
41242,279,3128,5,1506396013
41243,280,1,4,1348435273
41244,280,485,4,1348532595
41245,280,493,3,1348435266
41246,280,498,4,1348531940
41247,280,463,4,1348532012
41248,280,5,4,1348434052
41249,280,519,3,1348532384
41250,280,304,4,1348534146
41251,280,12,3,1348532978
41252,280,14,3,1348532143
41253,280,574,4,1348531999
41254,280,581,3,1347604610
41255,280,471,3,1348435808
41256,280,313,3,1348532062
41257,280,21,4,1350195052
41258,280,472,4,1348532128
41259,280,23,2,1348532155
41260,280,25,4,1348533036
41261,280,28,3,1348435854
41262,280,670,4,1347604965
41263,280,2501,2,1347604619
41264,280,828,4,1348532002
41265,280,324,4,1348532133
41266,280,481,4,1348531983
41267,280,1431,2,1348532356
41268,280,332,4,1348435642
41269,280,335,3,1348434929
41270,280,2997,4,1348434789
41271,280,45,3,1348532290
41272,280,1161,4,1348531955
41273,280,863,4,1348453179
41274,280,1775,5,1348435634
41275,280,58,4,1348532939
41276,280,70,3,1348532030
41277,280,1104,4,1348434102
41278,280,75,5,1348434161
41279,280,865,4,1348434801
41280,280,86,3,1348435815
41281,280,1474,4,1348532004
41282,280,2420,4,1348532302
41283,280,1485,2,1348532428
41284,280,1494,4,1348435606
41285,280,102,3,1348532045
41286,280,988,4,1348435240
41287,280,1534,2,1347604725
41288,280,731,3,1348532315
41289,280,379,3,1348532025
41290,280,5547,4,1350194963
41291,280,119,4,1348532817
41292,280,1556,4,1348436426
41293,280,134,2,1348532828
41294,280,2575,4,1348435338
41295,280,1609,3,1348532248
41296,280,5837,4,1347605405
41297,280,4492,3,1348533503
41298,280,1000,3,1348435130
41299,280,1010,4,1348532990
41300,280,1001,4,1347605102
41301,280,1002,3,1347604698
41302,280,400,2,1348532234
41303,280,1003,4,1348532891
41304,280,1179,3,1348532278
41305,280,2684,4,1347604921
41306,280,1865,3,1348532965
41307,280,402,4,1348435839
41308,280,6148,5,1348434668
41309,280,736,4,1348532299
41310,280,1689,2,1347604901
41311,280,206,4,1348532654
41312,280,277,4,1348531278
41313,280,209,2,1348532687
41314,280,218,4,1348533065
41315,280,1793,3,1348533264
41316,280,221,2,1348533183
41317,280,1016,4,1348532674
41318,280,1795,4,1348531944
41319,280,429,5,1348531294
41320,280,740,5,1348533171
41321,280,1797,4,1348532538
41322,280,1800,3,1348433918
41323,280,743,3,1348533955
41324,280,1805,3,1348532972
41325,280,1806,4,1348436494
41326,280,1811,1,1347604876
41327,280,446,5,1348534229
41328,280,447,5,1348435317
41329,280,745,4,1348532168
41330,280,451,2,1348435313
41331,280,746,4,1348435309
41332,280,868,3,1347605351
41333,280,4496,4,1348533539
41334,280,1195,4,1348435298
41335,280,1125,3,1348532459
41336,280,3498,5,1347604992
41337,280,458,4,1348532498
41338,280,753,4,1348532327
41339,280,1126,4,1348434081
41340,280,4498,2,1347605012
41341,280,869,3,1347605461
41342,280,1837,5,1348435042
41343,280,1842,3,1348533288
41344,280,764,4,1348532668
41345,280,4850,4,1347605422
41346,280,766,4,1348532480
41347,280,874,3,1347605358
41348,280,3191,3,1348452905
41349,280,876,4,1348533614
41350,280,771,3,1348435219
41351,280,772,3,1348533052
41352,280,878,5,1348435293
41353,280,3196,4,1348533299
41354,280,1218,4,1348532787
41355,280,5005,3,1348533391
41356,280,3344,5,1347605324
41357,280,777,4,1348531145
41358,280,885,5,1347605314
41359,280,3599,4,1348532036
41360,280,2119,3,1348434814
41361,280,3578,4,1348436476
41362,280,780,4,1348532750
41363,280,3146,3,1348533524
41364,280,4292,4,1348534032
41365,280,1227,4,1348456029
41366,280,2268,4,1348533492
41367,280,795,3,1348532436
41368,280,890,5,1348453771
41369,280,893,3,1348533373
41370,280,2286,4,1348436135
41371,280,3369,4,1348435030
41372,280,1892,4,1348433972
41373,280,2127,3,1348532957
41374,280,896,5,1348534235
41375,280,1894,4,1348533074
41376,280,1895,3,1348532066
41377,280,3375,4,1348533977
41378,280,1897,4,1348531901
41379,280,3385,3,1348533917
41380,280,1255,3,1348533018
41381,280,238,5,1348436408
41382,280,826,3,1348533342
41383,280,2320,4,1348434995
41384,280,2324,4,1348435014
41385,280,4186,4,1348534106
41386,280,900,3,1348532859
41387,280,901,4,1348531858
41388,280,2986,2,1348533588
41389,280,1905,5,1347605175
41390,280,2058,4,1347605247
41391,280,3415,4,1348534650
41392,280,1272,4,1351484667
41393,280,904,4,1347605286
41394,280,905,3,1348533936
41395,280,239,4,1348532588
41396,280,2351,4,1348533325
41397,280,1912,4,1348531916
41398,280,1056,4,1348532866
41399,280,6355,4,1347605268
41400,280,2130,4,1348433977
41401,280,3442,4,1348531337
41402,280,1916,4,1348531781
41403,280,913,4,1348533877
41404,280,1058,4,1348453276
41405,280,1290,3,1348531805
41406,280,2524,3,1348533281
41407,280,4530,3,1348533417
41408,280,3450,4,1348433958
41409,280,1293,4,1351485471
41410,280,5267,3,1348533907
41411,280,3517,4,1347605336
41412,280,1297,4,1348433982
41413,280,1060,4,1348531761
41414,280,6356,2,1348435158
41415,280,6357,4,1348435145
41416,280,5982,3,1348436209
41417,280,924,4,1348533858
41418,280,1922,5,1348533202
41419,280,6358,3,1347605299
41420,280,931,4,1348533851
41421,280,245,4,1348533076
41422,280,1153,3,1351485490
41423,280,933,5,1347605305
41424,280,935,4,1348434844
41425,280,6359,4,1348533431
41426,280,3485,5,1348453903
41427,280,2132,5,1352680789
41428,280,1940,3,1348533356
41429,280,943,4,1350193811
41430,280,3507,4,1351486130
41431,280,6360,4,1348436198
41432,280,944,4,1348533814
41433,280,1068,5,1351483660
41434,280,3163,4,1350193914
41435,280,1945,4,1348533329
41436,280,1947,1,1348533568
41437,280,3491,5,1352681062
41438,280,2412,5,1348624761
41439,281,569,3,1182999673
41440,281,22,2,1183000010
41441,281,2167,3,1183000124
41442,281,693,2,1182999667
41443,281,3284,3,1183000180
41444,281,3285,1,1183000187
41445,281,837,1,1182999688
41446,281,148,4,1183000508
41447,281,1003,3,1182999704
41448,281,185,3,1183000542
41449,281,2496,3,1183000278
41450,281,429,3,1183000490
41451,281,430,3,1183000631
41452,281,4091,3,1183000240
41453,281,870,3,1183000447
41454,281,3269,4,1183000271
41455,281,1226,3,1183000211
41456,281,780,4,1183000002
41457,281,2127,4,1183000177
41458,281,1256,4,1183000235
41459,281,900,4,1183000433
41460,282,1,4,1378495714
41461,282,3,4,1378497085
41462,282,487,3,1378497072
41463,282,491,4,1378491787
41464,282,496,4,1378490653
41465,282,260,4,1378488783
41466,282,293,4,1378497758
41467,282,5,4,1378489751
41468,282,1094,4,1514068400
41469,282,464,4,1378490387
41470,282,14,1,1378490516
41471,282,16,4,1378496939
41472,282,17,4,1378490071
41473,282,233,4,1378498469
41474,282,471,2,1378490475
41475,282,21,4,1378490366
41476,282,622,3,1378495702
41477,282,2548,3,1378488934
41478,282,27,4,1378495620
41479,282,28,4,1378490507
41480,282,29,5,1378489627
41481,282,671,3,1378497040
41482,282,323,4,1378497425
41483,282,479,4,1378490390
41484,282,34,3,1378496919
41485,282,35,4,1378490038
41486,282,481,3,1378490525
41487,282,38,3,1378490487
41488,282,723,4,1378490687
41489,282,43,3,1378496890
41490,282,1026,3,1378497937
41491,282,1028,5,1378489615
41492,282,336,3,1378490006
41493,282,45,5,1378495687
41494,282,46,1,1378490118
41495,282,863,4,1378497546
41496,282,61,4,1378490555
41497,282,343,4,1378497026
41498,282,62,4,1514068317
41499,282,63,5,1378490274
41500,282,68,5,1378490033
41501,282,1102,5,1378490003
41502,282,3704,2,1378489178
41503,282,1103,4,1378490129
41504,282,352,4,1378489980
41505,282,73,4,1378490160
41506,282,75,4,1378490607
41507,282,78,4,1378495314
41508,282,1137,5,1378489657
41509,282,79,4,1514068174
41510,282,82,4,1378490530
41511,282,84,4,1514068326
41512,282,85,4,1378495442
41513,282,86,5,1378490467
41514,282,91,5,1378488925
41515,282,866,4,1378495543
41516,282,364,4,1378491710
41517,282,99,4,1378495664
41518,282,102,4,1378495309
41519,282,727,4,1378495658
41520,282,728,4,1378495583
41521,282,1501,4,1378498441
41522,282,729,4,1378490649
41523,282,234,4,1378490576
41524,282,988,3,1378490504
41525,282,109,4,1378495532
41526,282,730,4,1378498766
41527,282,2091,5,1378491235
41528,282,1536,4,1378498129
41529,282,380,3,1378498594
41530,282,2039,4,1378497900
41531,282,116,4,1378497570
41532,282,1171,4,1378490589
41533,282,382,4,1378491779
41534,282,836,5,1378491571
41535,282,120,4,1378494985
41536,282,383,3,1378489639
41537,282,122,4,1378490303
41538,282,2678,3,1514068367
41539,282,135,4,1378495009
41540,282,1141,4,1378498169
41541,282,2184,4,1378491669
41542,282,145,4,1514068453
41543,282,147,4,1378491647
41544,282,148,4,1378495649
41545,282,1601,4,1378497437
41546,282,1606,5,1378489057
41547,282,1862,4,1514068504
41548,282,2913,4,1378489643
41549,282,4147,3,1378498608
41550,282,1622,3,1378517482
41551,282,160,4,1378497876
41552,282,3292,4,1378489648
41553,282,161,4,1378497173
41554,282,163,4,1378491812
41555,282,1627,4,1514069466
41556,282,166,4,1378491792
41557,282,167,5,1378490023
41558,282,400,4,1378490613
41559,282,181,4,1378491764
41560,282,735,4,1378489661
41561,282,402,4,1378490493
41562,282,1650,4,1378491768
41563,282,405,3,1378497019
41564,282,2587,4,1378497862
41565,282,183,4,1378497729
41566,282,185,4,1378490462
41567,282,2189,4,1378498828
41568,282,188,3,1378495561
41569,282,1180,4,1378497309
41570,282,191,4,1378488903
41571,282,193,4,1378495804
41572,282,195,4,1378498865
41573,282,198,4,1378490582
41574,282,2041,4,1514069484
41575,282,199,4,1514068482
41576,282,1142,5,1514068409
41577,282,201,3,1378497855
41578,282,736,4,1378497429
41579,282,204,4,1378498731
41580,282,1121,4,1514069510
41581,282,206,4,1514069404
41582,282,2200,4,1378499226
41583,282,1697,4,1378488967
41584,282,1143,3,1378497851
41585,282,1701,3,1378497846
41586,282,2494,4,1378497842
41587,282,423,4,1378497324
41588,282,1041,4,1514068105
41589,282,220,4,1378490537
41590,282,1015,3,1378488824
41591,282,1757,3,1514069464
41592,282,1188,2,1514069450
41593,282,4274,2,1514069632
41594,282,278,4,1378491761
41595,282,741,3,1378497826
41596,282,1190,4,1378498025
41597,282,2042,4,1514069687
41598,282,743,3,1514069440
41599,282,1043,4,1378497684
41600,282,1805,3,1514069437
41601,282,437,4,1378495527
41602,282,440,3,1514068298
41603,282,1876,4,1378495322
41604,282,445,4,1378490025
41605,282,446,5,1378491083
41606,282,447,4,1514069419
41607,282,1191,4,1378491774
41608,282,745,4,1378497581
41609,282,3315,4,1378833829
41610,282,1817,3,1378497822
41611,282,868,3,1514069444
41612,282,3243,5,1378489704
41613,282,1823,3,1514069458
41614,282,1825,4,1378491638
41615,282,1195,2,1514069471
41616,282,2123,4,1378497540
41617,282,4184,4,1378498454
41618,282,751,4,1514069519
41619,282,752,4,1378497432
41620,282,753,4,1378491801
41621,282,1832,4,1378496837
41622,282,755,5,1378491814
41623,282,2220,4,1514068522
41624,282,756,4,1378497817
41625,282,1842,4,1514069433
41626,282,757,4,1378495635
41627,282,1199,4,1378491740
41628,282,759,4,1378498797
41629,282,848,4,1514069456
41630,282,1202,4,1378491688
41631,282,2772,4,1514069536
41632,282,3652,3,1514069681
41633,282,857,4,1514069490
41634,282,766,5,1378491747
41635,282,1206,4,1378498756
41636,282,3616,4,1378489226
41637,282,3141,4,1378497543
41638,282,3189,3,1378498852
41639,282,1207,3,1378489053
41640,282,876,5,1378495304
41641,282,771,4,1378498775
41642,282,2514,4,1378495292
41643,282,2047,3,1378491796
41644,282,1215,4,1378491728
41645,282,772,4,1378488860
41646,282,235,3,1514068535
41647,282,3195,3,1514068553
41648,282,2966,3,1378497994
41649,282,1048,3,1378491703
41650,282,779,4,1378497133
41651,282,2049,4,1378497806
41652,282,784,4,1378491743
41653,282,2266,3,1378491654
41654,282,795,5,1378491699
41655,282,1232,4,1378497986
41656,282,891,4,1378497633
41657,282,801,4,1378497368
41658,282,1892,4,1378495725
41659,282,814,4,1514068425
41660,282,2053,4,1514070024
41661,282,897,4,1378491599
41662,282,5754,4,1378497305
41663,282,2307,4,1378491892
41664,282,1253,4,1378490706
41665,282,818,4,1378498387
41666,282,3385,3,1514068168
41667,282,2055,4,1378496631
41668,282,2128,4,1378491511
41669,282,4518,1,1378489528
41670,282,238,4,1378498161
41671,282,2317,4,1378494443
41672,282,1052,4,1378495886
41673,282,824,4,1378491580
41674,282,2320,4,1378494997
41675,282,2321,4,1378489418
41676,282,2323,4,1378496011
41677,282,1053,5,1378491514
41678,282,900,3,1378498783
41679,282,1905,4,1514070017
41680,282,903,4,1514068393
41681,282,1275,4,1378498156
41682,282,239,5,1378489945
41683,282,1055,3,1514068384
41684,282,1916,4,1378491621
41685,282,241,3,1514068432
41686,282,1297,4,1378491506
41687,282,927,4,1378498809
41688,282,928,2,1378488999
41689,282,245,4,1378495799
41690,282,1153,3,1378491678
41691,282,247,4,1378498236
41692,282,250,4,1514068391
41693,282,955,3,1378490813
41694,282,253,4,1514068354
41695,282,1085,4,1514068388
41696,282,1373,4,1514068476
41697,283,1,3,901227602
41698,283,463,1,901228254
41699,283,5833,3,901228285
41700,283,2664,4,901228313
41701,283,6,3,901228337
41702,283,519,4,901228470
41703,283,8,5,901227664
41704,283,525,1,901228396
41705,283,464,5,901227857
41706,283,233,5,901227554
41707,283,21,5,901228020
41708,283,28,3,901228285
41709,283,828,3,901228523
41710,283,671,2,901228364
41711,283,35,4,901227415
41712,283,37,4,901227779
41713,283,1424,4,901228418
41714,283,1430,3,901228470
41715,283,1431,4,901228494
41716,283,2444,3,901227633
41717,283,2174,3,901227469
41718,283,1100,2,901227633
41719,283,74,4,901227886
41720,283,85,3,901228085
41721,283,2420,3,901227554
41722,283,98,2,901228155
41723,283,99,4,901228396
41724,283,3224,3,901228155
41725,283,1494,2,901228364
41726,283,102,4,901228155
41727,283,366,2,901228045
41728,283,234,5,901227857
41729,283,991,4,901227202
41730,283,1560,3,901228470
41731,283,2680,3,901228254
41732,284,482,4,832699451
41733,284,487,4,832699451
41734,284,490,4,832699795
41735,284,493,4,832786975
41736,284,3605,1,832699760
41737,284,292,3,832699760
41738,284,293,5,832699723
41739,284,463,3,832786975
41740,284,972,3,832699890
41741,284,4,3,832695534
41742,284,516,5,832699673
41743,284,519,5,832695327
41744,284,8,5,832699616
41745,284,521,4,832699795
41746,284,526,3,832699698
41747,284,464,2,832695048
41748,284,465,3,832695146
41749,284,532,5,832695146
41750,284,533,1,832699656
41751,284,1027,3,832699890
41752,284,1405,4,832699863
41753,284,540,1,832699656
41754,284,541,4,832787043
41755,284,550,4,832699760
41756,284,12,4,832786827
41757,284,13,5,832786477
41758,284,557,3,832786529
41759,284,14,4,832695208
41760,284,15,3,832786349
41761,284,561,4,832787043
41762,284,562,5,832787106
41763,284,566,4,832786436
41764,284,569,4,832786477
41765,284,3218,3,832787305
41766,284,571,3,832787043
41767,284,575,4,832787208
41768,284,5693,3,832787305
41769,284,580,3,832787106
41770,284,17,4,832695048
41771,284,591,4,832699864
41772,284,18,4,832695208
41773,284,233,4,832695208
41774,284,599,4,832699947
41775,284,600,3,832695208
41776,284,19,4,832786529
41777,284,1409,4,832699723
41778,284,605,4,832786477
41779,284,310,3,832787162
41780,284,471,5,832695146
41781,284,312,4,832786406
41782,284,20,3,832695146
41783,284,313,3,832787208
41784,284,611,3,832695327
41785,284,613,3,832786599
41786,284,21,5,832695327
41787,284,314,4,832786307
41788,284,23,5,832786307
41789,284,619,2,832786406
41790,284,973,4,832699656
41791,284,622,5,832699616
41792,284,473,4,832695048
41793,284,474,3,832786349
41794,284,2548,4,832787162
41795,284,629,3,832786827
41796,284,1414,3,832786975
41797,284,633,3,832786975
41798,284,2551,3,832786406
41799,284,634,4,832699673
41800,284,635,4,832786975
41801,284,637,4,832786307
41802,284,1157,4,832699673
41803,284,26,4,832699616
41804,284,475,4,832699616
41805,284,27,5,832699656
41806,284,648,3,832699795
41807,284,28,5,832786349
41808,284,660,3,832786529
41809,284,322,4,832786436
41810,284,31,3,832699656
41811,284,2501,4,832786436
41812,284,323,5,832695146
41813,284,479,5,832695327
41814,284,33,4,832695048
41815,284,34,5,832695048
41816,284,324,4,832695208
41817,284,677,4,832787305
41818,284,684,3,832699760
41819,284,42,4,832695534
41820,285,1094,5,1451151304
41821,285,17,4,1449625911
41822,285,25,5,1449626030
41823,285,475,3,1476723524
41824,285,1028,5,1454214716
41825,285,1438,5,1459570730
41826,285,333,5,1468964288
41827,285,336,5,1456669687
41828,285,3544,4,1459365477
41829,285,266,2,1451151629
41830,285,347,3,1449626065
41831,285,2428,5,1453074758
41832,285,1102,5,1451151153
41833,285,77,4,1449626163
41834,285,865,5,1449625781
41835,285,1107,5,1463965523
41836,285,1111,4,1465184741
41837,285,1456,2,1483031785
41838,285,361,4,1453074881
41839,285,1461,4,1451151233
41840,285,234,4,1449973307
41841,285,2401,4,1453940840
41842,285,382,5,1482942272
41843,285,1653,4,1451152421
41844,285,3235,3,1451151378
41845,285,4684,4,1468964357
41846,285,423,2,1449626093
41847,285,429,2,1451151737
41848,285,6361,3,1482942247
41849,285,868,2,1449626143
41850,285,1206,4,1451152122
41851,285,1214,4,1449625819
41852,285,5426,3,1451151808
41853,285,4752,3,1452364041
41854,285,962,4,1481688143
41855,285,6362,3,1458927778
41856,286,3,4,1119563039
41857,286,485,3,1119562096
41858,286,463,3,1119562094
41859,286,4,5,1119562911
41860,286,6,3,1119563855
41861,286,8,5,1119562267
41862,286,464,4,1119562848
41863,286,528,3,1119561389
41864,286,532,4,1119562884
41865,286,540,4,1119563004
41866,286,17,5,1119562836
41867,286,604,3,1119563404
41868,286,21,4,1119562840
41869,286,472,5,1119562056
41870,286,315,3,1119562060
41871,286,622,4,1119562872
41872,286,639,4,1119562992
41873,286,640,4,1119561665
41874,286,28,3,1119562073
41875,286,657,4,1119563328
41876,286,320,3,1119563324
41877,286,29,4,1119562867
41878,286,322,4,1119562988
41879,286,35,4,1119561929
41880,286,481,3,1119562925
41881,286,1159,3,1119563488
41882,286,1160,3,1119563354
41883,286,1135,4,1119562027
41884,286,720,5,1119561637
41885,286,62,4,1119562012
41886,286,864,3,1119561544
41887,286,66,4,1119562950
41888,286,349,3,1119563360
41889,286,1102,4,1119563048
41890,286,84,4,1119563459
41891,286,1461,4,1119561537
41892,286,978,3,1119563683
41893,286,94,3,1119561987
41894,286,1476,3,1119562001
41895,286,1031,2,1119563220
41896,286,101,3,1119561997
41897,286,102,3,1119563030
41898,286,106,4,1119561408
41899,286,729,4,1119563515
41900,286,988,1,1119561957
41901,286,109,3,1119563725
41902,286,3022,3,1119561610
41903,286,731,4,1119563447
41904,286,379,3,1119561952
41905,286,1171,3,1119561962
41906,286,118,3,1119563649
41907,286,1034,3,1119561414
41908,286,122,4,1119562941
41909,286,1593,3,1119561594
41910,286,148,5,1119563889
41911,286,1115,4,1119561633
41912,286,167,4,1119562496
41913,286,1001,3,1119561590
41914,286,179,3,1119561966
41915,286,1179,1,1119563415
41916,286,1643,3,1119563463
41917,286,401,3,1119561974
41918,286,402,5,1119563021
41919,286,193,5,1119563319
41920,286,1670,3,1119564174
41921,286,198,4,1119563197
41922,286,204,5,1119561345
41923,286,422,3,1119563702
41924,286,423,3,1119563744
41925,286,1039,4,1119562218
41926,286,220,3,1119563209
41927,286,429,3,1119563668
41928,286,742,4,1119562355
41929,286,1022,5,1119562201
41930,286,1043,4,1119563748
41931,286,440,4,1119561910
41932,286,3312,2,1119564146
41933,286,1023,4,1119562191
41934,286,445,4,1119561938
41935,286,745,3,1119563380
41936,286,1146,2,1119562175
41937,286,1823,0,1119562164
41938,286,1829,5,1119562433
41939,286,1831,4,1119562155
41940,286,753,4,1119563928
41941,286,1126,5,1119561934
41942,286,2404,3,1119564163
41943,286,754,4,1119563396
41944,286,755,5,1119563940
41945,286,756,5,1119562120
41946,286,757,3,1119563839
41947,286,759,2,1119563813
41948,286,765,4,1119563664
41949,286,766,3,1119563922
41950,286,6363,5,1119562564
41951,286,3191,3,1119564143
41952,286,769,1,1119564154
41953,286,1209,3,1119562113
41954,286,876,5,1119561558
41955,286,771,4,1119562462
41956,286,772,3,1119562127
41957,286,235,5,1119561709
41958,286,775,5,1119561518
41959,286,1130,5,1119562533
41960,286,1048,5,1119563956
41961,286,795,4,1119563900
41962,287,491,2,1110229950
41963,287,2069,4,1110231627
41964,287,1401,1,1110229874
41965,287,5,3,1110230077
41966,287,505,2,1110231040
41967,287,7,4,1110231576
41968,287,8,1,1110230585
41969,287,533,1,1110229852
41970,287,829,4,1110230894
41971,287,13,2,1110231023
41972,287,307,5,1110231301
41973,287,604,4,1110230592
41974,287,613,0,1110231294
41975,287,619,1,1110229865
41976,287,633,0,1110229803
41977,287,25,4,1110231272
41978,287,2426,4,1110231536
41979,287,29,4,1110231030
41980,287,662,2,1110230732
41981,287,1420,4,1110230096
41982,287,828,1,1110230579
41983,287,37,4,1110231586
41984,287,38,1,1110230082
41985,287,1424,4,1110231270
41986,287,2427,1,1110231019
41987,287,695,2,1110231279
41988,287,1435,1,1110229816
41989,287,1162,3,1110231572
41990,287,64,3,1110229868
41991,287,725,0,1110229962
41992,287,68,4,1110230101
41993,287,1102,3,1110230026
41994,287,70,3,1110230018
41995,287,72,2,1110230054
41996,287,73,3,1110231633
41997,287,86,3,1110231004
41998,287,1467,0,1110231235
41999,287,1469,0,1110229895
42000,287,1470,0,1110230166
42001,287,1474,0,1110228487
42002,287,995,1,1110230163
42003,287,1476,2,1110231226
42004,287,4051,3,1110231233
42005,287,1485,0,1110228283
42006,287,98,2,1110230013
42007,287,99,1,1110230992
42008,287,1031,4,1110230986
42009,287,1009,2,1110228478
42010,287,107,0,1110230156
42011,287,729,3,1110231211
42012,287,109,3,1110231549
42013,287,2672,3,1110230861
42014,287,110,3,1110230033
42015,287,730,2,1110230998
42016,287,731,0,1110229936
42017,287,1536,4,1110231598
42018,287,382,4,1110230043
42019,287,1540,0,1110230274
42020,287,120,1,1110230569
42021,287,122,3,1110230041
42022,287,1035,0,1110230030
42023,287,135,1,1110229808
42024,287,142,4,1110229938
42025,287,143,3,1110231197
42026,287,2681,1,1110230848
42027,287,147,4,1110230059
42028,287,5499,2,1110230260
42029,287,5101,0,1110230841
42030,287,154,2,1110231609
42031,287,1178,0,1110230120
42032,287,3292,0,1110230119
42033,287,2580,1,1110230133
42034,287,399,4,1110231612
42035,287,5831,2,1110230823
42036,287,179,2,1110231518
42037,287,1643,1,1110230372
42038,287,5826,3,1110230661
42039,287,402,2,1110230979
42040,287,405,1,1110229799
42041,287,183,3,1110229941
42042,287,1653,3,1110231187
42043,287,2189,4,1110231625
42044,287,1180,3,1110230381
42045,287,193,4,1110230576
42046,287,3231,4,1110230111
42047,287,198,4,1110231559
42048,287,1671,0,1110230127
42049,287,199,4,1110230672
42050,287,200,1,1110230669
42051,287,415,4,1110231551
42052,287,420,3,1110230245
42053,287,1714,3,1110230815
42054,287,2122,4,1110231553
42055,287,220,2,1110230361
42056,287,229,0,1110229966
42057,287,1765,0,1110230652
42058,287,430,4,1110231543
42059,287,740,1,1110230137
42060,287,1797,2,1110231136
42061,287,278,5,1110230113
42062,287,437,4,1110231526
42063,287,440,3,1110229899
42064,287,3239,0,1110230796
42065,287,4935,3,1110230348
42066,287,1813,0,1110231109
42067,287,745,1,1110229957
42068,287,5354,5,1110231622
42069,287,1829,4,1110231105
42070,287,1125,4,1110231491
42071,287,2044,1,1110231619
42072,287,4159,1,1110230783
42073,287,753,2,1110230650
42074,287,1126,5,1110231126
42075,287,1832,5,1110231544
42076,287,754,4,1110229952
42077,287,869,0,1110230207
42078,287,1198,2,1110230643
42079,287,758,1,1110231081
42080,287,2955,4,1110231595
42081,287,5152,2,1110230931
42082,287,5511,2,1110230213
42083,287,763,4,1110230066
42084,287,1849,1,1110230614
42085,287,2046,5,1110231094
42086,287,2125,4,1110231568
42087,287,5495,0,1110230329
42088,287,764,1,1110231088
42089,287,6364,3,1110230202
42090,287,856,3,1110230601
42091,287,765,4,1110229889
42092,287,766,2,1110230105
42093,287,4851,5,1110230764
42094,287,3189,3,1110230753
42095,287,3192,5,1110231591
42096,287,3193,4,1110230760
42097,287,2236,2,1110230222
42098,287,2237,2,1110230621
42099,287,4123,5,1110231532
42100,287,2047,5,1110230073
42101,287,2963,1,1110230218
42102,287,3195,3,1110230182
42103,287,3196,1,1110230189
42104,287,5879,0,1110230335
42105,287,6234,0,1110231070
42106,287,2254,0,1110231045
42107,287,780,4,1110230596
42108,287,781,1,1110230292
42109,287,2049,4,1110231540
42110,287,2268,4,1110230304
42111,287,792,5,1110231507
42112,287,794,1,1110230299
42113,287,6260,1,1110231056
42114,288,1,4,1054568869
42115,288,482,2,978467973
42116,288,2,4,975691635
42117,288,484,2,978622571
42118,288,487,3,978465794
42119,288,1400,2,978622871
42120,288,489,2,978469581
42121,288,492,3,1054569627
42122,288,292,4,975693063
42123,288,293,5,975692000
42124,288,461,4,975693063
42125,288,500,3,976122034
42126,288,4,3,1054568985
42127,288,1401,2,978469623
42128,288,4699,3,979163671
42129,288,511,3,1174395882
42130,288,516,1,978466299
42131,288,8,5,975691339
42132,288,1094,3,1232897523
42133,288,298,3,1238944392
42134,288,525,3,978559524
42135,288,464,3,976120962
42136,288,9,4,1079984467
42137,288,465,2,978466567
42138,288,528,2,978468237
42139,288,531,3,979163888
42140,288,548,3,1054569172
42141,288,14,3,978560031
42142,288,15,5,975693028
42143,288,563,2,978469664
42144,288,2433,4,976121315
42145,288,466,4,976124491
42146,288,571,3,985631666
42147,288,16,5,976137780
42148,288,468,3,975691610
42149,288,578,2,976124938
42150,288,17,5,978647227
42151,288,598,3,978470241
42152,288,233,5,976120853
42153,288,600,3,1054569431
42154,288,604,3,1054568988
42155,288,605,3,976140436
42156,288,471,3,978559935
42157,288,20,3,978465686
42158,288,612,4,976121241
42159,288,613,3,978470481
42160,288,21,5,976139988
42161,288,22,3,976140436
42162,288,472,3,978469358
42163,288,23,2,978559595
42164,288,619,3,1054568955
42165,288,622,3,976139931
42166,288,473,3,976139964
42167,288,626,2,985625113
42168,288,474,3,1112210377
42169,288,628,3,976121219
42170,288,1414,2,978622615
42171,288,633,2,978622726
42172,288,637,3,1054568620
42173,288,26,3,985626825
42174,288,643,3,978466496
42175,288,475,3,978465565
42176,288,27,2,975691429
42177,288,28,3,978559881
42178,288,660,1,978622655
42179,288,661,3,976122015
42180,288,29,5,976120853
42181,288,478,4,976121266
42182,288,322,3,978559702
42183,288,1095,4,975691813
42184,288,1420,4,978469847
42185,288,32,3,1014821680
42186,288,670,3,978470345
42187,288,2501,3,978559935
42188,288,828,3,978560086
42189,288,671,3,976139854
42190,288,323,4,978469358
42191,288,479,4,976139234
42192,288,33,5,978467753
42193,288,34,3,976138271
42194,288,35,5,976120853
42195,288,480,4,1079984321
42196,288,324,4,978469199
42197,288,36,3,1054568961
42198,288,481,3,976140083
42199,288,37,4,976120867
42200,288,674,3,978469502
42201,288,261,3,980535269
42202,288,38,1,975691508
42203,288,39,3,1054568916
42204,288,262,3,978466670
42205,288,687,2,978470241
42206,288,41,3,978465766
42207,288,42,2,978468441
42208,288,723,3,1054569331
42209,288,691,2,980535650
42210,288,43,1,974759525
42211,288,693,3,978469455
42212,288,1026,2,978560086
42213,288,1430,5,978559642
42214,288,1431,2,976139489
42215,288,697,3,976122092
42216,288,5021,3,1048089678
42217,288,702,3,978559679
42218,288,1437,2,976138891
42219,288,708,2,975692280
42220,288,331,4,976139656
42221,288,333,4,985626767
42222,288,334,3,975691307
42223,288,336,4,976139635
42224,288,45,3,1054568911
42225,288,337,3,976139692
42226,288,46,3,1054569504
42227,288,724,5,976139234
42228,288,5496,3,978467717
42229,288,2395,4,1066059673
42230,288,6365,3,1071523563
42231,288,3169,3,976138704
42232,288,2143,3,976139709
42233,288,714,3,978467651
42234,288,715,2,976121412
42235,288,2666,1,978470575
42236,288,5703,3,1054569369
42237,288,6366,3,985625095
42238,288,50,3,978468314
42239,288,1769,3,1054568488
42240,288,2898,3,976120488
42241,288,1770,3,1054568453
42242,288,1771,3,978469957
42243,288,1772,2,978468237
42244,288,1447,3,1054569680
42245,288,3281,4,978467780
42246,288,3282,3,976139342
42247,288,1161,3,978559784
42248,288,1448,3,978470345
42249,288,1774,3,978469358
42250,288,51,5,978469199
42251,288,52,2,978469502
42252,288,53,2,978469270
42253,288,2446,2,976121963
42254,288,863,4,976120723
42255,288,54,3,978469270
42256,288,55,3,978468237
42257,288,56,3,978467836
42258,288,57,4,978469358
42259,288,1775,3,975691369
42260,288,1135,3,976138177
42261,288,58,3,978559702
42262,288,720,3,978647358
42263,288,721,2,978469581
42264,288,61,4,1079984414
42265,288,5051,3,978559210
42266,288,343,5,975692448
42267,288,62,5,976120173
42268,288,2144,3,978559568
42269,288,344,4,978647266
42270,288,64,4,1054568506
42271,288,266,4,976122034
42272,288,346,4,976121145
42273,288,66,5,975691813
42274,288,725,3,976138347
42275,288,2998,4,976120241
42276,288,5705,2,1028746767
42277,288,67,3,975691813
42278,288,6367,2,976138852
42279,288,1451,2,978467717
42280,288,5829,2,976138733
42281,288,3701,3,978559764
42282,288,68,5,976120146
42283,288,1100,4,1071523220
42284,288,348,3,976121042
42285,288,1101,3,980534759
42286,288,1102,5,979163450
42287,288,3704,1,976120462
42288,288,69,4,1079984551
42289,288,70,4,975692427
42290,288,71,5,976138178
42291,288,351,4,975691813
42292,288,1029,3,975691813
42293,288,1103,4,978465510
42294,288,2396,5,978467527
42295,288,72,4,976139234
42296,288,73,4,1220235736
42297,288,74,4,1066059692
42298,288,75,4,976120925
42299,288,76,3,976137780
42300,288,1452,4,975692000
42301,288,77,5,976138527
42302,288,78,3,1054568476
42303,288,79,3,976138178
42304,288,354,4,979163436
42305,288,2416,3,979163628
42306,288,1139,3,1054569310
42307,288,82,3,975691813
42308,288,2397,4,976138178
42309,288,726,3,979163971
42310,288,865,4,976139635
42311,288,355,3,1079984160
42312,288,1107,3,1054568473
42313,288,2176,3,976139271
42314,288,83,4,978559002
42315,288,1454,2,975692503
42316,288,84,3,976138558
42317,288,356,3,1054569635
42318,288,1109,4,1054568814
42319,288,2145,4,978467527
42320,288,268,4,1054569462
42321,288,85,4,1054568242
42322,288,357,4,985625052
42323,288,1455,4,1079984349
42324,288,86,5,975691813
42325,288,269,3,980531791
42326,288,87,2,976138271
42327,288,1111,4,976120665
42328,288,88,4,976120173
42329,288,89,3,1079984166
42330,288,359,3,985625052
42331,288,3705,2,975691508
42332,288,2146,4,978465510
42333,288,360,4,976120531
42334,288,3706,2,980535336
42335,288,90,5,1052234887
42336,288,3283,3,976120146
42337,288,1457,4,1079984469
42338,288,91,3,979164440
42339,288,1113,4,985626611
42340,288,270,3,979163904
42341,288,361,4,976120665
42342,288,866,4,1054568299
42343,288,2751,2,975692141
42344,288,4057,2,976138615
42345,288,6186,1,975691588
42346,288,1462,2,976138704
42347,288,2558,3,985626899
42348,288,1464,3,976138675
42349,288,1030,2,976138704
42350,288,2903,3,976138615
42351,288,1166,4,1066059696
42352,288,994,3,1054569550
42353,288,1468,3,978470103
42354,288,271,3,976138069
42355,288,1469,3,1054569602
42356,288,1470,2,1088172808
42357,288,1167,4,975691843
42358,288,1140,3,1054569512
42359,288,1471,4,975691843
42360,288,93,3,978465895
42361,288,1474,2,976120462
42362,288,2147,5,976137780
42363,288,3015,2,976138118
42364,288,6368,1,976138444
42365,288,362,4,975692160
42366,288,2420,3,976121080
42367,288,1475,4,975692427
42368,288,94,3,978647358
42369,288,95,3,976139738
42370,288,1477,2,978559784
42371,288,2086,3,1054568577
42372,288,1485,4,1079984539
42373,288,1487,3,978466742
42374,288,98,3,1034954703
42375,288,2563,3,1020191629
42376,288,3285,2,976124794
42377,288,1031,4,975692044
42378,288,1168,3,974759497
42379,288,1776,3,1054568345
42380,288,1489,3,978622551
42381,288,100,4,978465895
42382,288,1492,2,978466742
42383,288,1493,3,978469502
42384,288,101,2,975692084
42385,288,102,4,975691479
42386,288,727,4,975692044
42387,288,103,4,976138347
42388,288,1496,3,978618962
42389,288,1497,3,976139556
42390,288,2148,1,978470200
42391,288,1499,2,976139534
42392,288,728,3,978465510
42393,288,1500,4,978559977
42394,288,985,3,985626694
42395,288,104,4,1079984490
42396,288,105,3,978647433
42397,288,366,4,1048089665
42398,288,3019,3,978560009
42399,288,1032,4,975692044
42400,288,6369,3,979164091
42401,288,1504,3,976120587
42402,288,1505,3,978618982
42403,288,2461,2,975691402
42404,288,834,4,980531756
42405,288,729,4,976121063
42406,288,987,3,1054568931
42407,288,234,3,1054569184
42408,288,2088,2,976121997
42409,288,5111,3,978469957
42410,288,988,3,976121266
42411,288,1514,2,976140410
42412,288,109,5,978559623
42413,288,1515,2,1246852265
42414,288,1516,4,975692000
42415,288,1517,2,978466058
42416,288,730,3,1054569243
42417,288,1521,2,978468441
42418,288,5146,2,1096478368
42419,288,1526,3,978468314
42420,288,2904,3,974759525
42421,288,372,3,978471420
42422,288,1033,3,1103647777
42423,288,1535,3,978469795
42424,288,114,3,978469581
42425,288,379,4,1054568296
42426,288,1170,2,976138804
42427,288,380,3,976139738
42428,288,2038,4,979163463
42429,288,2039,4,976137780
42430,288,116,5,976137780
42431,288,3225,3,1054569482
42432,288,4900,4,979163941
42433,288,4175,3,975692634
42434,288,2092,4,979163872
42435,288,1171,3,979163735
42436,288,3503,4,979164016
42437,288,3138,4,1079984319
42438,288,382,3,975692503
42439,288,5112,1,975691706
42440,288,4062,1,976138852
42441,288,2999,4,976138615
42442,288,6370,2,976139017
42443,288,6371,2,1054569651
42444,288,1543,3,976138577
42445,288,6372,2,976139036
42446,288,118,3,975692577
42447,288,1034,2,976120623
42448,288,992,2,978559860
42449,288,1544,4,975692736
42450,288,1545,3,976138733
42451,288,119,3,978467899
42452,288,3023,3,976139366
42453,288,836,4,1066059497
42454,288,120,3,1054569091
42455,288,5199,3,976138069
42456,288,1546,2,976120462
42457,288,1547,3,976120723
42458,288,1548,3,976120488
42459,288,121,3,978469270
42460,288,3060,4,979163695
42461,288,2183,3,975691904
42462,288,122,3,1054569131
42463,288,123,3,975691564
42464,288,1550,3,976139469
42465,288,5497,3,976120692
42466,288,1553,3,976120462
42467,288,6373,3,978467899
42468,288,124,3,975692114
42469,288,6000,2,978622692
42470,288,5114,2,976120488
42471,288,1556,2,978470103
42472,288,1557,3,975692226
42473,288,126,3,1054568597
42474,288,6374,3,976120488
42475,288,6375,3,978468314
42476,288,2678,3,1054568910
42477,288,1559,3,975692602
42478,288,997,3,975692853
42479,288,4902,3,1054569077
42480,288,128,3,976120692
42481,288,272,3,976139964
42482,288,1035,3,975692634
42483,288,1779,3,978470103
42484,288,1036,3,978469455
42485,288,1780,3,978469358
42486,288,1781,3,978469455
42487,288,129,3,978469502
42488,288,5017,2,978470309
42489,288,131,3,975692141
42490,288,6376,3,1054568986
42491,288,132,3,978469199
42492,288,1563,3,976138675
42493,288,6377,3,976120738
42494,288,133,4,978467753
42495,288,998,4,975692602
42496,288,134,3,975691905
42497,288,1564,3,975693081
42498,288,385,3,1048089667
42499,288,1565,3,978559524
42500,288,1566,4,975692683
42501,288,2465,3,1079984731
42502,288,4146,3,980534778
42503,288,135,3,1054569544
42504,288,136,3,1068837311
42505,288,4064,2,976139309
42506,288,1567,4,1054568235
42507,288,6378,2,976122092
42508,288,2712,2,976138991
42509,288,4065,1,985627198
42510,288,1568,2,978469623
42511,288,2680,3,978471477
42512,288,1569,3,975692736
42513,288,1570,3,975692757
42514,288,1782,3,975691611
42515,288,3508,3,976120723
42516,288,137,3,978469358
42517,288,138,3,978469199
42518,288,139,3,975692782
42519,288,2150,3,978469623
42520,288,1572,3,1079984734
42521,288,2570,2,979164730
42522,288,5604,2,980535951
42523,288,387,3,975692634
42524,288,5718,2,978622840
42525,288,6379,2,975692853
42526,288,142,3,1054569066
42527,288,5200,3,1054568342
42528,288,1141,3,976138271
42529,288,2572,3,1172757996
42530,288,6380,2,978559841
42531,288,1581,3,976139738
42532,288,1583,3,975692708
42533,288,1584,3,975692427
42534,288,6381,2,975692853
42535,288,6382,2,975692708
42536,288,3027,3,976120798
42537,288,147,3,1112210147
42538,288,1593,3,1198509994
42539,288,838,3,1054568501
42540,288,2402,3,975692757
42541,288,2152,3,975691905
42542,288,3227,3,979163988
42543,288,3173,3,980531720
42544,288,3228,2,1002652115
42545,288,1597,2,978471629
42546,288,392,3,1054569590
42547,288,148,4,1103647817
42548,288,393,3,1048089675
42549,288,6383,3,976137780
42550,288,2575,3,975692503
42551,288,1601,3,978469358
42552,288,395,4,978471305
42553,288,6384,2,1050510953
42554,288,5121,3,976138118
42555,288,1602,3,975692782
42556,288,1603,1,975692661
42557,288,1604,1,975692824
42558,288,5720,2,978466567
42559,288,1605,2,980536086
42560,288,1606,2,978559977
42561,288,1861,2,976138347
42562,288,1862,1,975692782
42563,288,2913,1,975692940
42564,288,2914,1,975692910
42565,288,3642,3,1054569025
42566,288,2469,4,978647301
42567,288,1607,3,1054569433
42568,288,154,3,1079984198
42569,288,1609,4,975693028
42570,288,6385,3,978469912
42571,288,3229,3,985625095
42572,288,1863,1,978466832
42573,288,1864,2,976138399
42574,288,2576,1,978467133
42575,288,2121,3,975692803
42576,288,155,3,975692634
42577,288,1610,3,1054568795
42578,288,1173,3,976138118
42579,288,1174,2,976138374
42580,288,1175,1,976138420
42581,288,1176,1,976125031
42582,288,156,3,976138321
42583,288,1612,3,978559784
42584,288,1613,4,975692736
42585,288,1177,3,980535490
42586,288,999,2,976138399
42587,288,1614,2,975692661
42588,288,274,3,976140123
42589,288,157,3,976121042
42590,288,3028,3,976124555
42591,288,158,1,975691962
42592,288,2916,3,1026309838
42593,288,1618,3,975691479
42594,288,4069,1,975691680
42595,288,1619,3,975692910
42596,288,159,2,976138891
42597,288,6386,3,976139174
42598,288,6387,3,976139074
42599,288,1620,3,975692602
42600,288,160,3,1054569536
42601,288,3292,3,975692884
42602,288,5722,2,975692853
42603,288,1624,4,976140083
42604,288,6193,1,975692259
42605,288,2471,4,979163601
42606,288,163,3,1124723665
42607,288,6194,4,976138852
42608,288,1626,2,976120623
42609,288,2917,2,976138069
42610,288,5185,2,1050511089
42611,288,5500,3,976138026
42612,288,164,3,976138026
42613,288,165,5,976139309
42614,288,2153,2,976138118
42615,288,5122,2,976138069
42616,288,2154,2,976138118
42617,288,2918,2,976138069
42618,288,5725,2,976138069
42619,288,5726,1,978468828
42620,288,1627,3,1079984108
42621,288,4222,4,980535429
42622,288,3294,2,978559568
42623,288,167,3,975692000
42624,288,2921,1,976138321
42625,288,2922,2,975691939
42626,288,170,3,978466248
42627,288,171,2,978465833
42628,288,172,4,975692084
42629,288,173,3,1054569165
42630,288,174,3,975691873
42631,288,1636,2,976138420
42632,288,1637,2,975691962
42633,288,178,2,975691588
42634,288,3295,3,1026309807
42635,288,2925,4,976138507
42636,288,1638,3,1079984092
42637,288,1640,3,978469502
42638,288,1641,4,975692114
42639,288,734,2,1068837662
42640,288,1643,4,976138704
42641,288,181,3,975692448
42642,288,735,2,975692853
42643,288,1644,2,976138991
42644,288,1645,2,978467184
42645,288,3296,3,979163780
42646,288,5063,3,1079984190
42647,288,3068,4,980531740
42648,288,5123,3,979163816
42649,288,3031,3,1054569580
42650,288,182,4,1050509853
42651,288,402,3,985626767
42652,288,404,4,978559623
42653,288,5065,3,976120241
42654,288,5728,1,978622950
42655,288,1650,4,976120173
42656,288,405,4,975692577
42657,288,3606,3,1054569556
42658,288,2490,2,978622634
42659,288,2587,3,1246852248
42660,288,2588,2,975692782
42661,288,183,4,975692503
42662,288,1653,5,1052234766
42663,288,2589,2,978619022
42664,288,6195,3,978470241
42665,288,275,2,1020369199
42666,288,6388,4,980534725
42667,288,1659,3,978469199
42668,288,5066,3,1050509774
42669,288,6389,3,980534725
42670,288,1661,3,975692661
42671,288,2592,4,978467563
42672,288,186,3,976138178
42673,288,2473,3,976124871
42674,288,2593,4,976120962
42675,288,840,2,976139469
42676,288,6390,2,976139017
42677,288,6391,3,976139126
42678,288,1667,3,975692448
42679,288,188,3,975692044
42680,288,1180,3,1054568946
42681,288,6017,3,979163941
42682,288,408,3,985625074
42683,288,3033,3,985625095
42684,288,189,3,978465510
42685,288,5067,3,976120692
42686,288,190,4,978465510
42687,288,191,3,978465565
42688,288,192,3,1054569001
42689,288,1181,3,1079984727
42690,288,193,3,1054569349
42691,288,3231,3,1054568370
42692,288,5314,2,980531349
42693,288,194,4,975691873
42694,288,195,3,978467651
42695,288,1866,3,976138347
42696,288,1867,3,976138321
42697,288,196,4,976138026
42698,288,197,3,978465686
42699,288,198,4,975693028
42700,288,2041,4,988139114
42701,288,6392,3,985627023
42702,288,1672,3,976138733
42703,288,4080,3,976138615
42704,288,2191,2,976124761
42705,288,199,4,975691905
42706,288,200,3,978469358
42707,288,5606,2,978467836
42708,288,2157,5,1054568261
42709,288,1142,3,975692577
42710,288,1677,3,976120241
42711,288,411,3,1020369071
42712,288,1678,3,975692824
42713,288,5746,2,978469623
42714,288,412,4,976121187
42715,288,1682,3,975691843
42716,288,3233,3,985625074
42717,288,1183,3,1054569630
42718,288,1684,1,1246852276
42719,288,1685,3,975692736
42720,288,5772,4,979163436
42721,288,2595,3,979163780
42722,288,2192,5,976121187
42723,288,1686,3,985626994
42724,288,1687,3,1079984171
42725,288,2193,3,979163846
42726,288,2194,2,976121412
42727,288,1120,5,976139804
42728,288,736,4,1198509976
42729,288,2928,3,1046792281
42730,288,204,3,976120999
42731,288,1038,3,1068837113
42732,288,1786,3,1246852316
42733,288,1787,3,994188054
42734,288,6393,2,1020191538
42735,288,5075,3,980531871
42736,288,205,4,978467717
42737,288,2195,3,980531690
42738,288,1121,3,976121241
42739,288,416,4,975692044
42740,288,206,3,976121431
42741,288,1788,3,1054568451
42742,288,2197,5,979163834
42743,288,417,3,985626839
42744,288,277,3,976120587
42745,288,1692,3,978469157
42746,288,4177,3,976120215
42747,288,208,3,978647508
42748,288,2199,2,976121266
42749,288,209,3,1246852268
42750,288,418,4,976121389
42751,288,2201,3,978465766
42752,288,2202,3,976120906
42753,288,1143,4,978559499
42754,288,1700,2,975692114
42755,288,2203,4,976121109
42756,288,1702,3,975692708
42757,288,6394,2,978622593
42758,288,419,4,1054568461
42759,288,6395,2,980536052
42760,288,4745,3,985626627
42761,288,6396,3,978470103
42762,288,2493,4,980531653
42763,288,737,2,984417045
42764,288,3505,4,1054568632
42765,288,2205,3,1016470252
42766,288,1706,3,1054569393
42767,288,2494,3,1079984111
42768,288,2403,5,976120215
42769,288,6397,3,976139738
42770,288,1712,4,976120173
42771,288,1713,3,975692634
42772,288,1717,4,976121165
42773,288,1718,5,976120173
42774,288,1719,3,978471262
42775,288,214,2,976138374
42776,288,215,3,1054569073
42777,288,216,4,975691588
42778,288,1722,4,976139271
42779,288,1723,4,976138615
42780,288,423,3,991141864
42781,288,1725,2,985625157
42782,288,218,2,978468441
42783,288,3040,4,978467717
42784,288,3065,4,980534675
42785,288,1039,4,976138558
42786,288,1728,3,976124646
42787,288,5085,3,976120462
42788,288,3041,3,1079984124
42789,288,424,3,985625074
42790,288,2160,3,976138026
42791,288,5741,3,978559720
42792,288,6398,1,975692736
42793,288,1732,3,975692602
42794,288,219,2,1048089669
42795,288,2206,3,975692479
42796,288,1737,3,985626793
42797,288,2606,3,975692602
42798,288,5131,3,975692259
42799,288,220,2,984416988
42800,288,426,2,975692661
42801,288,1740,3,1054569125
42802,288,2932,4,976140025
42803,288,738,1,978465866
42804,288,1868,3,978465723
42805,288,1869,3,976138026
42806,288,1870,4,976138069
42807,288,222,3,1079984612
42808,288,5133,2,980535490
42809,288,2161,3,1014821827
42810,288,1004,3,979163941
42811,288,223,4,976120215
42812,288,6002,3,978468053
42813,288,6200,3,976138558
42814,288,1145,3,985625074
42815,288,5841,1,975692782
42816,288,6399,1,975692940
42817,288,4156,1,975692940
42818,288,1747,3,975691939
42819,288,1748,3,975691843
42820,288,224,2,976138026
42821,288,225,3,975691813
42822,288,1750,4,1048089677
42823,288,1753,2,1020369989
42824,288,227,3,1079984713
42825,288,1187,3,984417021
42826,288,1016,2,985624979
42827,288,1795,2,979163363
42828,288,1759,3,976138271
42829,288,2495,1,985626724
42830,288,6400,1,976138444
42831,288,3046,3,976138026
42832,288,1760,2,975691905
42833,288,6401,3,976138069
42834,288,1761,3,997199552
42835,288,1188,2,991141834
42836,288,229,3,1054569529
42837,288,1017,2,1002140012
42838,288,6402,3,1014821744
42839,288,230,3,978559568
42840,288,4868,3,978559764
42841,288,1018,3,1054568650
42842,288,6403,2,976139017
42843,288,2163,4,976120215
42844,288,6404,3,1079984164
42845,288,1019,3,980531310
42846,288,1872,3,1054569013
42847,288,739,4,978619068
42848,288,4921,3,978471458
42849,288,1020,3,1048089673
42850,288,429,4,1079984377
42851,288,740,3,1066059085
42852,288,2935,1,975691533
42853,288,2936,1,975691402
42854,288,6405,3,975691635
42855,288,5504,2,975691429
42856,288,6406,3,1054568525
42857,288,6407,1,975691508
42858,288,3051,3,1068837458
42859,288,1797,3,1054569081
42860,288,6408,2,979164787
42861,288,2937,3,975691456
42862,288,5206,3,978469455
42863,288,6409,3,976120531
42864,288,6410,3,978470524
42865,288,2209,4,1002139988
42866,288,1873,3,975691456
42867,288,4924,3,975691564
42868,288,742,4,1054568271
42869,288,4925,3,1016470187
42870,288,6411,3,980535005
42871,288,433,4,975692577
42872,288,1874,3,975691402
42873,288,2615,3,1079984185
42874,288,6412,3,975691429
42875,288,6413,2,975692683
42876,288,1022,3,1020369277
42877,288,1803,4,1005142717
42878,288,1804,3,1014821608
42879,288,1043,3,1079984450
42880,288,3176,3,1007574440
42881,288,437,5,1034954860
42882,288,2043,3,994692544
42883,288,2616,3,979163988
42884,288,4928,3,979164576
42885,288,6414,4,978647266
42886,288,2210,3,979163671
42887,288,2617,3,979164215
42888,288,6415,3,1020369846
42889,288,442,3,985631620
42890,288,1023,2,1020369706
42891,288,445,4,1054568289
42892,288,2212,2,1026309594
42893,288,446,3,1020368596
42894,288,745,4,1010510803
42895,288,2628,4,1014821704
42896,288,6004,3,1014821704
42897,288,2214,2,1016470233
42898,288,1814,3,1022614484
42899,288,747,3,1028053798
42900,288,6416,1,1050511161
42901,288,6417,3,1050510765
42902,288,6418,4,1092252434
42903,288,4871,3,1028746673
42904,288,6419,3,1014821894
42905,288,6140,2,1050510932
42906,288,6420,3,1050510833
42907,288,6421,3,1020369343
42908,288,6422,1,1020369571
42909,288,4941,2,1014821725
42910,288,1146,3,1028746653
42911,288,4096,2,1050510437
42912,288,748,3,1028746450
42913,288,6423,3,1014821725
42914,288,4943,3,1014821630
42915,288,1044,3,1029873895
42916,288,1825,2,1021307497
42917,288,5360,4,1033419058
42918,288,1195,3,1022614456
42919,288,1829,3,1054569231
42920,288,1830,3,1054568438
42921,288,751,4,1034954094
42922,288,3498,2,1031763286
42923,288,457,4,1023119834
42924,288,752,4,1198509989
42925,288,2513,4,1040669951
42926,288,458,3,1054568482
42927,288,5365,2,1054569150
42928,288,6008,3,1014821894
42929,288,4233,2,1028746714
42930,288,6424,2,1068837599
42931,288,753,3,1054569123
42932,288,6425,3,1026309749
42933,288,2717,4,1029430932
42934,288,4471,4,1034954133
42935,288,1832,3,1044636568
42936,288,4106,1,1050511139
42937,288,2952,3,1028746419
42938,288,754,5,1034954746
42939,288,4472,3,1054568445
42940,288,755,3,1026822457
42941,288,1836,3,1074091483
42942,288,4498,4,1046102334
42943,288,2953,3,1028746732
42944,288,280,3,1136400440
42945,288,232,5,1014821780
42946,288,2124,3,1040670025
42947,288,3645,3,1044030950
42948,288,1837,3,1154534625
42949,288,1839,2,1034954166
42950,288,2223,3,1101316592
42951,288,1842,3,1050509792
42952,288,757,4,1101506959
42953,288,870,4,1066059364
42954,288,758,3,1054568537
42955,288,1845,4,1049300614
42956,288,5186,3,1050510491
42957,288,1199,3,1102366895
42958,288,6426,1,1029873895
42959,288,759,4,1069088466
42960,288,760,2,1054569296
42961,288,6427,3,1046102295
42962,288,761,4,1092252167
42963,288,5509,3,1050510814
42964,288,2955,3,1052234590
42965,288,5387,3,1050510814
42966,288,2703,4,1057599241
42967,288,6428,2,1050511034
42968,288,6429,3,1054568424
42969,288,763,4,1071523928
42970,288,1849,4,1055953844
42971,288,6430,2,1050510241
42972,288,1203,2,1057599283
42973,288,5394,3,1052856404
42974,288,6038,2,1054568089
42975,288,764,3,1052234857
42976,288,4483,3,1087476689
42977,288,856,4,1197909801
42978,288,1205,3,1088172659
42979,288,2231,4,1066059102
42980,288,765,3,1054568854
42981,288,3188,3,1074527804
42982,288,873,3,1065015924
42983,288,766,3,1071523192
42984,288,4504,4,1066059244
42985,288,4235,3,1211229734
42986,288,3616,3,1071523172
42987,288,1854,3,1092077421
42988,288,2774,3,1050510205
42989,288,1857,4,1079983926
42990,288,3596,3,1054568382
42991,288,3565,3,1054568322
42992,288,768,3,1103647769
42993,288,6154,3,1110812077
42994,288,1209,3,1079983949
42995,288,876,3,1056387066
42996,288,1210,3,1098299073
42997,288,770,3,1068836891
42998,288,771,4,1083091556
42999,288,2237,4,1104773732
43000,288,3662,4,1087924427
43001,288,2238,3,1136400454
43002,288,4123,4,1101747359
43003,288,4124,3,1138806887
43004,288,5418,3,1182171749
43005,288,2514,3,1214243820
43006,288,2047,3,1085424780
43007,288,3335,4,1204562370
43008,288,3336,3,1088521360
43009,288,2719,3,1097509773
43010,288,2961,4,1101506981
43011,288,2963,3,1115660662
43012,288,235,4,1091633972
43013,288,3195,4,1108393065
43014,288,878,3,1090941535
43015,288,2243,4,1084283513
43016,288,3673,2,1183337342
43017,288,5880,2,1104171240
43018,288,3265,4,1127163773
43019,288,2251,4,1102691123
43020,288,774,4,1087924449
43021,288,1218,4,1086966493
43022,288,879,4,1095780637
43023,288,5881,4,1086899814
43024,288,880,3,1236522576
43025,288,775,4,1073671327
43026,288,3571,3,1088521385
43027,288,3198,3,1093359956
43028,288,2969,3,1087476674
43029,288,1047,3,1094650598
43030,288,5005,3,1187798897
43031,288,883,3,1132939263
43032,288,4984,3,1101506938
43033,288,3269,3,1095104471
43034,288,4286,3,1092077405
43035,288,1130,4,1110812056
43036,288,6238,3,1101316628
43037,288,4185,2,1107814657
43038,288,4243,3,1100195009
43039,288,1048,4,1103214524
43040,288,6431,3,1085424808
43041,288,779,3,1104171257
43042,288,1226,3,1101747337
43043,288,780,3,1194376455
43044,288,3759,3,1101747313
43045,288,3146,4,1124723636
43046,288,2048,3,1238158392
43047,288,782,4,1104171272
43048,288,783,4,1104773679
43049,288,4892,3,1118675330
43050,288,1227,4,1122298270
43051,288,784,3,1109001325
43052,288,3350,3,1198509833
43053,288,786,3,1118675354
43054,288,1228,2,1130178702
43055,288,3351,3,1198509808
43056,288,2266,3,1116602428
43057,288,2790,4,1095780713
43058,288,5750,4,1095780696
43059,288,791,4,1136924320
43060,288,3354,4,1119981617
43061,288,792,4,1113925742
43062,288,6432,2,1210006352
43063,288,795,4,1112209455
43064,288,796,3,1136995014
43065,288,797,3,1123159235
43066,288,798,3,1137689173
43067,288,799,3,1135350163
43068,288,6259,2,1246165131
43069,288,2280,3,1121718570
43070,288,3150,4,1136924336
43071,288,3364,4,1125518146
43072,288,1891,3,1128356997
43073,288,5908,2,1126184296
43074,288,4990,3,1211228921
43075,288,6433,4,1123159400
43076,288,5912,2,1145379381
43077,288,5913,2,1127163631
43078,288,805,3,1138215398
43079,288,807,4,1130178686
43080,288,3366,3,1145817456
43081,288,1239,3,1135789548
43082,288,5918,2,1138806890
43083,288,2286,4,1143473710
43084,288,809,4,1118064198
43085,288,895,2,1180444314
43086,288,810,4,1145817438
43087,288,812,3,1147093480
43088,288,3216,3,1136400476
43089,288,1892,4,1174395858
43090,288,6266,3,1184613878
43091,288,2052,3,1185800020
43092,288,6434,3,1209043794
43093,288,5923,2,1141741451
43094,288,2127,4,1141741436
43095,288,5247,3,1194376423
43096,288,4313,3,1144954113
43097,288,5924,2,1216994285
43098,288,2291,3,1150988065
43099,288,1246,3,1144089945
43100,288,6435,3,1213284360
43101,288,2053,4,1166454178
43102,288,3585,4,1150988041
43103,288,6045,1,1146574961
43104,288,2975,3,1213621039
43105,288,2296,4,1157408700
43106,288,2299,4,1240194978
43107,288,896,3,1147784628
43108,288,1894,3,1132609139
43109,288,897,4,1151949849
43110,288,3373,4,1158263085
43111,288,2302,3,1152563720
43112,288,4514,3,1163515142
43113,288,5250,2,1177950925
43114,288,5251,2,1161012573
43115,288,6436,4,1199974982
43116,288,5935,4,1155584865
43117,288,6437,3,1203956956
43118,288,6438,3,1173363655
43119,288,2307,4,1203019525
43120,288,5858,4,1176124657
43121,288,4760,4,1246851938
43122,288,1897,3,1167845687
43123,288,817,4,1172757934
43124,288,3384,2,1178647418
43125,288,818,3,1198510010
43126,288,819,3,1176814249
43127,288,1255,3,1182171727
43128,288,6439,2,1259681375
43129,288,6440,2,1179763054
43130,288,2128,3,1186404795
43131,288,6441,3,1241964384
43132,288,4860,3,1173363674
43133,288,1050,4,1220235727
43134,288,2316,4,1173804743
43135,288,3513,3,1179157905
43136,288,6442,2,1183337373
43137,288,3394,4,1188915341
43138,288,1052,3,1184613848
43139,288,1053,4,1198509870
43140,288,4728,4,1251132978
43141,288,2979,3,1205335664
43142,288,1264,2,1182171733
43143,288,2057,3,1242603006
43144,288,2335,3,1200677596
43145,288,2519,3,1187798858
43146,288,2058,3,1207832736
43147,288,2987,4,1238332688
43148,288,2338,3,1217183960
43149,288,3516,3,1256658049
43150,288,2346,4,1234107440
43151,288,1054,2,1225133332
43152,288,3427,3,1216220492
43153,288,1279,5,1265732622
43154,288,239,4,1231857010
43155,288,3434,3,1225980211
43156,288,1911,4,1249477171
43157,288,1055,4,1256658068
43158,288,1912,4,1262106654
43159,288,3080,3,1251831094
43160,288,1056,4,1230312815
43161,288,3082,3,1251831068
43162,288,3441,2,1230907029
43163,288,6443,2,1237313392
43164,288,1916,4,1252589552
43165,288,1152,3,1262706818
43166,288,916,4,1262706789
43167,288,1297,4,1262106666
43168,288,927,4,1262706801
43169,289,2,2,1143424657
43170,289,491,4,1143424648
43171,289,15,4,1143424651
43172,289,468,3,1143424602
43173,289,480,3,1143424605
43174,289,326,3,1143424616
43175,289,723,4,1143424596
43176,289,62,3,1143424660
43177,289,725,2,1143424609
43178,289,73,4,1143424573
43179,289,78,3,1143424582
43180,289,84,4,1143424663
43181,289,731,3,1143424575
43182,289,120,3,1143424630
43183,289,142,4,1143424633
43184,289,1643,2,1143424645
43185,289,183,3,1143424639
43186,289,2629,4,1143425008
43187,289,6444,3,1143424970
43188,289,4119,3,1143425037
43189,289,6445,3,1143424995
43190,289,2250,5,1143425020
43191,289,3265,4,1143425012
43192,289,6446,4,1143424982
43193,290,1,4,975031464
43194,290,488,4,974943069
43195,290,495,3,975032355
43196,290,496,4,974942930
43197,290,461,4,974942304
43198,290,462,4,975031318
43199,290,5,4,975031748
43200,290,1094,5,975030622
43201,290,6447,2,974937943
43202,290,464,4,974942273
43203,290,4877,3,974943091
43204,290,2546,3,975030517
43205,290,559,3,974943209
43206,290,15,4,974938908
43207,290,2425,5,975030699
43208,290,16,5,974939497
43209,290,17,5,975031374
43210,290,470,4,975032059
43211,290,233,5,974938193
43212,290,3687,4,974942857
43213,290,604,4,974942694
43214,290,6448,4,974937901
43215,290,310,4,974943152
43216,290,4893,4,974942446
43217,290,1412,3,975032287
43218,290,1156,3,974942877
43219,290,1025,4,974939475
43220,290,26,4,975032059
43221,290,475,4,974943172
43222,290,318,4,974942322
43223,290,654,4,974942676
43224,290,320,4,974943132
43225,290,3219,4,974939593
43226,290,29,5,974938725
43227,290,3220,4,975032059
43228,290,1095,3,974938371
43229,290,35,4,975031129
43230,290,324,4,974939593
43231,290,325,4,975031939
43232,290,37,5,974938393
43233,290,261,4,974942857
43234,290,1424,4,974942992
43235,290,723,5,975030570
43236,290,328,5,974939520
43237,290,704,2,974939520
43238,290,1028,5,974937901
43239,290,1436,4,974942559
43240,290,330,5,975031095
43241,290,331,5,975030750
43242,290,3694,4,974942209
43243,290,1438,5,974938228
43244,290,333,5,975030622
43245,290,3729,5,975030622
43246,290,334,5,975030699
43247,290,2754,5,974938617
43248,290,335,5,974938064
43249,290,1440,4,974943209
43250,290,336,5,974938151
43251,290,1098,5,975030699
43252,290,1441,4,974942446
43253,290,3730,5,975031234
43254,290,45,5,975030570
43255,290,46,5,974937918
43256,290,724,5,974938151
43257,290,3053,5,974938036
43258,290,338,4,974938272
43259,290,4219,5,975031297
43260,290,3009,5,975030982
43261,290,2395,5,974938836
43262,290,49,5,974938670
43263,290,3010,5,974942093
43264,290,3169,4,975032333
43265,290,2143,5,974938303
43266,290,3696,5,974938908
43267,290,3545,5,974938253
43268,290,2074,4,974937663
43269,290,2447,3,974942787
43270,290,343,4,974943016
43271,290,344,5,974938169
43272,290,345,4,975031393
43273,290,63,4,974942304
43274,290,64,4,974938908
43275,290,346,4,974938169
43276,290,3170,4,974939571
43277,290,66,5,974939555
43278,290,2174,4,974942189
43279,290,68,4,974938796
43280,290,1099,4,974938836
43281,290,348,4,974938647
43282,290,1101,4,975030982
43283,290,3702,4,974943029
43284,290,1102,5,974937663
43285,290,69,5,974942120
43286,290,71,5,975031719
43287,290,2396,5,974937901
43288,290,73,5,974939475
43289,290,75,5,974938755
43290,290,76,4,974942346
43291,290,77,5,974937993
43292,290,1137,5,974937974
43293,290,80,4,974938560
43294,290,354,5,975030982
43295,290,1138,5,975031129
43296,290,2416,4,975031636
43297,290,2079,4,975030982
43298,290,1139,4,974942189
43299,290,82,4,974942768
43300,290,2397,5,975031977
43301,290,355,5,974938755
43302,290,1107,5,974937943
43303,290,3012,5,975030896
43304,290,84,4,974942604
43305,290,356,4,974938908
43306,290,2145,5,974938393
43307,290,268,5,975031939
43308,290,357,4,974942768
43309,290,1455,4,974942734
43310,290,86,4,974937732
43311,290,1111,4,974938065
43312,290,89,5,975031375
43313,290,359,5,975031171
43314,290,2146,4,974943016
43315,290,1113,4,975030982
43316,290,361,5,975031354
43317,290,866,4,974942150
43318,290,1461,4,974942241
43319,290,4894,4,974942469
43320,290,1464,3,974942658
43321,290,994,4,974942902
43322,290,977,4,974943069
43323,290,979,3,975032090
43324,290,2147,5,975031439
43325,290,1475,4,974942446
43326,290,2452,4,975031312
43327,290,5295,4,974943091
43328,290,104,4,975031129
43329,290,2458,4,974943091
43330,290,366,4,974943016
43331,290,3020,3,974943209
43332,290,834,4,975031977
43333,290,6449,3,974938193
43334,290,234,4,974942420
43335,290,367,4,975031129
43336,290,1169,4,974942952
43337,290,370,4,974938617
43338,290,3022,4,974939593
43339,290,115,5,975030736
43340,290,2400,5,974938617
43341,290,3059,5,974938647
43342,290,2401,5,975031147
43343,290,380,5,975031439
43344,290,4878,5,975031680
43345,290,4899,5,974938272
43346,290,2038,5,975030896
43347,290,4900,4,974938796
43348,290,2092,5,974942694
43349,290,1171,5,974942604
43350,290,3503,4,974942322
43351,290,6177,4,974938814
43352,290,117,3,974943209
43353,290,2905,4,974939475
43354,290,5199,4,975032333
43355,290,3060,4,975031439
43356,290,122,4,975031464
43357,290,6450,4,974938560
43358,290,3024,5,974942150
43359,290,5056,4,975031748
43360,290,2040,4,974938393
43361,290,6169,4,974943069
43362,290,145,4,974943111
43363,290,3027,4,974938431
43364,290,3173,4,974942395
43365,290,1597,4,974939593
43366,290,148,4,974943111
43367,290,2467,4,975032287
43368,290,393,4,975032250
43369,290,2575,3,974942632
43370,290,1601,4,974937732
43371,290,395,4,974943132
43372,290,151,5,974938371
43373,290,1602,3,975032234
43374,290,1604,2,974937663
43375,290,3642,3,974942632
43376,290,3291,3,974942658
43377,290,2469,4,974942420
43378,290,1608,4,975032355
43379,290,1609,4,974939536
43380,290,6451,3,974939481
43381,290,6452,4,974943133
43382,290,165,4,974943133
43383,290,6453,2,974937732
43384,290,3293,3,975032355
43385,290,1784,4,975031719
43386,290,399,4,974938345
43387,290,2187,3,974938725
43388,290,176,5,974938253
43389,290,6454,4,975031636
43390,290,4906,4,974938193
43391,290,1641,3,975032185
43392,290,2685,5,974938211
43393,290,2760,5,974938371
43394,290,5063,4,975032315
43395,290,3068,4,974942857
43396,290,182,4,974938393
43397,290,402,4,974942694
43398,290,404,4,975032218
43399,290,4696,3,975030896
43400,290,1650,4,974942559
43401,290,405,4,974942713
43402,290,2590,2,975032200
43403,290,185,4,974938211
43404,290,2593,4,974942857
43405,290,1667,4,974942824
43406,290,3032,4,974942075
43407,290,6017,4,974942150
43408,290,6455,4,974938617
43409,290,3034,4,974937974
43410,290,1668,4,974938560
43411,290,6324,4,974938193
43412,290,4880,4,974938864
43413,290,190,5,974939555
43414,290,191,4,974942658
43415,290,193,3,975032265
43416,290,195,4,974943016
43417,290,6456,4,974942273
43418,290,2041,4,975031095
43419,290,6457,4,974937867
43420,290,4911,4,974938303
43421,290,1676,5,975031333
43422,290,3550,5,974938065
43423,290,5772,5,974938065
43424,290,1687,4,974939571
43425,290,2193,4,975031939
43426,290,3504,4,974938560
43427,290,205,4,974942150
43428,290,3234,5,975031375
43429,290,1691,3,975032234
43430,290,4682,4,974942446
43431,290,1693,3,975032333
43432,290,2198,4,974942632
43433,290,2199,3,975031699
43434,290,2202,4,975031589
43435,290,2203,4,974942288
43436,290,3551,5,974937850
43437,290,3037,4,974942446
43438,290,5080,4,974938131
43439,290,1706,4,975032000
43440,290,2494,4,975031354
43441,290,1717,4,974939536
43442,290,1718,3,974942824
43443,290,1719,4,974942322
43444,290,1144,5,974937918
43445,290,3236,2,975032027
43446,290,1723,3,974942787
43447,290,6458,4,974938725
43448,290,1740,4,974937732
43449,290,6459,4,975031171
43450,290,223,4,974942658
43451,290,224,4,974942346
43452,290,225,4,975032040
43453,290,6460,4,974938036
43454,290,6332,4,974938908
43455,290,2764,5,974937974
43456,290,843,4,974938151
43457,290,6461,4,974943111
43458,290,1124,4,974938036
43459,290,6462,4,974938755
43460,291,1,4,1453051567
43461,291,458,5,1453051459
43462,291,754,3,1464337114
43463,291,756,4,1453051567
43464,291,764,5,1453051472
43465,291,775,3,1464337115
43466,291,780,5,1453051470
43467,291,1894,5,1453051466
43468,291,1053,5,1453051531
43469,291,2519,5,1453051469
43470,291,239,5,1453051722
43471,291,1055,4,1453051390
43472,291,1056,5,1453051715
43473,291,916,4,1453051725
43474,291,918,5,1453051462
43475,291,927,5,1453051713
43476,291,1313,4,1453051395
43477,291,1934,5,1453051463
43478,291,1325,4,1453051431
43479,291,1939,5,1453051464
43480,291,1331,4,1453051510
43481,291,1067,5,1453051415
43482,291,1334,4,1453051506
43483,291,6463,3,1453051402
43484,291,1346,4,1453051397
43485,291,1353,4,1453051433
43486,291,959,4,1453051447
43487,291,3114,4,1453051448
43488,291,1366,4,1453051417
43489,291,1082,5,1464369746
43490,291,1086,1,1464369772
43491,292,1,4,1219625000
43492,292,487,3,1219625069
43493,292,493,1,1442099069
43494,292,293,2,1019516667
43495,292,461,3,1219625047
43496,292,505,3,1293563062
43497,292,8,2,1265679516
43498,292,1094,2,1265680159
43499,292,465,3,1265680404
43500,292,531,4,1323631927
43501,292,532,3,1219625030
43502,292,14,2,1219625064
43503,292,466,1,1293562503
43504,292,16,4,1039914974
43505,292,17,3,990062598
43506,292,233,5,990062572
43507,292,471,2,1219625010
43508,292,20,4,990062537
43509,292,21,4,1219624965
43510,292,472,4,1219625213
43511,292,23,2,1219625101
43512,292,622,3,1265680380
43513,292,473,4,990062537
43514,292,634,3,990062737
43515,292,637,3,1483193969
43516,292,26,4,990062464
43517,292,475,3,1265679711
43518,292,27,4,973817117
43519,292,653,4,990062338
43520,292,28,4,1265680410
43521,292,660,2,973817006
43522,292,1095,3,1219625188
43523,292,828,4,1265680476
43524,292,671,3,1265680435
43525,292,323,4,1265680373
43526,292,479,4,973817064
43527,292,33,3,1265680359
43528,292,34,3,1265680327
43529,292,35,3,1293562311
43530,292,480,3,1360446303
43531,292,324,4,1265680396
43532,292,481,3,1265680418
43533,292,37,2,973817064
43534,292,1159,4,990062712
43535,292,41,4,990062537
43536,292,43,4,1265680352
43537,292,2444,4,1323632029
43538,292,1028,4,1015375085
43539,292,265,2,1357062188
43540,292,46,1,1265680002
43541,292,5496,4,1293563056
43542,292,3169,1,1015374438
43543,292,3281,4,1265679891
43544,292,1448,3,1262376613
43545,292,1774,3,1360446298
43546,292,1775,4,1332678645
43547,292,1135,4,990062271
43548,292,61,4,1265680442
43549,292,66,4,1265679812
43550,292,725,4,1293562937
43551,292,68,4,1219625093
43552,292,1102,2,1265680094
43553,292,69,4,1039914974
43554,292,71,4,1219625017
43555,292,352,4,973816970
43556,292,1104,4,1265680175
43557,292,74,4,1039914974
43558,292,76,3,1265680466
43559,292,1137,4,1015375085
43560,292,1138,3,1265680114
43561,292,82,4,1245511344
43562,292,86,4,1265680385
43563,292,1111,2,1265680013
43564,292,88,4,1483193837
43565,292,90,4,1265680458
43566,292,270,3,1265679763
43567,292,866,3,1323631984
43568,292,977,2,990062637
43569,292,978,4,990062271
43570,292,2420,4,990062625
43571,292,94,3,1293562991
43572,292,1487,1,973817006
43573,292,1168,4,990062737
43574,292,100,4,990062712
43575,292,101,2,1483193952
43576,292,102,4,973817166
43577,292,984,4,1301252659
43578,292,728,4,1265679550
43579,292,1504,3,1323631949
43580,292,108,3,990062689
43581,292,988,4,1265680427
43582,292,1526,3,990062737
43583,292,376,3,1293562953
43584,292,731,3,1219625193
43585,292,1171,3,1293562699
43586,292,382,3,973816970
43587,292,118,4,1140269605
43588,292,1034,4,1293562924
43589,292,119,3,1265679920
43590,292,836,4,1293563108
43591,292,120,3,1219625143
43592,292,993,1,1041613090
43593,292,122,4,973817006
43594,292,272,3,1360446306
43595,292,1036,4,1293563091
43596,292,132,3,1360446295
43597,292,135,4,1332678514
43598,292,4065,1,1300574064
43599,292,1575,3,990062689
43600,292,142,3,1332678530
43601,292,145,4,1293562716
43602,292,1037,4,1293563105
43603,292,147,2,1483193888
43604,292,1594,4,1483193953
43605,292,150,4,990062513
43606,292,1601,3,1016841630
43607,292,1861,4,1332678611
43608,292,3229,3,1265679671
43609,292,1864,4,1293562968
43610,292,155,3,973816970
43611,292,2471,4,1245511366
43612,292,165,3,973817087
43613,292,2918,4,973817206
43614,292,1630,2,1016841602
43615,292,2581,2,1015374983
43616,292,167,4,990062164
43617,292,1002,1,1015374438
43618,292,172,4,1039914974
43619,292,178,1,973817206
43620,292,400,3,1016841591
43621,292,1003,2,1016841615
43622,292,734,3,1015374698
43623,292,1643,0,1442098939
43624,292,401,2,1015374833
43625,292,181,4,1015374873
43626,292,1645,3,1016841711
43627,292,5124,0,1234826805
43628,292,182,5,1015374932
43629,292,402,4,1015374538
43630,292,403,3,990062513
43631,292,183,3,1219625110
43632,292,6464,1,1015374801
43633,292,1667,4,1265679954
43634,292,188,4,990062483
43635,292,1180,3,1219625146
43636,292,191,4,973817247
43637,292,192,4,1332678642
43638,292,193,2,1265680431
43639,292,195,4,1015374698
43640,292,1866,4,1323632036
43641,292,1867,4,1332678599
43642,292,196,4,1332678621
43643,292,197,4,1323631954
43644,292,199,2,1385677608
43645,292,6465,5,990062271
43646,292,2595,3,1265679618
43647,292,1688,4,1015374801
43648,292,736,4,1015374655
43649,292,204,4,1219625228
43650,292,1786,3,1016841809
43651,292,841,1,1017364729
43652,292,416,4,990062669
43653,292,206,1,1015374622
43654,292,2201,4,990062483
43655,292,1700,4,990062737
43656,292,1703,2,1017364614
43657,292,2205,3,1265679538
43658,292,211,2,1015375388
43659,292,1717,3,990062513
43660,292,1718,4,1265679604
43661,292,216,3,973817184
43662,292,3506,3,1265680047
43663,292,1723,2,1015375411
43664,292,1725,4,1015374516
43665,292,1730,4,1265679626
43666,292,219,3,1265679783
43667,292,2606,3,1265679741
43668,292,1042,3,1041613321
43669,292,5203,2,1015374833
43670,292,220,3,1015374873
43671,292,3042,2,1017364631
43672,292,1794,3,1015374772
43673,292,738,4,1015374983
43674,292,1014,3,1017364534
43675,292,1868,4,1332678636
43676,292,1869,3,1332678624
43677,292,1870,3,1332678591
43678,292,222,4,1332678608
43679,292,2161,4,1301252599
43680,292,5615,4,1265679667
43681,292,1015,3,1017364587
43682,292,228,2,1017364566
43683,292,1756,3,1015374622
43684,292,1187,3,1015374724
43685,292,1795,2,990062235
43686,292,1761,2,990062421
43687,292,229,3,1015374698
43688,292,1018,3,1017364566
43689,292,2163,4,1293562724
43690,292,2496,3,990062211
43691,292,6466,4,973817265
43692,292,1020,2,1041613291
43693,292,740,4,1140269596
43694,292,2613,1,1041613387
43695,292,1797,2,1219625173
43696,292,2937,4,1265679864
43697,292,741,2,1041613444
43698,292,1873,5,973817064
43699,292,4924,3,1293562754
43700,292,1800,3,1015374897
43701,292,742,2,1039914864
43702,292,1874,4,1332678595
43703,292,1043,4,1015374725
43704,292,1805,3,1019516728
43705,292,2210,3,1265679631
43706,292,1876,3,1293562848
43707,292,2620,2,1265679848
43708,292,6207,3,1017364600
43709,292,1811,4,1017364566
43710,292,745,4,1262376466
43711,292,2628,3,990062669
43712,292,3643,3,1019516749
43713,292,1822,4,1015374932
43714,292,748,3,1017364962
43715,292,1880,3,1017364587
43716,292,1825,2,1265679868
43717,292,1195,2,1041613104
43718,292,6467,4,1265679738
43719,292,752,4,1039915051
43720,292,458,4,1017364825
43721,292,3744,3,1300574042
43722,292,1831,4,1293563045
43723,292,753,3,1041613411
43724,292,754,3,1293562353
43725,292,1837,4,1265679819
43726,292,2718,2,1041613347
43727,292,756,4,1265679887
43728,292,2223,2,1140269568
43729,292,1842,4,1046391239
43730,292,757,4,1039915101
43731,292,758,3,1039914974
43732,292,3327,4,1046391265
43733,292,1199,4,1293562391
43734,292,3328,4,1265679947
43735,292,759,4,1265679884
43736,292,3746,3,1046391204
43737,292,1848,4,1039914894
43738,292,1127,3,1265680117
43739,292,764,3,1219625075
43740,292,765,3,1293562362
43741,292,766,2,1323631830
43742,292,1857,4,1265679933
43743,292,876,3,1262376394
43744,292,771,4,1219624973
43745,292,3335,4,1265679725
43746,292,4980,4,1245511341
43747,292,3261,3,1265679735
43748,292,775,3,1293562364
43749,292,1884,4,1332678616
43750,292,1885,4,1332678602
43751,292,1886,4,1332678587
43752,292,6468,3,1293562877
43753,292,2260,4,1265679580
43754,292,779,3,1265679836
43755,292,780,4,1265679661
43756,292,6469,1,1362267999
43757,292,783,4,1265679778
43758,292,1049,3,1442098838
43759,292,784,4,1293562394
43760,292,793,2,1265679960
43761,292,795,3,1306584253
43762,292,799,3,1140269511
43763,292,5811,3,1323631597
43764,292,1232,4,1265679487
43765,292,1237,3,1265679974
43766,292,5751,3,1357062160
43767,292,893,3,1140269452
43768,292,809,4,1219625165
43769,292,6470,3,1293562769
43770,292,812,4,1387893632
43771,292,1892,3,1293563122
43772,292,1895,3,1387893709
43773,292,2300,4,1195948561
43774,292,1252,4,1442181612
43775,292,1897,4,1262377252
43776,292,818,4,1293563000
43777,292,1898,2,1169929390
43778,292,1255,4,1306584101
43779,292,821,4,1169929506
43780,292,1899,4,1421974401
43781,292,824,3,1323631791
43782,292,2320,2,1293562710
43783,292,1053,4,1219625211
43784,292,1264,3,1306584107
43785,292,3515,3,1195948574
43786,292,1267,3,1195948720
43787,292,1268,4,1265679713
43788,292,1269,4,1195948519
43789,292,903,4,1219625037
43790,292,1273,3,1195948608
43791,292,1054,3,1219625140
43792,292,1909,4,1483194003
43793,292,2350,3,1219624889
43794,292,1281,3,1293562974
43795,292,239,4,1265680017
43796,292,1055,4,1245511326
43797,292,1912,3,1245511263
43798,292,1283,3,1293562898
43799,292,1284,3,1265679899
43800,292,1056,3,1265680184
43801,292,1285,3,1326033195
43802,292,5973,4,1245511741
43803,292,3445,3,1234827000
43804,292,1916,4,1234826879
43805,292,912,4,1245511568
43806,292,5768,1,1245511234
43807,292,1057,4,1245511395
43808,292,5769,2,1294598551
43809,292,1058,2,1483193865
43810,292,1290,3,1245511413
43811,292,4192,3,1245511528
43812,292,2524,3,1245511545
43813,292,4194,3,1245511511
43814,292,5977,2,1294598525
43815,292,1152,4,1262376359
43816,292,3085,3,1262376605
43817,292,6471,4,1323631767
43818,292,1919,4,1421974422
43819,292,916,4,1245511196
43820,292,1297,3,1262376411
43821,292,3518,2,1262377435
43822,292,1920,3,1262377397
43823,292,918,4,1265679748
43824,292,1061,2,1483193915
43825,292,6053,3,1300059855
43826,292,4730,3,1329657184
43827,292,242,4,1301252407
43828,292,922,3,1265679389
43829,292,1922,4,1293562657
43830,292,927,4,1293562782
43831,292,928,4,1293562839
43832,292,1304,3,1453675947
43833,292,1926,4,1293562572
43834,292,1313,4,1293563033
43835,292,1314,3,1421974618
43836,292,1134,4,1293562161
43837,292,5984,3,1301252424
43838,292,932,3,1323631972
43839,292,245,3,1300059704
43840,292,2730,1,1296436025
43841,292,1315,3,1421974604
43842,292,1317,3,1329657226
43843,292,1318,2,1293562492
43844,292,3623,4,1421974548
43845,292,1153,4,1296436138
43846,292,246,3,1323631810
43847,292,6472,2,1323631640
43848,292,1931,3,1300059747
43849,292,935,4,1323631499
43850,292,936,3,1306584237
43851,292,6033,4,1421974672
43852,292,3842,1,1307317730
43853,292,1321,3,1421974526
43854,292,6031,3,1326661214
43855,292,1065,4,1323631533
43856,292,4703,2,1306584052
43857,292,6064,3,1326033101
43858,292,6065,3,1421974540
43859,292,1066,4,1323631752
43860,292,1325,4,1323526231
43861,292,6359,2,1324817948
43862,292,3485,3,1307317787
43863,292,1327,4,1421974612
43864,292,941,3,1421974490
43865,292,1328,4,1323526261
43866,292,2410,4,1324817825
43867,292,3094,3,1323526335
43868,292,6473,4,1324997589
43869,292,2528,4,1421974091
43870,292,1331,3,1323631857
43871,292,1941,3,1324817870
43872,292,943,4,1324858518
43873,292,3095,3,1326661225
43874,292,1942,3,1421974659
43875,292,4208,1,1332721238
43876,292,1333,3,1362268068
43877,292,1068,4,1421974569
43878,292,1943,2,1360446246
43879,292,1334,4,1421974576
43880,292,251,1,1332678344
43881,292,6474,2,1327260171
43882,292,6083,3,1421974650
43883,292,1948,3,1421974484
43884,292,3491,2,1442181668
43885,292,947,3,1421974452
43886,292,1336,1,1421974113
43887,292,949,3,1387893620
43888,292,4557,1,1357062007
43889,292,951,4,1421974563
43890,292,6475,1,1360446231
43891,292,6476,1,1442181790
43892,292,2734,2,1362267967
43893,292,2831,3,1442181812
43894,292,4564,3,1385677332
43895,292,6101,3,1385677308
43896,292,1071,4,1421974468
43897,292,3100,1,1421974644
43898,292,1346,4,1421974584
43899,292,2133,2,1483193854
43900,292,1347,4,1387893605
43901,292,1348,4,1483193860
43902,292,3101,2,1387893540
43903,292,1959,3,1385677324
43904,292,1072,3,1387893559
43905,292,1349,4,1442098845
43906,292,955,3,1483193986
43907,292,956,3,1385677294
43908,292,3102,3,1421974633
43909,292,1350,3,1421974631
43910,292,1073,3,1421974348
43911,292,3104,3,1421974641
43912,292,1353,3,1421974508
43913,292,1354,4,1453675869
43914,292,960,4,1421974328
43915,292,1980,4,1453675788
43916,292,3107,2,1442098811
43917,292,1078,4,1442098885
43918,292,6477,1,1453675742
43919,292,3534,3,1453675858
43920,292,1995,3,1453675903
43921,292,1079,3,1442098866
43922,292,6478,2,1442181529
43923,292,1998,4,1483193825
43924,292,1363,4,1453675867
43925,292,1365,0,1454616947
43926,292,967,4,1483193792
43927,292,258,2,1454616762
43928,292,1367,4,1483193822
43929,292,6479,1,1454617042
43930,292,6480,1,1454616747
43931,292,4799,3,1453675779
43932,292,6481,2,1483193614
43933,292,2016,4,1453675897
43934,292,2033,2,1513546420
43935,292,6482,1,1513546429
43936,292,1092,4,1483193709
43937,293,1,3,1044870886
43938,293,9,3,1044871057
43939,293,471,2,1044870854
43940,293,1414,2,1044871002
43941,293,35,4,1044870756
43942,293,37,3,1044870773
43943,293,1427,2,1044870730
43944,293,1428,2,1044871002
43945,293,54,2,1044871018
43946,293,66,2,1044870855
43947,293,104,3,1044870730
43948,293,2461,4,1044870948
43949,293,729,4,1044870855
43950,293,731,3,1044871029
43951,293,1544,2,1044870788
43952,293,1175,3,1044871002
43953,293,999,3,1044871018
43954,293,2607,2,1044871045
43955,293,228,2,1044870855
43956,293,845,2,1044871018
43957,293,1843,2,1044870746
43958,294,482,3,966634189
43959,294,2,1,966596854
43960,294,3,3,966597476
43961,294,487,3,966634030
43962,294,1400,1,966597190
43963,294,493,2,966597233
43964,294,292,3,966595514
43965,294,463,2,966595276
43966,294,972,3,966634266
43967,294,4,2,966597476
43968,294,5,3,966597387
43969,294,503,1,966634119
43970,294,506,3,966597039
43971,294,2664,4,966596095
43972,294,6,4,966595946
43973,294,1403,3,966634119
43974,294,523,3,966596934
43975,294,465,3,966596725
43976,294,10,3,966596297
43977,294,534,2,966597739
43978,294,1405,3,966634305
43979,294,538,2,966594989
43980,294,3001,2,966597610
43981,294,560,3,966597039
43982,294,563,3,966597233
43983,294,3218,1,966597066
43984,294,573,1,966634331
43985,294,16,5,966633760
43986,294,575,1,966596566
43987,294,5693,2,966596595
43988,294,6483,1,966596695
43989,294,589,3,966597447
43990,294,17,4,966597447
43991,294,591,3,966634189
43992,294,592,2,966596595
43993,294,594,1,966596828
43994,294,18,3,966634162
43995,294,598,2,966596327
43996,294,1407,2,966597066
43997,294,599,4,966597039
43998,294,600,4,966634003
43999,294,19,1,966596048
44000,294,310,1,966596048
44001,294,311,4,966595458
44002,294,312,2,966595587
44003,294,20,2,966633961
44004,294,613,3,966596961
44005,294,21,5,966595748
44006,294,314,2,966595458
44007,294,23,4,966595886
44008,294,315,4,966595998
44009,294,619,3,966596470
44010,294,1410,1,966596184
44011,294,623,1,966596854
44012,294,2893,2,966596414
44013,294,2548,3,966596414
44014,294,629,2,966596961
44015,294,630,3,966594630
44016,294,316,5,966595639
44017,294,631,1,966596934
44018,294,1414,2,966596961
44019,294,1156,4,966597541
44020,294,633,1,966596672
44021,294,2551,2,966597280
44022,294,634,1,966597672
44023,294,635,4,966596438
44024,294,5695,3,966596533
44025,294,637,3,966595671
44026,294,25,5,966595310
44027,294,638,1,966596828
44028,294,640,1,966634305
44029,294,643,1,966596217
44030,294,6484,1,966597212
44031,294,648,1,966596985
44032,294,649,3,966596753
44033,294,652,3,966597447
44034,294,654,4,966595143
44035,294,6485,2,966596753
44036,294,28,3,966594786
44037,294,2509,2,966595245
44038,294,659,3,966596753
44039,294,3003,2,966596695
44040,294,660,2,966596934
44041,294,662,2,966597672
44042,294,664,4,966595820
44043,294,322,3,966595946
44044,294,666,3,966596725
44045,294,30,2,966595695
44046,294,667,1,966634356
44047,294,1420,4,966595174
44048,294,31,2,966634216
44049,294,1158,3,966597476
44050,294,5994,1,966634331
44051,294,828,2,966595915
44052,294,671,2,966596072
44053,294,323,3,966595748
44054,294,33,3,966633851
44055,294,34,3,966597566
44056,294,481,1,966596492
44057,294,37,4,966597387
44058,294,1422,4,966633851
44059,294,677,3,966596804
44060,294,1159,1,966634240
44061,294,2659,1,966595559
44062,294,1424,1,966595587
44063,294,40,4,966596621
44064,294,262,2,966595844
44065,294,683,3,966596297
44066,294,686,2,966597129
44067,294,687,2,966634003
44068,294,688,1,966596781
44069,294,5287,1,966596095
44070,294,41,4,966634003
44071,294,690,1,966596804
44072,294,1430,3,966595774
44073,294,5701,2,966633792
44074,294,1433,1,966597109
44075,294,701,1,966595671
44076,294,706,3,966596115
44077,294,1028,5,966597387
44078,294,1436,4,966597541
44079,294,329,3,966595332
44080,294,335,4,966594956
44081,294,45,2,966633792
44082,294,5496,4,966595748
44083,294,6486,2,966597766
44084,294,717,2,966597644
44085,294,2666,1,966596382
44086,294,1772,1,966634003
44087,294,1773,1,966596184
44088,294,3282,2,966633881
44089,294,1161,4,966595748
44090,294,1448,1,966596327
44091,294,55,2,966634240
44092,294,58,2,966595424
44093,294,59,3,966634119
44094,294,721,2,966595820
44095,294,5051,3,966595998
44096,294,344,4,966597447
44097,294,63,3,966597476
44098,294,3698,3,966596470
44099,294,5705,2,966596934
44100,294,67,2,966633825
44101,294,1451,4,966633851
44102,294,3701,4,966596048
44103,294,2175,3,966595852
44104,294,348,2,966597510
44105,294,3704,5,966595946
44106,294,69,4,966594589
44107,294,70,4,966633792
44108,294,71,4,966633760
44109,294,2396,5,966633760
44110,294,74,4,966633825
44111,294,1452,4,966595143
44112,294,1137,4,966597387
44113,294,1106,2,966595028
44114,294,1139,3,966597447
44115,294,3012,3,966633760
44116,294,356,3,966633792
44117,294,1109,4,966633881
44118,294,2145,4,966633760
44119,294,86,3,966595028
44120,294,87,5,966634030
44121,294,1111,3,966594989
44122,294,1456,3,966595458
44123,294,360,4,966595028
44124,294,90,3,966633825
44125,294,1166,4,966633881
44126,294,1468,3,966596621
44127,294,271,4,966634189
44128,294,1469,4,966633918
44129,294,1470,3,966634266
44130,294,1167,4,966633825
44131,294,1140,4,966634003
44132,294,1471,5,966633961
44133,294,93,2,966597632
44134,294,1473,1,966596753
44135,294,3284,1,966597308
44136,294,362,3,966596297
44137,294,3710,2,966595671
44138,294,94,4,966597541
44139,294,2559,1,966597004
44140,294,6487,1,966596828
44141,294,1479,4,966595946
44142,294,96,3,966597129
44143,294,1482,1,966596934
44144,294,2453,2,966595614
44145,294,98,4,966595113
44146,294,99,1,966595174
44147,294,100,2,966634084
44148,294,1492,2,966597791
44149,294,1493,2,966633881
44150,294,102,4,966595245
44151,294,5435,1,966633792
44152,294,103,4,966634189
44153,294,1496,3,966596672
44154,294,1497,1,966634305
44155,294,2670,2,966634003
44156,294,104,3,966597387
44157,294,366,2,966595174
44158,294,1504,4,966595218
44159,294,1505,3,966597039
44160,294,108,3,966634119
44161,294,1509,2,966595820
44162,294,1511,2,966597066
44163,294,5998,1,966596355
44164,294,2088,2,966597595
44165,294,5713,1,966597212
44166,294,109,5,966595639
44167,294,4060,1,966597088
44168,294,730,3,966595488
44169,294,1521,2,966634003
44170,294,5147,1,966597190
44171,294,1525,3,966595671
44172,294,1527,4,966596566
44173,294,3021,2,966596327
44174,294,372,5,966595538
44175,294,2091,5,966595748
44176,294,1534,1,966596023
44177,294,731,2,966634240
44178,294,991,4,966597716
44179,294,1535,1,966595886
44180,294,379,1,966595310
44181,294,2039,4,966597412
44182,294,3138,2,966595514
44183,294,117,2,966634162
44184,294,382,3,966595514
44185,294,118,4,966597510
44186,294,1034,4,966595844
44187,294,992,3,966597698
44188,294,1544,4,966595946
44189,294,119,3,966633881
44190,294,1777,2,966634057
44191,294,3547,3,966594786
44192,294,836,3,966595915
44193,294,5199,2,966633961
44194,294,837,3,966597632
44195,294,993,1,966597791
44196,294,5016,3,966596672
44197,294,1554,2,966597148
44198,294,2677,2,966596961
44199,294,124,2,966634057
44200,294,1557,1,966596876
44201,294,126,3,966596382
44202,294,1558,2,966596542
44203,294,2678,4,966595276
44204,294,997,1,966596492
44205,294,6319,3,966596621
44206,294,128,4,966595143
44207,294,1035,1,966595386
44208,294,1561,1,966596781
44209,294,131,3,966634189
44210,294,6377,2,966596072
44211,294,998,3,966595245
44212,294,134,4,966634162
44213,294,385,3,966595774
44214,294,1565,2,966597566
44215,294,1566,2,966595695
44216,294,135,3,966634003
44217,294,2680,3,966595713
44218,294,1569,1,966634119
44219,294,1570,3,966596184
44220,294,3508,3,966596438
44221,294,2150,1,966596804
44222,294,1573,5,966595976
44223,294,6488,4,966597129
44224,294,141,3,966634084
44225,294,1575,3,966634084
44226,294,6191,1,966596595
44227,294,142,3,966595174
44228,294,143,3,966634084
44229,294,1141,4,966597476
44230,294,2681,3,966596621
44231,294,1581,2,966595793
44232,294,1585,3,966596672
44233,294,144,3,966597066
44234,294,145,3,966597541
44235,294,1037,3,966597541
44236,294,5745,1,966597190
44237,294,2402,5,966595886
44238,294,1594,3,966595886
44239,294,2574,3,966596414
44240,294,1597,2,966595143
44241,294,1599,4,966596646
44242,294,5719,4,966597039
44243,294,2575,4,966595218
44244,294,1601,3,966595310
44245,294,5121,1,966634240
44246,294,1602,1,966596184
44247,294,1603,2,966594630
44248,294,5720,3,966634385
44249,294,1606,1,966596985
44250,294,1862,4,966596023
44251,294,2913,1,966597212
44252,294,2914,3,966597190
44253,294,3640,1,966597308
44254,294,5721,1,966597308
44255,294,3641,1,966597308
44256,294,152,4,966597672
44257,294,154,3,966595614
44258,294,1609,4,966594956
44259,294,2121,1,966596695
44260,294,155,2,966596095
44261,294,2915,1,966597039
44262,294,999,2,966594786
44263,294,1614,4,966595844
44264,294,2682,4,966596355
44265,294,4492,4,966596438
44266,294,158,1,966634356
44267,294,1619,4,966597167
44268,294,1622,2,966597005
44269,294,160,2,966595998
44270,294,3292,1,966596876
44271,294,5722,3,966596595
44272,294,5723,2,966634405
44273,294,161,4,966596621
44274,294,1624,3,966596142
44275,294,163,4,966595639
44276,294,1626,2,966595748
44277,294,4904,3,966597698
44278,294,2583,4,966596382
44279,294,1632,2,966597698
44280,294,170,1,966597739
44281,294,171,3,966634119
44282,294,172,4,966634030
44283,294,173,4,966634003
44284,294,174,2,966634119
44285,294,1636,1,966634305
44286,294,1637,1,966634385
44287,294,400,1,966595976
44288,294,1641,1,966596048
44289,294,180,3,966595332
44290,294,1642,4,966596854
44291,294,1645,2,966597129
44292,294,1117,2,966634162
44293,294,2489,2,966596753
44294,294,6489,4,966596142
44295,294,5124,2,966634356
44296,294,5064,2,966595793
44297,294,5065,2,966595424
44298,294,3606,4,966596414
44299,294,2490,3,966596804
44300,294,2588,3,966596438
44301,294,183,4,966595094
44302,294,4865,1,966597308
44303,294,5494,1,966597326
44304,294,2589,2,966596725
44305,294,185,3,966594928
44306,294,2592,3,966633825
44307,294,5043,2,966595886
44308,294,4909,3,966596255
44309,294,187,1,966634003
44310,294,1667,5,966595614
44311,294,188,2,966633918
44312,294,3032,3,966597510
44313,294,1180,4,966595028
44314,294,3299,2,966634385
44315,294,3035,3,966595276
44316,294,1669,4,966633825
44317,294,194,2,966597595
44318,294,5129,1,966597791
44319,294,195,3,966633825
44320,294,1674,1,966597212
44321,294,1677,5,966595774
44322,294,3175,4,966597256
44323,294,5832,2,966597039
44324,294,6490,1,966596804
44325,294,201,5,966595820
44326,294,1683,1,966595406
44327,294,4680,2,966596234
44328,294,1687,3,966597510
44329,294,1120,5,966595639
44330,294,5072,2,966596725
44331,294,1689,1,966596470
44332,294,205,4,966634030
44333,294,416,3,966595514
44334,294,2196,4,966595310
44335,294,2600,1,966596646
44336,294,277,4,966595458
44337,294,6197,5,966596297
44338,294,208,3,966596533
44339,294,1696,1,966597256
44340,294,209,4,966595695
44341,294,1697,2,966596196
44342,294,418,3,966595458
44343,294,2602,2,966595587
44344,294,1143,1,966596048
44345,294,2689,1,966597308
44346,294,1701,2,966597698
44347,294,1702,1,966596196
44348,294,6394,1,966596854
44349,294,1706,2,966595113
44350,294,2494,3,966597448
44351,294,2403,4,966595332
44352,294,2691,4,966596781
44353,294,1708,4,966596934
44354,294,2930,1,966596672
44355,294,1712,4,966595050
44356,294,1713,4,966595915
44357,294,1714,3,966595946
44358,294,1716,1,966634331
44359,294,6491,2,966633918
44360,294,1718,5,966595028
44361,294,1719,2,966594989
44362,294,218,3,966634266
44363,294,1729,2,966595614
44364,294,5085,2,966596023
44365,294,3041,3,966595488
44366,294,5741,2,966596048
44367,294,6398,5,966596355
44368,294,1733,3,966595374
44369,294,2206,3,966595276
44370,294,6492,3,966596511
44371,294,2606,5,966595458
44372,294,5203,1,966597280
44373,294,1740,1,966595559
44374,294,2932,2,966596142
44375,294,6493,1,966597280
44376,294,1743,3,966595355
44377,294,6399,1,966597280
44378,294,4156,3,966597308
44379,294,1746,2,966596297
44380,294,1747,2,966634216
44381,294,1748,1,966633961
44382,294,1749,2,966597632
44383,294,1751,3,966634356
44384,294,6494,2,966596725
44385,294,843,4,966597412
44386,294,1759,3,966597595
44387,294,2610,2,966597766
44388,294,3047,3,966596414
44389,294,3048,1,966597088
44390,294,2163,3,966595355
44391,294,1872,3,966594876
44392,294,739,3,966595915
44393,294,4921,3,966595028
44394,294,5136,2,966634385
44395,295,2658,3,1320064940
44396,295,2069,5,1320064417
44397,295,5,5,1320064969
44398,295,6,5,1320064943
44399,295,17,5,1320064918
44400,295,233,5,1320064839
44401,295,22,4,1320064434
44402,295,1158,5,1320064706
44403,295,1028,4,1320064796
44404,295,336,4,1320064776
44405,295,1161,2,1320064473
44406,295,63,5,1320064919
44407,295,1102,5,1320064817
44408,295,71,2,1320064822
44409,295,1103,3,1320064990
44410,295,75,4,1320064972
44411,295,1137,4,1320064798
44412,295,2146,2,1320064852
44413,295,1140,0,1320064357
44414,295,364,4,1320064382
44415,295,2562,5,1320064590
44416,295,982,2,1320064451
44417,295,1169,3,1320064934
44418,295,127,1,1320064403
44419,295,148,5,1320064983
44420,295,1644,0,1320064525
44421,295,193,4,1320064792
44422,295,5129,0,1320064521
44423,295,1684,2,1320064423
44424,295,2197,5,1320064565
44425,295,1795,0,1320064375
44426,295,445,4,1320064979
44427,295,2632,2,1320064584
44428,295,1126,4,1320064768
44429,295,1147,4,1320064785
44430,295,235,4,1320064929
44431,295,1048,4,1320064931
44432,295,807,3,1320064927
44433,295,1253,5,1320064813
44434,295,241,5,1320064921
44435,295,245,5,1320064800
44436,296,5,5,1532993858
44437,296,8,5,1532993855
44438,296,17,4,1532993850
44439,296,233,5,1532993816
44440,296,21,5,1532993877
44441,296,29,4,1532993820
44442,296,1103,5,1532993957
44443,296,234,5,1532993830
44444,296,122,4,1532993839
44445,296,392,5,1532993836
44446,296,167,4,1532993833
44447,296,172,1,1532994086
44448,296,193,5,1532993828
44449,296,443,5,1532994130
44450,296,758,1,1532994084
44451,296,763,4,1532994001
44452,296,2405,4,1532994023
44453,296,5537,5,1532993898
44454,296,809,1,1532994090
44455,296,1133,4,1532993936
44456,296,5265,5,1532994005
44457,296,245,5,1532993826
44458,296,6495,4,1532994055
44459,296,1092,2,1532994077
44460,296,6496,4,1532994043
44461,296,6497,3,1532993908
44462,296,5667,3,1532993920
44463,297,3,5,900871748
44464,297,494,2,900871989
44465,297,4,4,900871748
44466,297,5,5,900871748
44467,297,6,2,900871989
44468,297,509,1,900872461
44469,297,516,1,900872461
44470,297,517,1,900872461
44471,297,1094,3,900871829
44472,297,464,3,900872083
44473,297,531,2,900872237
44474,297,3607,2,900872213
44475,297,532,3,900872180
44476,297,534,1,900875950
44477,297,1027,1,900875950
44478,297,540,1,900874537
44479,297,558,3,900875462
44480,297,585,4,900872375
44481,297,588,2,900872375
44482,297,589,4,900872113
44483,297,309,5,900872083
44484,297,1409,2,900876291
44485,297,20,4,900872180
44486,297,622,2,900872213
44487,297,639,3,900872375
44488,297,26,4,900871989
44489,297,2169,3,900872375
44490,297,2895,4,900872213
44491,297,653,2,900872375
44492,297,665,1,900876291
44493,297,30,2,900872143
44494,297,671,1,900872295
44495,297,479,3,900871988
44496,297,35,4,900871748
44497,297,37,4,900871829
44498,297,675,3,900872083
44499,297,5700,1,900876328
44500,297,3004,3,900872295
44501,297,41,3,900871829
44502,297,42,1,900872295
44503,297,2996,1,900872143
44504,297,2427,1,900872507
44505,297,1435,3,900872113
44506,297,2662,1,900875927
44507,297,264,1,900876328
44508,297,1436,4,900871829
44509,297,718,2,900876328
44510,297,832,2,900876328
44511,297,1449,4,900872143
44512,297,63,5,900871748
44513,297,65,3,900872295
44514,297,2083,3,900871748
44515,297,2558,4,900872143
44516,297,977,4,900871748
44517,297,978,3,900872180
44518,297,1476,1,900872213
44519,297,4863,1,900872530
44520,297,2179,1,900872375
44521,297,4864,1,900875927
44522,297,2562,1,900872530
44523,297,981,2,900872083
44524,297,1491,1,900876328
44525,297,101,4,900872022
44526,297,365,2,900872180
44527,297,984,3,900872180
44528,297,728,3,900871829
44529,297,985,3,900872180
44530,297,104,4,900871829
44531,297,105,2,900872083
44532,297,1501,3,900871989
44533,297,109,5,900872022
44534,297,2190,4,900872213
44535,298,1,2,1447518257
44536,298,482,0,1450452897
44537,298,491,4,1447597782
44538,298,293,4,1450369288
44539,298,4,4,1447518037
44540,298,5,3,1447516828
44541,298,519,3,1447584503
44542,298,8,3,1447518054
44543,298,1094,3,1447518023
44544,298,465,2,1453033369
44545,298,11,2,1479057529
44546,298,532,3,1447597832
44547,298,1405,2,1450452543
44548,298,538,3,1447584665
44549,298,550,2,1476642940
44550,298,12,3,1449757372
44551,298,13,4,1447584437
44552,298,14,2,1447584441
44553,298,16,4,1447516841
44554,298,589,3,1447597770
44555,298,17,4,1447584408
44556,298,233,3,1447516816
44557,298,19,3,1447584656
44558,298,471,3,1449756170
44559,298,611,2,1450452561
44560,298,21,3,1449757614
44561,298,23,2,1450441628
44562,298,2548,3,1466277812
44563,298,25,3,1447584581
44564,298,1157,2,1450452825
44565,298,27,4,1447584809
44566,298,322,2,1452959538
44567,298,1095,4,1447584754
44568,298,1158,3,1447597822
44569,298,2440,3,1467489463
44570,298,479,4,1447584415
44571,298,34,3,1450360483
44572,298,37,3,1447597789
44573,298,1159,0,1453033338
44574,298,4259,4,1449756374
44575,298,2073,3,1476641635
44576,298,723,3,1447584430
44577,298,1160,3,1447584451
44578,298,43,2,1453033072
44579,298,1026,1,1479058366
44580,298,1430,3,1449756322
44581,298,1028,5,1447516830
44582,298,6184,0,1479058140
44583,298,724,4,1447607114
44584,298,1135,3,1447584411
44585,298,60,3,1447584568
44586,298,343,3,1447597961
44587,298,63,4,1447584413
44588,298,5108,0,1479065495
44589,298,67,4,1447584957
44590,298,1451,3,1450452550
44591,298,68,2,1447584423
44592,298,2075,2,1449757475
44593,298,1102,4,1447597795
44594,298,69,4,1447516843
44595,298,70,3,1447584558
44596,298,71,4,1450441571
44597,298,1029,4,1447584725
44598,298,1103,4,1450452228
44599,298,3137,3,1449757456
44600,298,72,3,1447585008
44601,298,73,4,1450452231
44602,298,74,4,1447585006
44603,298,75,4,1450452225
44604,298,76,4,1447584732
44605,298,1452,3,1447584556
44606,298,78,3,1466276714
44607,298,1137,3,1450452223
44608,298,79,4,1450452234
44609,298,1138,3,1450452249
44610,298,1106,3,1447584507
44611,298,2078,3,1447584897
44612,298,82,4,1447584728
44613,298,2901,3,1447584506
44614,298,865,4,1466276750
44615,298,6185,3,1447584872
44616,298,1109,3,1447584517
44617,298,85,3,1447584613
44618,298,357,3,1450452261
44619,298,86,3,1447584491
44620,298,2084,4,1476627223
44621,298,87,2,1453032874
44622,298,88,4,1447585030
44623,298,1456,2,1466277275
44624,298,360,4,1447584523
44625,298,90,4,1450452227
44626,298,2751,3,1476642732
44627,298,2147,3,1466276063
44628,298,6498,2,1466278013
44629,298,364,2,1476641403
44630,298,2453,3,1479058450
44631,298,99,2,1447584498
44632,298,6499,2,1466278019
44633,298,1031,4,1450369257
44634,298,102,3,1450441401
44635,298,727,2,1476643306
44636,298,103,3,1453032946
44637,298,1497,1,1450441588
44638,298,106,1,1447619955
44639,298,1032,2,1450369303
44640,298,108,3,1447584812
44641,298,1510,2,1453033075
44642,298,109,5,1447584490
44643,298,6500,2,1466277925
44644,298,1516,4,1450369268
44645,298,2672,2,1449757636
44646,298,1518,2,1450452866
44647,298,1527,2,1466278043
44648,298,990,0,1476643184
44649,298,2091,3,1449756307
44650,298,378,3,1467489869
44651,298,1536,4,1447584820
44652,298,379,2,1447584560
44653,298,116,2,1450452239
44654,298,1537,4,1447584635
44655,298,382,3,1466277248
44656,298,118,3,1447584603
44657,298,1544,3,1449756388
44658,298,119,3,1449756331
44659,298,836,3,1450452251
44660,298,120,3,1450452389
44661,298,383,3,1466276056
44662,298,2183,3,1450452370
44663,298,1558,3,1449757659
44664,298,385,4,1447584608
44665,298,135,3,1452692142
44666,298,1570,3,1449757426
44667,298,1572,3,1466277404
44668,298,1575,2,1450441595
44669,298,1576,1,1466277624
44670,298,143,3,1453032901
44671,298,2681,3,1466277635
44672,298,1580,3,1450369401
44673,298,3027,3,1449757454
44674,298,1597,0,1450452900
44675,298,4221,0,1467489592
44676,298,1599,3,1479058624
44677,298,1603,3,1447584707
44678,298,154,2,1447584618
44679,298,1612,3,1466277975
44680,298,274,0,1452959543
44681,298,5770,4,1450452902
44682,298,1000,0,1476628390
44683,298,4265,2,1450452376
44684,298,163,3,1447584493
44685,298,165,3,1450369408
44686,298,166,3,1447584553
44687,298,167,4,1447516845
44688,298,1001,2,1476632985
44689,298,399,2,1467489708
44690,298,172,3,1453032817
44691,298,732,0,1452959561
44692,298,1639,0,1476642663
44693,298,400,2,1447584583
44694,298,179,3,1447619952
44695,298,1003,2,1466276255
44696,298,180,4,1447584513
44697,298,1179,3,1447584519
44698,298,181,3,1447584577
44699,298,1117,2,1450447877
44700,298,1865,0,1452959578
44701,298,4696,3,1466277264
44702,298,405,3,1447584521
44703,298,2587,3,1447584564
44704,298,184,3,1453033355
44705,298,406,2,1449757442
44706,298,185,4,1452692171
44707,298,188,4,1447584824
44708,298,1180,3,1447584510
44709,298,4890,3,1449757422
44710,298,4266,4,1447584624
44711,298,193,5,1447516832
44712,298,194,3,1447584868
44713,298,4080,3,1447584979
44714,298,199,3,1447584784
44715,298,2157,3,1449757430
44716,298,201,3,1447619961
44717,298,277,3,1447584579
44718,298,209,3,1447584571
44719,298,1697,2,1466278105
44720,298,2511,2,1447598431
44721,298,1011,2,1449592124
44722,298,1701,2,1447598333
44723,298,3551,3,1447584639
44724,298,1703,1,1449592685
44725,298,419,3,1447598360
44726,298,422,1,1447598147
44727,298,1012,1,1449592206
44728,298,1718,3,1447584529
44729,298,1186,4,1449756314
44730,298,1722,2,1450452394
44731,298,1724,3,1466277285
44732,298,423,4,1447619963
44733,298,1040,0,1447598270
44734,298,6198,1,1466277976
44735,298,219,3,1447584750
44736,298,1041,3,1447598240
44737,298,1734,2,1447598587
44738,298,2606,3,1447584530
44739,298,220,3,1447598079
44740,298,3042,0,1449592372
44741,298,5132,2,1447599468
44742,298,221,2,1466277768
44743,298,738,3,1447598137
44744,298,1014,1,1449592104
44745,298,2607,1,1447598875
44746,298,1744,2,1450370295
44747,298,5841,1,1466277401
44748,298,1747,2,1450452365
44749,298,224,2,1450452535
44750,298,1015,2,1447598215
44751,298,1187,2,1447598141
44752,298,1757,3,1447598263
44753,298,1761,0,1450453145
44754,298,1188,2,1449592090
44755,298,2162,2,1466277467
44756,298,229,2,1447584925
44757,298,4274,2,1449592512
44758,298,1764,1,1449592361
44759,298,1796,3,1447599253
44760,298,2496,0,1449592548
44761,298,1019,2,1447598266
44762,298,1872,3,1449756327
44763,298,429,3,1447598126
44764,298,1797,2,1447619958
44765,298,278,2,1447619965
44766,298,5332,1,1466277627
44767,298,431,2,1449592114
44768,298,2512,2,1449592366
44769,298,741,0,1447598144
44770,298,4493,3,1447598724
44771,298,3309,0,1449592411
44772,298,1873,3,1447584804
44773,298,2614,0,1449592918
44774,298,742,1,1449592039
44775,298,432,3,1447598098
44776,298,1022,3,1447598128
44777,298,434,2,1447598186
44778,298,3310,2,1447598464
44779,298,743,2,1449592093
44780,298,435,1,1449592611
44781,298,1043,2,1447598123
44782,298,437,3,1447598117
44783,298,2043,3,1447598963
44784,298,3312,0,1449592364
44785,298,1876,2,1449756413
44786,298,2620,4,1449756385
44787,298,3238,2,1447599061
44788,298,2622,0,1466278045
44789,298,4930,0,1449592990
44790,298,744,2,1447598312
44791,298,445,3,1447598089
44792,298,4494,3,1447599311
44793,298,2212,2,1447598804
44794,298,447,2,1447598156
44795,298,4495,3,1447599038
44796,298,6208,0,1447599531
44797,298,2940,3,1447599313
44798,298,1812,1,1449592106
44799,298,1813,1,1447598419
44800,298,745,2,1447598085
44801,298,2943,1,1449593004
44802,298,2214,2,1449592295
44803,298,1814,2,1447598406
44804,298,3319,2,1447598635
44805,298,868,1,1449592082
44806,298,3179,2,1447598580
44807,298,1877,3,1449757421
44808,298,845,2,1479064950
44809,298,1146,2,1450452368
44810,298,3320,0,1449592380
44811,298,454,3,1447598397
44812,298,748,2,1447598237
44813,298,749,0,1449592482
44814,298,1823,3,1447598254
44815,298,1044,0,1447598212
44816,298,6501,3,1447599686
44817,298,1824,4,1447584585
44818,298,6502,2,1447599619
44819,298,3323,1,1447598692
44820,298,6503,0,1479065242
44821,298,4184,3,1447598751
44822,298,1125,3,1447598119
44823,298,752,3,1447598096
44824,298,2513,2,1447598486
44825,298,458,3,1447598132
44826,298,4497,2,1467489493
44827,298,2695,1,1447598793
44828,298,753,2,1447598104
44829,298,1126,3,1447584659
44830,298,2696,1,1449592608
44831,298,2717,2,1447598249
44832,298,1832,3,1449592048
44833,298,2404,3,1450452896
44834,298,3644,1,1479057899
44835,298,2952,0,1449592509
44836,298,754,4,1447598081
44837,298,4472,1,1447599141
44838,298,755,3,1447598113
44839,298,1835,0,1447598721
44840,298,4498,2,1447598967
44841,298,5748,2,1447599512
44842,298,1838,3,1447598834
44843,298,6504,2,1447599388
44844,298,2697,2,1447598890
44845,298,756,2,1449592054
44846,298,1881,2,1449592283
44847,298,2698,0,1447599631
44848,298,3183,3,1447598494
44849,298,1840,2,1447598473
44850,298,1198,1,1447598339
44851,298,2699,2,1467489428
44852,298,1842,0,1447598198
44853,298,1843,0,1447598866
44854,298,757,2,1447598111
44855,298,4499,2,1466277767
44856,298,870,2,1449592080
44857,298,758,3,1453032879
44858,298,6216,1,1447599489
44859,298,1846,1,1447598949
44860,298,759,3,1447598101
44861,298,760,2,1447598208
44862,298,848,2,1447598246
44863,298,762,1,1447598182
44864,298,2955,1,1458478850
44865,298,4501,0,1447599544
44866,298,2703,0,1447598506
44867,298,5153,0,1447599502
44868,298,4502,0,1476628551
44869,298,5871,2,1467489604
44870,298,1201,2,1447560250
44871,298,763,4,1447517997
44872,298,871,0,1449592441
44873,298,5393,0,1467489675
44874,298,2046,3,1447598448
44875,298,6038,0,1447599482
44876,298,1851,3,1447598741
44877,298,764,3,1449592029
44878,298,852,2,1449592202
44879,298,4483,1,1447598830
44880,298,3652,2,1447599150
44881,298,856,2,1449592086
44882,298,5172,2,1447599774
44883,298,4503,2,1447599792
44884,298,872,0,1447599050
44885,298,2231,2,1449592210
44886,298,765,4,1447518010
44887,298,3188,3,1447598509
44888,298,857,3,1447598310
44889,298,1045,3,1447518017
44890,298,766,3,1447518368
44891,298,767,2,1447598234
44892,298,4851,2,1447598602
44893,298,3653,0,1447599565
44894,298,1147,2,1447517995
44895,298,3616,2,1447598853
44896,298,3189,3,1449592198
44897,298,4973,0,1447599383
44898,298,3191,1,1449592129
44899,298,5407,0,1447599251
44900,298,2233,1,1449592224
44901,298,4118,4,1477826181
44902,298,1207,2,1447598567
44903,298,5409,0,1447599318
44904,298,1857,2,1447598932
44905,298,768,2,1447584832
44906,298,3656,0,1447599857
44907,298,1128,3,1447518509
44908,298,769,3,1447598136
44909,298,4168,0,1447599263
44910,298,1209,2,1447598221
44911,298,876,2,1447559015
44912,298,1210,2,1447598220
44913,298,3194,0,1447598655
44914,298,1211,3,1449756334
44915,298,1883,1,1449592353
44916,298,770,2,1447598471
44917,298,877,0,1447599036
44918,298,2235,3,1447598243
44919,298,771,2,1447560174
44920,298,3070,2,1449592285
44921,298,1212,1,1447598757
44922,298,6505,0,1466278175
44923,298,3071,1,1449592498
44924,298,3661,2,1449592596
44925,298,4123,3,1449592405
44926,298,3665,0,1466278011
44927,298,2514,3,1447598496
44928,298,1213,3,1447598732
44929,298,2047,3,1447560578
44930,298,3259,2,1447598544
44931,298,2107,3,1447560246
44932,298,1215,2,1447597903
44933,298,6506,1,1467489385
44934,298,772,3,1449592076
44935,298,2241,2,1447518354
44936,298,1148,2,1447560172
44937,298,235,4,1447518291
44938,298,3337,2,1447598791
44939,298,5421,0,1447599621
44940,298,878,2,1449592095
44941,298,2244,2,1447598390
44942,298,2245,2,1447598639
44943,298,5880,0,1450453041
44944,298,3261,2,1450452450
44945,298,3142,3,1447597824
44946,298,3267,2,1467489613
44947,298,2251,2,1447518266
44948,298,1129,3,1477826193
44949,298,1218,2,1447560530
44950,298,5881,1,1447599777
44951,298,775,4,1447517999
44952,298,776,1,1447599611
44953,298,3198,2,1447598676
44954,298,2516,2,1447598814
44955,298,1047,1,1450452742
44956,298,5882,0,1466277986
44957,298,4507,2,1447599083
44958,298,883,2,1447598366
44959,298,1219,3,1447599051
44960,298,1221,1,1447518299
44961,298,3269,2,1447598674
44962,298,3344,2,1447598980
44963,298,1130,2,1447518020
44964,298,4185,0,1447599043
44965,298,4287,1,1447560244
44966,298,1222,4,1447598409
44967,298,1048,4,1447518396
44968,298,885,3,1447598477
44969,298,3345,1,1447598608
44970,298,886,0,1447598371
44971,298,6507,3,1447599466
44972,298,6508,4,1447518364
44973,298,2260,3,1447560166
44974,298,1226,1,1449592148
44975,298,780,3,1449592035
44976,298,2120,4,1447599282
44977,298,3759,0,1447599718
44978,298,3146,3,1447584611
44979,298,2048,2,1447598273
44980,298,782,3,1449592187
44981,298,887,0,1447598424
44982,298,4509,2,1447599539
44983,298,888,1,1449592318
44984,298,2049,2,1447598278
44985,298,783,2,1447597966
44986,298,1227,4,1447584592
44987,298,1228,2,1447560624
44988,298,3351,1,1467489379
44989,298,2265,2,1447598630
44990,298,3760,0,1479065223
44991,298,3147,3,1447518399
44992,298,790,0,1447599077
44993,298,2267,4,1447598800
44994,298,1229,2,1447584655
44995,298,2268,3,1447599492
44996,298,792,3,1447584653
44997,298,1230,2,1447560508
44998,298,793,3,1447584448
44999,298,794,3,1447598606
45000,298,795,2,1447518268
45001,298,2721,1,1447599151
45002,298,890,1,1449592703
45003,298,798,2,1447598456
45004,298,2272,2,1449592370
45005,298,4300,4,1447584664
45006,298,6509,3,1450452879
45007,298,4304,2,1447518314
45008,298,2796,4,1447560209
45009,298,1132,4,1447518047
45010,298,3074,2,1447598993
45011,298,3149,3,1447598713
45012,298,2050,3,1447518402
45013,298,1237,1,1449592109
45014,298,3150,3,1447598435
45015,298,801,2,1447598382
45016,298,1891,2,1447598527
45017,298,2284,2,1447599824
45018,298,893,2,1447598516
45019,298,805,0,1447599117
45020,298,807,3,1447560149
45021,298,894,1,1452959825
45022,298,809,3,1453032869
45023,298,2709,0,1479058641
45024,298,2983,2,1447599528
45025,298,810,3,1447518082
45026,298,812,2,1447598347
45027,298,1241,0,1449592359
45028,298,5246,0,1459435696
45029,298,1242,4,1447607096
45030,298,2052,3,1449592505
45031,298,6510,2,1467489720
45032,298,2127,3,1447584432
45033,298,4313,0,1447599034
45034,298,5009,2,1447599642
45035,298,5025,2,1447599400
45036,298,6511,2,1467489707
45037,298,5753,0,1447599607
45038,298,3780,3,1466277450
45039,298,1246,3,1447598510
45040,298,1247,1,1447598613
45041,298,1248,3,1447598541
45042,298,1249,3,1447518416
45043,298,2053,2,1447598416
45044,298,2296,2,1447599585
45045,298,3372,2,1447599163
45046,298,1894,3,1447598172
45047,298,897,2,1447560592
45048,298,2300,3,1447598387
45049,298,5250,1,1447599352
45050,298,3786,0,1467489416
45051,298,1251,3,1447518123
45052,298,1252,2,1447598401
45053,298,4515,2,1466277846
45054,298,1897,0,1447598422
45055,298,817,2,1447598352
45056,298,2977,1,1466277955
45057,298,1898,2,1447598869
45058,298,3385,2,1447598610
45059,298,1255,2,1447598190
45060,298,3386,0,1466277940
45061,298,3152,2,1447584632
45062,298,5145,0,1447599828
45063,298,1256,3,1447518173
45064,298,2311,1,1447598551
45065,298,237,2,1447598897
45066,298,1899,0,1447598747
45067,298,2055,2,1449592143
45068,298,3511,0,1476628392
45069,298,3512,2,1466277911
45070,298,2128,2,1447598320
45071,298,4517,3,1467489421
45072,298,1901,3,1447599020
45073,298,1050,3,1447598786
45074,298,4518,3,1447599713
45075,298,2316,3,1447584416
45076,298,238,3,1447518007
45077,298,2317,3,1447518381
45078,298,1051,2,1447518301
45079,298,1052,2,1447518039
45080,298,2978,2,1449592967
45081,298,5948,0,1467489561
45082,298,4519,3,1447599858
45083,298,1260,3,1447599556
45084,298,6512,4,1466277718
45085,298,1053,2,1447518423
45086,298,4186,2,1447599747
45087,298,1903,0,1447599493
45088,298,2326,2,1447560107
45089,298,5957,0,1450452832
45090,298,1262,3,1447598561
45091,298,900,3,1447584438
45092,298,2986,0,1449592772
45093,298,2056,2,1447598627
45094,298,4728,3,1447560201
45095,298,2331,3,1449592536
45096,298,3405,2,1447599380
45097,298,2979,2,1447598491
45098,298,2808,4,1447584942
45099,298,1905,3,1447584525
45100,298,1264,2,1449592168
45101,298,1266,2,1450453258
45102,298,2057,2,1447598838
45103,298,2725,3,1447599065
45104,298,1268,2,1447598553
45105,298,2710,0,1447599295
45106,298,1269,2,1449592169
45107,298,2519,3,1447598337
45108,298,3409,0,1447599809
45109,298,5964,2,1466277607
45110,298,3154,2,1447560231
45111,298,1270,3,1447598411
45112,298,3412,3,1447517383
45113,298,2058,4,1447584434
45114,298,6513,3,1466277284
45115,298,6514,0,1467489584
45116,298,2987,2,1447598882
45117,298,1271,2,1449592439
45118,298,5865,0,1466277844
45119,298,1272,2,1447518125
45120,298,4522,1,1457795949
45121,298,3806,2,1447598729
45122,298,2520,0,1447599018
45123,298,1274,3,1449592478
45124,298,5759,0,1479064933
45125,298,3423,2,1447517101
45126,298,5965,1,1449592950
45127,298,6283,2,1479058069
45128,298,3425,3,1447584621
45129,298,904,3,1447560513
45130,298,2347,2,1449592783
45131,298,5026,3,1447599785
45132,298,1909,2,1449592661
45133,298,2989,2,1453033062
45134,298,2521,0,1447599569
45135,298,2129,3,1447516944
45136,298,4319,4,1447518355
45137,298,1278,4,1447516990
45138,298,1279,2,1447516856
45139,298,3429,0,1447517619
45140,298,906,2,1447599437
45141,298,4525,1,1447517499
45142,298,3432,1,1466277912
45143,298,6049,0,1447517714
45144,298,239,3,1447516837
45145,298,6515,2,1476628475
45146,298,6516,2,1447517894
45147,298,1911,3,1447516923
45148,298,4189,2,1447517223
45149,298,3437,0,1447517474
45150,298,1055,3,1447518170
45151,298,908,0,1447517340
45152,298,1282,4,1447516904
45153,298,2522,0,1447517168
45154,298,1914,3,1447517134
45155,298,1284,2,1447598736
45156,298,1285,1,1447516937
45157,298,5262,4,1447517228
45158,298,6355,3,1447517765
45159,298,1286,3,1447584838
45160,298,240,3,1447517068
45161,298,910,4,1447517051
45162,298,2130,3,1449592491
45163,298,2131,3,1447516941
45164,298,1915,2,1453032806
45165,298,911,0,1447517617
45166,298,4527,1,1466277779
45167,298,2064,3,1447516906
45168,298,6517,0,1447517299
45169,298,6518,1,1447517608
45170,298,3442,1,1447517204
45171,298,5814,2,1447517825
45172,298,1287,1,1447599055
45173,298,5974,1,1447517275
45174,298,2377,3,1447517103
45175,298,3444,3,1447584898
45176,298,1916,1,1447558918
45177,298,912,1,1447516933
45178,298,1288,3,1447517053
45179,298,4529,2,1447517528
45180,298,913,0,1447516975
45181,298,5769,2,1479057502
45182,298,3155,3,1447517587
45183,298,1058,3,1447518094
45184,298,1151,3,1447516912
45185,298,914,3,1447517014
45186,298,5265,3,1447517066
45187,298,2990,2,1447517115
45188,298,4766,4,1447584863
45189,298,2388,3,1453032973
45190,298,5266,4,1447517387
45191,298,4325,2,1447517454
45192,298,5975,3,1447517259
45193,298,3450,4,1447517029
45194,298,1293,2,1447558972
45195,298,3451,2,1447517419
45196,298,4767,0,1447517711
45197,298,3084,2,1447517077
45198,298,6519,0,1450453101
45199,298,1294,0,1447517193
45200,298,241,3,1447584427
45201,298,1059,4,1447518496
45202,298,1296,2,1447516968
45203,298,3085,0,1447517036
45204,298,6520,2,1467489621
45205,298,3454,0,1447517739
45206,298,1919,0,1447517290
45207,298,916,3,1449588972
45208,298,3456,1,1476628489
45209,298,1297,3,1447584445
45210,298,4531,0,1447517461
45211,298,3458,4,1447558931
45212,298,1920,2,1447517023
45213,298,6052,1,1447517779
45214,298,1921,0,1447517186
45215,298,1060,2,1447598326
45216,298,918,3,1447516860
45217,298,4533,0,1467489591
45218,298,6521,2,1466277395
45219,298,2394,2,1476642695
45220,298,4534,1,1447517622
45221,298,6522,1,1466277632
45222,298,1063,3,1447517158
45223,298,3464,3,1447517332
45224,298,4770,1,1447517902
45225,298,3519,1,1447517377
45226,298,4771,1,1447599892
45227,298,4173,0,1447517172
45228,298,1302,3,1447517080
45229,298,922,1,1447516920
45230,298,3520,1,1447560155
45231,298,6523,2,1447517602
45232,298,1922,1,1447598782
45233,298,927,3,1449588973
45234,298,928,3,1447598317
45235,298,6358,0,1476628535
45236,298,1924,0,1447517809
45237,298,4538,0,1447517423
45238,298,6524,0,1447517763
45239,298,243,2,1447518115
45240,298,4539,0,1447517830
45241,298,1308,0,1447516961
45242,298,6525,2,1447517917
45243,298,3472,0,1447517536
45244,298,6526,2,1466277943
45245,298,1310,3,1447599411
45246,298,1926,3,1447518074
45247,298,1311,1,1447599679
45248,298,1312,2,1447516858
45249,298,1313,3,1447516876
45250,298,6058,0,1447517246
45251,298,4541,3,1447517236
45252,298,5273,2,1447517149
45253,298,5627,4,1447597914
45254,298,932,2,1447516927
45255,298,245,3,1447517993
45256,298,1928,2,1452878994
45257,298,4775,0,1447517595
45258,298,1316,1,1447517214
45259,298,1317,2,1447599179
45260,298,1318,3,1447516910
45261,298,1930,0,1447517741
45262,298,1319,2,1449589156
45263,298,1153,1,1447598356
45264,298,246,3,1447516992
45265,298,933,2,1447517046
45266,298,3090,0,1467489443
45267,298,3477,0,1447517753
45268,298,2815,2,1447517822
45269,298,4202,3,1447517746
45270,298,3841,2,1447599864
45271,298,934,1,1447517866
45272,298,1934,3,1447516874
45273,298,935,2,1447518067
45274,298,1154,3,1447517000
45275,298,4544,0,1447517644
45276,298,6031,2,1447517234
45277,298,1064,3,1447516955
45278,298,939,0,1447517317
45279,298,6527,2,1467489610
45280,298,3481,0,1447517161
45281,298,3847,1,1447517120
45282,298,1065,0,1447517043
45283,298,4545,2,1447517756
45284,298,4546,0,1447517560
45285,298,4253,2,1447517802
45286,298,3482,2,1447584807
45287,298,3849,2,1447517523
45288,298,4342,0,1447517243
45289,298,1325,3,1447516948
45290,298,248,4,1447517196
45291,298,4343,3,1447584687
45292,298,3484,4,1447584682
45293,298,3485,3,1449589124
45294,298,1327,2,1447599144
45295,298,2132,3,1447560537
45296,298,3093,3,1447517109
45297,298,1328,3,1447516900
45298,298,5671,3,1447517547
45299,298,6070,1,1458466914
45300,298,2410,3,1447599027
45301,298,3524,0,1467489225
45302,298,1938,1,1447517178
45303,298,2528,2,1447517063
45304,298,1939,3,1447516870
45305,298,1330,3,1447516930
45306,298,1331,3,1449589069
45307,298,942,3,1447517011
45308,298,1940,0,1447599822
45309,298,1941,3,1447598710
45310,298,3854,2,1467489703
45311,298,3855,0,1447517848
45312,298,943,2,1447517019
45313,298,3856,1,1467489499
45314,298,3486,0,1447517910
45315,298,4778,0,1453033159
45316,298,3095,2,1449589078
45317,298,1067,3,1447518162
45318,298,3096,3,1447517001
45319,298,1942,1,1447517357
45320,298,6528,3,1447517502
45321,298,6078,3,1447517471
45322,298,6032,0,1447517776
45323,298,2822,1,1447517540
45324,298,6529,2,1447517921
45325,298,4550,2,1466277825
45326,298,250,3,1447518516
45327,298,1334,3,1447598688
45328,298,6079,0,1467489735
45329,298,1944,4,1447516987
45330,298,251,2,1449589056
45331,298,4212,3,1447517463
45332,298,3489,3,1450441477
45333,298,3163,4,1447584681
45334,298,4552,1,1476628480
45335,298,6083,3,1476643009
45336,298,4553,2,1479057612
45337,298,1945,2,1447599139
45338,298,2993,3,1447517404
45339,298,2530,3,1447597879
45340,298,1947,2,1467489229
45341,298,1948,2,1450441607
45342,298,1069,3,1447598821
45343,298,4556,1,1466277604
45344,298,3491,3,1447518090
45345,298,4732,3,1450441378
45346,298,1336,2,1447599300
45347,298,949,2,1447598863
45348,298,1953,3,1466277829
45349,298,1070,4,1447598591
45350,298,4558,2,1466278051
45351,298,4733,3,1450452457
45352,298,2412,3,1447559005
45353,298,2830,3,1447518419
45354,298,4734,3,1447599707
45355,298,3870,0,1466277834
45356,298,2532,3,1447560613
45357,298,1343,3,1447597890
45358,298,252,3,1447518477
45359,298,1345,3,1447560574
45360,298,6098,0,1453033344
45361,298,6099,0,1453033162
45362,298,4791,1,1453033179
45363,298,1071,1,1450441357
45364,298,6102,2,1479058373
45365,298,3100,1,1467489217
45366,298,1346,3,1447584976
45367,298,1956,0,1466277937
45368,298,1958,3,1467489438
45369,298,3101,2,1447599275
45370,298,6530,3,1467489402
45371,298,1959,3,1447599714
45372,298,1960,3,1447599332
45373,298,1072,2,1449592963
45374,298,3102,3,1447584912
45375,298,6104,2,1466277326
45376,298,1350,3,1447599887
45377,298,2535,3,1467489232
45378,298,4706,3,1447560617
45379,298,3167,3,1447584688
45380,298,1967,2,1467489218
45381,298,1351,3,1479057425
45382,298,2834,3,1447560399
45383,298,957,2,1447558912
45384,298,3103,0,1452959679
45385,298,3529,2,1467489389
45386,298,1968,2,1467489238
45387,298,1970,2,1447518376
45388,298,1353,3,1447599404
45389,298,2736,2,1447518183
45390,298,959,3,1447597859
45391,298,1972,1,1476643153
45392,298,253,3,1447560263
45393,298,1974,3,1447599256
45394,298,1975,2,1447599745
45395,298,1976,2,1447518287
45396,298,3106,3,1447616295
45397,298,1981,3,1447599062
45398,298,1982,2,1476643330
45399,298,962,3,1447518495
45400,298,254,3,1447518025
45401,298,6112,0,1453033306
45402,298,6531,0,1479058063
45403,298,1075,3,1447584751
45404,298,1988,2,1466277616
45405,298,1357,3,1447560402
45406,298,6115,2,1450441481
45407,298,2536,1,1453033364
45408,298,1990,0,1467489607
45409,298,1076,3,1447518172
45410,298,1993,2,1479058211
45411,298,1994,3,1447599429
45412,298,1358,3,1447598988
45413,298,2538,3,1447560620
45414,298,6532,2,1453033058
45415,298,255,3,1447518030
45416,298,1077,3,1447518113
45417,298,4795,3,1447599391
45418,298,1078,4,1447518185
45419,298,6533,0,1450441583
45420,298,3109,2,1447599816
45421,298,3111,3,1450369296
45422,298,1079,3,1450452560
45423,298,2539,3,1447560101
45424,298,257,2,1476641575
45425,298,6534,2,1474818441
45426,298,2001,3,1447599845
45427,298,3114,3,1447599450
45428,298,967,3,1447599254
45429,298,1080,3,1450452667
45430,298,258,3,1447518261
45431,298,1081,4,1452692094
45432,298,1366,3,1447584738
45433,298,1367,3,1450441424
45434,298,1082,3,1458649352
45435,298,1369,3,1466276315
45436,298,1084,1,1476643275
45437,298,2010,2,1476628377
45438,298,4388,3,1447584684
45439,298,6535,2,1458977485
45440,298,4692,3,1458649574
45441,298,3537,3,1467489440
45442,298,3115,0,1458649792
45443,298,4588,2,1450453025
45444,298,3935,0,1478816371
45445,298,3539,1,1458650081
45446,298,4217,0,1453033069
45447,298,4803,3,1478816114
45448,298,1085,3,1450369253
45449,298,2846,4,1450453115
45450,298,2014,1,1467489221
45451,298,2015,0,1466278121
45452,298,6536,0,1458650132
45453,298,6537,2,1458650075
45454,298,6538,2,1479057258
45455,298,4804,2,1476643063
45456,298,2018,1,1458650077
45457,298,969,2,1458649784
45458,298,6539,3,1477826185
45459,298,2021,2,1458649553
45460,298,6540,0,1450453125
45461,298,1373,3,1458649519
45462,298,2023,2,1458649771
45463,298,2855,2,1458649533
45464,298,971,1,1458649558
45465,298,2742,2,1466276306
45466,298,3971,0,1478816387
45467,298,1375,3,1458649757
45468,298,2027,1,1458649798
45469,298,3993,0,1466277933
45470,298,3541,0,1466277836
45471,298,4822,3,1466277191
45472,298,4604,0,1479058487
45473,298,1384,2,1478816375
45474,299,482,3,974620151
45475,299,4877,2,974620151
45476,299,71,4,974620129
45477,299,76,3,974620404
45478,299,84,4,974620404
45479,299,2147,4,974620404
45480,299,1171,4,974620129
45481,299,1543,4,974620462
45482,299,2905,4,974620418
45483,299,172,2,974620151
45484,299,181,4,974620462
45485,299,1011,4,974620300
45486,299,1703,3,974620319
45487,299,3301,3,974620319
45488,299,1039,5,974620418
45489,299,1042,4,974620319
45490,299,220,5,974620300
45491,299,738,3,974620300
45492,299,1014,4,974620300
45493,299,1015,4,974620319
45494,299,1016,4,974620300
45495,299,1795,3,974620300
45496,299,229,4,974620300
45497,300,233,4,1425351440
45498,300,21,4,1425351838
45499,300,29,5,1425351444
45500,300,35,4,1425351824
45501,300,3499,5,1425351831
45502,300,234,3,1425351457
45503,300,122,4,1425351455
45504,300,392,5,1425351454
45505,300,148,4,1425351826
45506,300,167,4,1425351455
45507,300,402,3,1425351463
45508,300,185,5,1425351840
45509,300,193,4,1425351831
45510,300,1829,4,1425352220
45511,300,1126,4,1425351826
45512,300,1206,4,1425351827
45513,300,1147,5,1425351465
45514,300,2047,5,1425352017
45515,300,1130,5,1425351852
45516,300,1230,3,1425352209
45517,300,1133,5,1425352021
45518,300,1054,3,1425351494
45519,300,1916,4,1425351852
45520,300,245,4,1425351826
45521,300,1933,5,1425352062
45522,300,945,4,1425351835
45523,300,252,3,1425351854
45524,300,254,5,1425351522
45525,300,1358,4,1425351526
45526,300,2538,5,1425351524
45527,300,255,4,1425351519
45528,300,1077,5,1425351523
45529,301,487,4,1211378532
45530,301,492,4,1211378910
45531,301,292,4,1211378459
45532,301,462,4,1211378851
45533,301,4,4,1211377521
45534,301,5,4,1211377304
45535,301,8,1,1211377341
45536,301,525,4,1211378832
45537,301,2165,4,1211376829
45538,301,532,2,1211377408
45539,301,540,4,1211378536
45540,301,14,4,1211378932
45541,301,588,2,1211378355
45542,301,17,4,1211377348
45543,301,2435,4,1211376464
45544,301,20,4,1211377642
45545,301,21,4,1211377360
45546,301,314,2,1211378400
45547,301,472,3,1211378040
45548,301,622,2,1211377574
45549,301,639,4,1211378304
45550,301,26,4,1211378193
45551,301,27,3,1211377438
45552,301,28,3,1211377883
45553,301,29,4,1211378498
45554,301,322,3,1211378160
45555,301,671,3,1211378329
45556,301,479,0,1211377464
45557,301,481,4,1211378111
45558,301,37,3,1211377294
45559,301,38,2,1211378093
45560,301,41,0,1211377705
45561,301,42,1,1211377767
45562,301,43,2,1211378362
45563,301,701,1,1211376482
45564,301,720,4,1211376075
45565,301,66,4,1211377777
45566,301,1102,4,1211378235
45567,301,354,4,1211379351
45568,301,82,0,1211378553
45569,301,86,2,1211377686
45570,301,866,4,1211378874
45571,301,3284,3,1211376856
45572,301,2420,3,1211378296
45573,301,101,4,1211378679
45574,301,107,0,1211376270
45575,301,2460,4,1211376706
45576,301,1114,3,1211376361
45577,301,988,1,1211377856
45578,301,730,4,1211377859
45579,301,2399,2,1211376717
45580,301,1171,4,1211377624
45581,301,1543,0,1211376068
45582,301,836,2,1211378463
45583,301,1036,2,1211376280
45584,301,147,4,1211378375
45585,301,148,4,1211378847
45586,301,1862,2,1211376439
45587,301,1609,1,1211378697
45588,301,1115,1,1211376060
45589,301,171,0,1211378720
45590,301,1179,1,1211378404
45591,301,181,3,1211377798
45592,301,185,4,1211377433
45593,301,3299,3,1211376881
45594,301,422,3,1211378283
45595,301,220,4,1211377675
45596,301,1744,1,1211376889
45597,301,1016,0,1211378767
45598,301,429,3,1211377844
45599,301,1797,3,1211378441
45600,301,741,1,1211377866
45601,301,432,4,1211377586
45602,301,1022,4,1211378726
45603,301,1043,2,1211377660
45604,301,440,4,1211377627
45605,301,445,4,1211377352
45606,301,447,3,1211378838
45607,301,745,4,1211377663
45608,301,458,4,1211378854
45609,301,753,4,1211377329
45610,301,1126,4,1211378380
45611,301,755,4,1211378223
45612,301,1199,4,1211377633
45613,301,764,4,1211378683
45614,301,766,4,1211378412
45615,301,876,4,1211377891
45616,301,771,4,1211377789
45617,301,2047,3,1211378308
45618,301,235,4,1211377847
45619,301,1130,4,1211377420
45620,301,6541,4,1211379249
45621,301,779,4,1211377748
45622,301,780,3,1211378214
45623,301,783,3,1211377699
45624,301,792,3,1211378829
45625,301,795,4,1211377317
45626,301,2050,4,1211378689
45627,301,1237,0,1211378770
45628,301,2286,4,1211378385
45629,301,1892,2,1211378916
45630,301,1894,4,1211378131
45631,301,1895,2,1211378886
45632,301,1251,2,1211377755
45633,301,1255,3,1211377499
45634,301,1256,4,1211378321
45635,301,238,4,1211377300
45636,301,1052,5,1211378779
45637,301,2519,4,1211378540
45638,301,903,4,1211377531
45639,301,3415,3,1211379678
45640,301,2059,5,1211377253
45641,301,2061,4,1211379770
45642,301,2062,4,1211379829
45643,302,2,3,854472084
45644,302,3679,4,854472122
45645,302,492,5,854472022
45646,302,292,4,854473184
45647,302,496,5,854472022
45648,302,293,3,854472021
45649,302,462,4,854472084
45650,302,4,5,854473264
45651,302,296,5,854472122
45652,302,516,3,854472021
45653,302,8,4,854473187
45654,302,525,5,854472021
45655,302,16,5,854473264
45656,302,589,3,854473232
45657,302,17,5,854473183
45658,302,622,3,854473232
45659,302,626,3,854473322
45660,302,26,4,854473186
45661,302,641,3,854473322
45662,302,27,5,854473232
45663,302,479,4,854473232
45664,302,37,5,854472084
45665,302,675,3,854472158
45666,302,38,3,854472022
45667,302,3004,4,854472219
45668,302,42,3,854472021
45669,302,690,2,854472157
45670,302,43,4,854472021
45671,302,2427,4,854472122
45672,302,1028,5,854473349
45673,302,71,5,854473396
45674,302,1137,5,854473396
45675,303,491,2,1053302761
45676,303,293,3,1053303318
45677,303,533,3,1053302840
45678,303,16,3,1053303081
45679,303,635,3,1053302764
45680,303,27,3,1053303254
45681,303,479,5,1053303177
45682,303,337,3,1053302773
45683,303,62,1,1053302847
45684,303,66,5,1053303213
45685,303,67,3,1053303232
45686,303,1451,3,1053303274
45687,303,69,5,1053303076
45688,303,1029,5,1053303091
45689,303,74,5,1053303183
45690,303,76,5,1053303079
45691,303,82,5,1053303081
45692,303,726,2,1053302834
45693,303,865,2,1053302799
45694,303,84,2,1053302823
45695,303,86,3,1053303095
45696,303,1166,5,1053303268
45697,303,977,5,1053302850
45698,303,978,3,1053302837
45699,303,1167,5,1053303250
45700,303,1475,4,1053302804
45701,303,99,3,1053302830
45702,303,1031,3,1053302769
45703,303,102,5,1053303260
45704,303,727,3,1053302767
45705,303,1032,3,1053303246
45706,303,1618,3,1053303272
45707,303,167,5,1053303064
45708,303,173,5,1053303264
45709,303,3295,3,1053303235
45710,303,400,3,1053302756
45711,303,405,5,1053302810
45712,303,183,3,1053302815
45713,303,199,5,1053303306
45714,303,416,4,1053303225
45715,303,1722,4,1053303314
45716,303,219,5,1053303217
45717,303,224,5,1053303341
45718,303,225,5,1053303210
45719,303,229,5,1053303204
45720,303,757,3,1053303086
45721,303,758,5,1053303310
45722,303,759,3,1053303172
45723,303,762,4,1053303229
45724,303,6429,3,1053303200
45725,303,5407,3,1053302977
45726,303,3596,4,1053303222
45727,303,768,5,1053302932
45728,304,1,5,881428344
45729,304,482,4,891173962
45730,304,485,4,881428370
45731,304,487,4,891173528
45732,304,488,5,891173135
45733,304,489,4,913327439
45734,304,492,3,891174111
45735,304,292,4,896268435
45736,304,293,4,881427991
45737,304,462,1,881428195
45738,304,501,5,911720227
45739,304,296,4,899026578
45740,304,503,1,891174024
45741,304,505,5,881427812
45742,304,4699,4,920884193
45743,304,4037,4,947050233
45744,304,510,5,880915450
45745,304,520,3,947131745
45746,304,8,5,891172978
45747,304,521,1,881428111
45748,304,523,4,881428422
45749,304,525,3,881427846
45750,304,464,5,880915486
45751,304,9,4,929868738
45752,304,465,3,891173670
45753,304,532,4,891173528
45754,304,533,4,891173670
45755,304,1027,2,896006328
45756,304,1405,3,933714862
45757,304,540,4,891173670
45758,304,550,4,891173703
45759,304,305,3,936219523
45760,304,557,5,891173384
45761,304,569,4,914400399
45762,304,573,4,891174024
45763,304,16,5,881232527
45764,304,467,4,891173910
45765,304,468,4,891173047
45766,304,585,1,891173801
45767,304,589,4,918413027
45768,304,17,5,891173194
45769,304,591,3,891173703
45770,304,596,4,882785680
45771,304,233,4,931811802
45772,304,600,4,914132642
45773,304,1409,4,897895513
45774,304,20,4,891173554
45775,304,21,5,891172881
45776,304,314,5,897214277
45777,304,472,2,891172881
45778,304,315,4,891173336
45779,304,622,3,891173554
45780,304,473,4,891173554
45781,304,637,5,891173001
45782,304,1157,3,891173581
45783,304,26,5,891173460
45784,304,475,5,891173528
45785,304,27,4,891173581
45786,304,651,4,897241738
45787,304,28,1,891173384
45788,304,661,5,891173023
45789,304,29,5,891173070
45790,304,975,5,891173884
45791,304,322,4,891173316
45792,304,1095,4,891173435
45793,304,31,4,891173703
45794,304,828,4,891173994
45795,304,323,4,891173910
45796,304,479,5,891173460
45797,304,33,5,891173095
45798,304,35,4,891173825
45799,304,324,5,891173910
45800,304,481,4,947131768
45801,304,678,4,914400376
45802,304,261,4,881428022
45803,304,38,4,881428467
45804,304,1159,4,891173703
45805,304,3004,4,891173643
45806,304,326,4,881428397
45807,304,41,4,881427846
45808,304,43,4,881428195
45809,304,1026,2,889952830
45810,304,2427,3,881428467
45811,304,697,4,881428302
45812,304,5701,2,891173801
45813,304,1435,3,881428022
45814,304,2662,3,880248899
45815,304,332,4,945625667
45816,304,724,4,891172958
45817,304,6542,4,947131576
45818,304,49,5,891172903
45819,304,5703,3,891173994
45820,304,3282,4,891174024
45821,304,53,4,891173962
45822,304,863,4,891173962
45823,304,1775,4,891173884
45824,304,1135,4,891173435
45825,304,1449,3,946450994
45826,304,341,2,921631986
45827,304,60,4,891173384
45828,304,721,3,891173962
45829,304,61,4,881428302
45830,304,343,5,891172854
45831,304,66,5,891173884
45832,304,976,3,891173643
45833,304,725,4,891173581
45834,304,68,4,891173173
45835,304,349,3,946442342
45836,304,69,5,891173435
45837,304,70,5,891173173
45838,304,71,5,891173435
45839,304,1029,4,891173435
45840,304,1104,5,891173884
45841,304,74,5,881232527
45842,304,76,4,891173460
45843,304,78,4,891173356
45844,304,82,5,891173487
45845,304,2397,5,891173047
45846,304,865,4,891174111
45847,304,356,5,891172958
45848,304,85,5,891173317
45849,304,86,5,898641489
45850,304,87,4,891172829
45851,304,90,5,891172881
45852,304,1457,4,891173316
45853,304,270,4,920884238
45854,304,866,4,891173243
45855,304,2751,4,891173739
45856,304,1166,5,883381189
45857,304,978,4,891173528
45858,304,271,4,891173739
45859,304,1469,5,891173643
45860,304,1470,2,914132642
45861,304,1167,5,891173487
45862,304,1140,5,891173614
45863,304,1471,5,891173554
45864,304,93,2,891173614
45865,304,1474,4,891173265
45866,304,979,5,891173581
45867,304,2147,4,891173825
45868,304,362,2,881428445
45869,304,2420,3,881428397
45870,304,94,4,891173173
45871,304,1476,5,910520724
45872,304,95,3,891173528
45873,304,364,5,881233187
45874,304,1485,4,878039260
45875,304,98,4,883951827
45876,304,99,2,896092133
45877,304,1031,4,891172783
45878,304,1168,3,880248920
45879,304,100,4,883381154
45880,304,1493,3,920201225
45881,304,1494,3,897214277
45882,304,101,4,897241738
45883,304,102,5,882058232
45884,304,727,5,883381189
45885,304,103,2,891173614
45886,304,6316,2,898420600
45887,304,984,4,887497626
45888,304,728,5,891173614
45889,304,985,4,891172803
45890,304,1032,4,896045740
45891,304,108,4,896268382
45892,304,1114,3,933167454
45893,304,729,4,922226435
45894,304,5712,5,897788309
45895,304,1508,4,894151027
45896,304,1510,2,883381221
45897,304,234,4,902694032
45898,304,1512,3,911772309
45899,304,988,5,885216165
45900,304,1514,3,896006300
45901,304,2565,5,899026579
45902,304,1515,2,916237654
45903,304,110,4,916237634
45904,304,1527,3,919067410
45905,304,996,4,921631965
45906,304,990,3,910520625
45907,304,376,4,920201350
45908,304,1033,4,902745428
45909,304,1777,4,914132669
45910,304,383,4,889952810
45911,304,122,5,902745302
45912,304,139,4,913327469
45913,304,1591,3,922377001
45914,304,1593,3,920201251
45915,304,3228,4,909345935
45916,304,1596,3,932987177
45917,304,1597,2,918377374
45918,304,2910,4,922233436
45919,304,1607,5,918377374
45920,304,1609,4,918377405
45921,304,274,4,915381450
45922,304,2682,4,931678000
45923,304,2577,4,916237602
45924,304,1115,4,946615654
45925,304,1624,3,918950826
45926,304,2471,5,919592723
45927,304,163,3,945011519
45928,304,6453,4,934699093
45929,304,3294,4,929868483
45930,304,167,4,945958412
45931,304,1632,4,945833719
45932,304,172,5,929868483
45933,304,734,3,945406668
45934,304,182,4,945235899
45935,304,402,2,935882092
45936,304,185,2,944976444
45937,304,2594,2,939522830
45938,304,198,3,941349536
45939,304,201,3,943179156
45940,304,736,5,944976429
45941,304,3675,5,944976364
45942,304,416,5,946216891
45943,304,232,4,891173173
45944,305,482,3,1460136227
45945,305,3,3,1460222104
45946,305,491,4,1460136042
45947,305,496,3,1518197993
45948,305,293,5,1460222250
45949,305,461,3,1460136295
45950,305,4,4,1460135569
45951,305,5,5,1460134079
45952,305,6,5,1494259450
45953,305,526,4,1494246524
45954,305,11,5,1460304958
45955,305,540,4,1490211204
45956,305,13,4,1512203859
45957,305,14,1,1460563682
45958,305,15,4,1460563751
45959,305,16,5,1460134084
45960,305,585,3,1516132540
45961,305,589,3,1460135877
45962,305,17,5,1460135173
45963,305,470,3,1518198010
45964,305,18,3,1518197885
45965,305,233,5,1460134079
45966,305,611,4,1460563461
45967,305,21,4,1460135336
45968,305,314,5,1518197936
45969,305,619,4,1460563761
45970,305,622,4,1460136526
45971,305,473,3,1460136302
45972,305,1156,5,1460136231
45973,305,26,4,1491255664
45974,305,475,4,1518198036
45975,305,27,2,1490211400
45976,305,28,3,1460136206
45977,305,657,2,1511719318
45978,305,2655,2,1520341597
45979,305,29,5,1460135174
45980,305,1095,4,1460135378
45981,305,1420,3,1460563729
45982,305,1158,5,1460563758
45983,305,479,5,1460135760
45984,305,33,4,1511718975
45985,305,34,2,1491242731
45986,305,35,5,1460135280
45987,305,37,3,1460964093
45988,305,38,4,1518197850
45989,305,40,4,1460563812
45990,305,41,4,1494104090
45991,305,723,4,1460135277
45992,305,1160,5,1460135334
45993,305,43,4,1460136292
45994,305,1431,2,1460366765
45995,305,1028,5,1460134082
45996,305,331,4,1490211290
45997,305,1438,3,1518198067
45998,305,333,4,1460135276
45999,305,2997,4,1516130791
46000,305,45,5,1460135811
46001,305,724,4,1518198645
46002,305,2395,4,1516130661
46003,305,1445,4,1518768359
46004,305,3169,5,1463503095
46005,305,1135,4,1460135744
46006,305,61,5,1518197910
46007,305,345,4,1518197105
46008,305,63,5,1460135345
46009,305,64,5,1462397928
46010,305,1451,4,1460366546
46011,305,68,2,1463437043
46012,305,4262,5,1516130775
46013,305,349,2,1490211148
46014,305,1102,5,1460135175
46015,305,69,5,1460134091
46016,305,70,4,1519551423
46017,305,71,3,1461856896
46018,305,351,4,1527848104
46019,305,1029,3,1462474119
46020,305,1103,5,1460135283
46021,305,352,5,1460135663
46022,305,72,5,1460135381
46023,305,1104,4,1460135352
46024,305,74,5,1460135354
46025,305,75,5,1460135270
46026,305,76,4,1463335665
46027,305,1452,4,1535280644
46028,305,77,5,1460135296
46029,305,78,5,1460222189
46030,305,1137,5,1460135167
46031,305,79,5,1460135294
46032,305,354,5,1463503082
46033,305,2078,5,1524998198
46034,305,1139,5,1460221996
46035,305,2080,3,1464676090
46036,305,82,3,1460135792
46037,305,726,4,1518198580
46038,305,865,5,1460135620
46039,305,355,5,1460305704
46040,305,1107,4,1461700582
46041,305,2176,5,1460366849
46042,305,84,5,1460135285
46043,305,356,4,1460135385
46044,305,1109,4,1527848118
46045,305,2145,5,1463503090
46046,305,268,3,1516130793
46047,305,357,4,1460135347
46048,305,86,5,1460135786
46049,305,269,5,1494272751
46050,305,1111,3,1463788911
46051,305,88,5,1460221895
46052,305,1461,5,1460135851
46053,305,2147,3,1490211301
46054,305,362,2,1460563747
46055,305,364,3,1518767888
46056,305,100,1,1519831515
46057,305,727,4,1530817789
46058,305,103,2,1460366541
46059,305,1497,3,1533113699
46060,305,984,3,1518198078
46061,305,728,5,1460135948
46062,305,104,4,1495908511
46063,305,106,2,1460135974
46064,305,1501,2,1522360004
46065,305,1032,3,1511719176
46066,305,108,3,1518198046
46067,305,729,4,1460135927
46068,305,234,4,1460135609
46069,305,988,3,1460365965
46070,305,1169,3,1518768025
46071,305,109,4,1460135537
46072,305,2091,5,1460135794
46073,305,374,2,1518859144
46074,305,116,5,1513199505
46075,305,1171,4,1460135855
46076,305,382,5,1518858297
46077,305,5113,5,1524897941
46078,305,118,4,1519718081
46079,305,1544,3,1460365953
46080,305,1777,5,1461945079
46081,305,3547,5,1516131751
46082,305,836,5,1511719155
46083,305,120,4,1460366062
46084,305,122,4,1460135344
46085,305,127,4,1461353224
46086,305,134,3,1518768014
46087,305,135,1,1519591487
46088,305,1575,5,1460365952
46089,305,1580,5,1520341504
46090,305,145,5,1460222358
46091,305,273,5,1460564615
46092,305,1594,5,1519571072
46093,305,392,5,1460135273
46094,305,148,5,1460135547
46095,305,150,3,1518120448
46096,305,1864,4,1460366196
46097,305,1173,5,1518768150
46098,305,1175,5,1518858703
46099,305,164,3,1520341899
46100,305,166,3,1460224138
46101,305,167,5,1460135333
46102,305,1632,4,1494085249
46103,305,172,2,1511718989
46104,305,176,4,1460225565
46105,305,2925,5,1460225572
46106,305,732,5,1460365959
46107,305,180,4,1460224125
46108,305,1179,4,1518196166
46109,305,181,4,1511719000
46110,305,182,4,1518859007
46111,305,402,4,1460135654
46112,305,405,5,1460136226
46113,305,2587,4,1462546761
46114,305,1653,5,1524898025
46115,305,185,5,1460135380
46116,305,1180,5,1524487985
46117,305,189,4,1494083411
46118,305,1181,5,1460135748
46119,305,193,4,1460135144
46120,305,194,5,1518120569
46121,305,5129,5,1520341593
46122,305,195,4,1460306169
46123,305,199,3,1460365988
46124,305,1142,5,1460225538
46125,305,204,5,1460135785
46126,305,415,3,1522839771
46127,305,2197,3,1531409707
46128,305,4083,5,1516132874
46129,305,1185,5,1460135986
46130,305,2511,3,1522614739
46131,305,1011,3,1460303116
46132,305,1718,5,1460221956
46133,305,1039,4,1460135784
46134,305,5084,5,1493289636
46135,305,219,4,1460135999
46136,305,1041,5,1518768059
46137,305,6018,3,1460304485
46138,305,220,5,1460135663
46139,305,738,2,1518198024
46140,305,223,4,1516130674
46141,305,1145,5,1460221953
46142,305,1187,4,1518198034
46143,305,1872,5,1491242279
46144,305,739,5,1495908577
46145,305,740,4,1511719856
46146,305,6407,2,1461944891
46147,305,278,5,1460135782
46148,305,742,3,1534613248
46149,305,432,4,1518198622
46150,305,433,3,1520889135
46151,305,1190,4,1460227635
46152,305,1022,5,1460221985
46153,305,1803,3,1527234349
46154,305,1043,4,1460302550
46155,305,440,4,1516462785
46156,305,3140,4,1524897911
46157,305,1023,3,1460303117
46158,305,744,5,1494163583
46159,305,445,3,1460135170
46160,305,1811,3,1460303377
46161,305,446,3,1460303109
46162,305,447,4,1460303017
46163,305,1191,4,1460135342
46164,305,1812,4,1518858976
46165,305,2634,2,1520024306
46166,305,1817,4,1460303129
46167,305,747,4,1518198177
46168,305,5350,3,1534715960
46169,305,4872,3,1516132643
46170,305,3320,4,1460303404
46171,305,749,3,1460303465
46172,305,1825,4,1460324015
46173,305,1125,5,1460135844
46174,305,458,3,1518198357
46175,305,753,4,1460135856
46176,305,1126,5,1464298261
46177,305,754,5,1460135293
46178,305,755,5,1464428743
46179,305,2220,4,1460838699
46180,305,1840,4,1460303255
46181,305,1842,4,1460136554
46182,305,758,3,1460302558
46183,305,1199,3,1518197933
46184,305,759,3,1460135945
46185,305,760,3,1460303034
46186,305,763,5,1460135409
46187,305,2125,3,1460303546
46188,305,764,3,1518198391
46189,305,1204,4,1460135764
46190,305,765,5,1460135301
46191,305,857,4,1460222154
46192,305,1045,3,1461792662
46193,305,766,5,1460135847
46194,305,1147,5,1460135166
46195,305,769,3,1460302556
46196,305,876,5,1460135607
46197,305,1046,5,1460136223
46198,305,2235,3,1460303066
46199,305,3661,4,1460303570
46200,305,6228,3,1460366319
46201,305,2514,4,1460303292
46202,305,1213,4,1460303447
46203,305,2047,3,1460225561
46204,305,3668,3,1535125306
46205,305,4980,4,1520706850
46206,305,6543,5,1516132019
46207,305,1148,3,1518858325
46208,305,235,5,1460226423
46209,305,3337,3,1460303517
46210,305,773,3,1460303007
46211,305,878,4,1518198649
46212,305,2243,4,1519637545
46213,305,2244,1,1462473901
46214,305,3597,4,1494083551
46215,305,3142,5,1516132323
46216,305,774,4,1524488097
46217,305,775,5,1460135291
46218,305,2969,4,1460136348
46219,305,1221,5,1491172195
46220,305,3144,4,1490554821
46221,305,1048,5,1460222005
46222,305,4508,5,1520024699
46223,305,777,3,1494083620
46224,305,3345,3,1460303370
46225,305,1149,5,1516131922
46226,305,5524,5,1520024674
46227,305,3205,4,1516132508
46228,305,3577,4,1531409729
46229,305,1226,4,1460303161
46230,305,780,3,1511719270
46231,305,2753,3,1460136253
46232,305,781,2,1460303788
46233,305,3146,2,1535183790
46234,305,782,4,1460303213
46235,305,887,3,1490298147
46236,305,4892,4,1460366151
46237,305,1227,3,1520707055
46238,305,1049,5,1460136224
46239,305,2265,4,1519494384
46240,305,2266,4,1461353185
46241,305,1229,1,1511718642
46242,305,795,3,1534613240
46243,305,3357,4,1460366266
46244,305,6544,5,1519639479
46245,305,4857,3,1518767943
46246,305,1132,4,1519506580
46247,305,2484,4,1460304453
46248,305,2050,4,1460135619
46249,305,891,5,1463335526
46250,305,801,4,1460227548
46251,305,5537,4,1527886332
46252,305,2051,5,1460221976
46253,305,2285,3,1460365899
46254,305,1150,4,1460302952
46255,305,893,2,1460136256
46256,305,807,5,1460222060
46257,305,2286,5,1460135803
46258,305,809,3,1460136024
46259,305,2288,4,1460222026
46260,305,810,5,1460135651
46261,305,812,3,1460303125
46262,305,1892,4,1460303105
46263,305,813,4,1460303278
46264,305,1242,2,1520284858
46265,305,1244,5,1460222173
46266,305,5753,4,1460304542
46267,305,4994,4,1460303834
46268,305,1248,4,1518716700
46269,305,2299,3,1464675022
46270,305,1894,4,1518198360
46271,305,1251,2,1516132287
46272,305,2307,5,1460135199
46273,305,1252,5,1460135627
46274,305,1253,5,1460135367
46275,305,1254,3,1460303179
46276,305,4516,4,1460366310
46277,305,5253,3,1460136894
46278,305,1896,4,1520285010
46279,305,1897,3,1460136668
46280,305,3385,3,1460136691
46281,305,3388,4,1460137010
46282,305,899,5,1460135795
46283,305,1258,5,1513198994
46284,305,2128,2,1460136471
46285,305,1901,5,1460136787
46286,305,1050,3,1460136731
46287,305,2316,5,1460221977
46288,305,1133,5,1524599281
46289,305,238,4,1460135171
46290,305,2317,5,1460136687
46291,305,1051,3,1460135428
46292,305,1052,3,1460222185
46293,305,6545,3,1460137412
46294,305,2320,4,1460135189
46295,305,1260,4,1520462154
46296,305,2324,4,1460137192
46297,305,1903,3,1460136926
46298,305,2326,4,1519561930
46299,305,5957,4,1460366268
46300,305,1262,4,1460135919
46301,305,900,3,1516130709
46302,305,2328,4,1460136763
46303,305,2056,5,1519561964
46304,305,3153,4,1460303376
46305,305,1907,3,1460303315
46306,305,1267,3,1460136770
46307,305,2057,4,1460136737
46308,305,2335,4,1460136755
46309,305,2519,3,1518198399
46310,305,3154,4,1531084224
46311,305,1270,5,1460136664
46312,305,903,4,1460135616
46313,305,2336,3,1463503067
46314,305,2987,5,1461875290
46315,305,2338,3,1520520727
46316,305,2988,4,1516462685
46317,305,1271,3,1460302579
46318,305,1272,3,1460136657
46319,305,1273,5,1460136738
46320,305,1274,2,1494083634
46321,305,2344,5,1460304582
46322,305,1275,5,1460135858
46323,305,2059,4,1525031014
46324,305,2345,5,1516462883
46325,305,2346,3,1460136822
46326,305,5760,4,1460137045
46327,305,2060,3,1460136824
46328,305,1054,3,1460135196
46329,305,904,5,1519593027
46330,305,1276,3,1460303363
46331,305,1909,3,1460136773
46332,305,2061,4,1535488177
46333,305,2989,3,1519494391
46334,305,2980,3,1460137242
46335,305,1278,4,1518198724
46336,305,1279,5,1460135958
46337,305,1281,4,1460304634
46338,305,4763,4,1460137328
46339,305,239,5,1460134085
46340,305,2351,4,1460136209
46341,305,1911,4,1460137685
46342,305,1055,4,1518197989
46343,305,908,3,1518198907
46344,305,1283,3,1464434507
46345,305,1914,4,1460136917
46346,305,6288,3,1460136949
46347,305,1056,5,1460135747
46348,305,3081,3,1460136726
46349,305,909,4,1460136910
46350,305,3441,3,1460137190
46351,305,6546,2,1460366816
46352,305,1286,4,1460134115
46353,305,2130,3,1520706872
46354,305,2131,5,1460135832
46355,305,2064,3,1460136674
46356,305,2368,3,1518199057
46357,305,5973,2,1460136367
46358,305,5814,5,1460137466
46359,305,2372,3,1460135869
46360,305,2373,2,1460137172
46361,305,1287,3,1460303697
46362,305,2810,4,1460137207
46363,305,2379,3,1460136820
46364,305,1916,5,1460135298
46365,305,1057,3,1518198737
46366,305,913,3,1460136729
46367,305,6547,5,1460137486
46368,305,6548,5,1494084068
46369,305,1058,5,1494083628
46370,305,2409,3,1518198773
46371,305,1151,5,1460136679
46372,305,1290,3,1460136665
46373,305,914,4,1460136352
46374,305,2384,4,1460136944
46375,305,4765,3,1460137020
46376,305,2386,4,1518198937
46377,305,5265,5,1460136834
46378,305,2990,5,1494084333
46379,305,2388,4,1519494303
46380,305,4325,5,1463503071
46381,305,5977,2,1518198802
46382,305,1293,5,1460137656
46383,305,5267,5,1518199066
46384,305,4326,4,1460304830
46385,305,3517,3,1518198780
46386,305,241,5,1460135642
46387,305,2390,4,1518731003
46388,305,1059,4,1494084460
46389,305,1296,4,1518197820
46390,305,1152,4,1460305894
46391,305,3085,3,1460136769
46392,305,1918,4,1460136761
46393,305,916,5,1460221997
46394,305,1297,5,1460135805
46395,305,6297,5,1460137461
46396,305,2991,5,1460135920
46397,305,918,3,1518198408
46398,305,1299,2,1518198836
46399,305,5268,4,1460137223
46400,305,1061,4,1460222144
46401,305,4196,4,1460137439
46402,305,2394,4,1460662252
46403,305,1301,4,1460136907
46404,305,5981,4,1460137125
46405,305,6300,2,1460304048
46406,305,4730,2,1460136883
46407,305,242,5,1518811499
46408,305,4173,2,1460136943
46409,305,4536,2,1460137012
46410,305,922,3,1463503220
46411,305,6549,3,1460137427
46412,305,291,4,1460136717
46413,305,925,4,1518198917
46414,305,5271,5,1460137057
46415,305,927,4,1460302996
46416,305,928,4,1460135862
46417,305,1304,2,1518198697
46418,305,1305,5,1460137048
46419,305,4332,4,1498488025
46420,305,243,3,1460135886
46421,305,1307,5,1460137059
46422,305,6550,4,1460137516
46423,305,3726,4,1460563969
46424,305,6551,2,1460564491
46425,305,6056,3,1535492086
46426,305,1926,4,1518198395
46427,305,1312,4,1460963990
46428,305,1314,3,1460563887
46429,305,245,5,1460135375
46430,305,6552,4,1460964124
46431,305,4775,4,1495907230
46432,305,1317,4,1460303748
46433,305,1318,3,1460963941
46434,305,1319,5,1460222316
46435,305,1153,5,1460134111
46436,305,246,4,1460135808
46437,305,6553,4,1460564107
46438,305,1933,3,1460134106
46439,305,1934,3,1518198364
46440,305,935,4,1460564213
46441,305,1154,4,1460222190
46442,305,3091,4,1460303567
46443,305,3479,5,1518811444
46444,305,1064,4,1460135997
46445,305,1065,3,1460303600
46446,305,5861,4,1460304870
46447,305,1066,3,1460303270
46448,305,6066,3,1460304610
46449,305,6554,2,1460366289
46450,305,5040,4,1518198815
46451,305,2410,2,1460366086
46452,305,3524,5,1460222264
46453,305,1938,2,1460303945
46454,305,2528,4,1460135965
46455,305,1939,2,1518198389
46456,305,1330,4,1460136304
46457,305,1331,3,1460366386
46458,305,942,4,1460303544
46459,305,1940,3,1518198757
46460,305,3856,3,1460306097
46461,305,6555,0,1518197698
46462,305,3487,3,1460304577
46463,305,3095,4,1460303444
46464,305,1067,4,1460564209
46465,305,5277,3,1460304590
46466,305,6074,4,1460564447
46467,305,3161,4,1460303873
46468,305,1942,4,1460304885
46469,305,3630,3,1520341535
46470,305,6077,3,1518173135
46471,305,3858,3,1460222341
46472,305,3097,3,1460303663
46473,305,1333,5,1460564299
46474,305,1068,2,1518198380
46475,305,250,5,1460135780
46476,305,1334,3,1460303366
46477,305,1944,4,1519561987
46478,305,6556,4,1460366138
46479,305,945,5,1460135329
46480,305,3489,4,1519891298
46481,305,6082,4,1460366188
46482,305,4552,4,1460305716
46483,305,1945,4,1460365634
46484,305,4254,4,1520352605
46485,305,2994,5,1460306060
46486,305,2530,5,1460303548
46487,305,6557,4,1460564040
46488,305,4555,1,1460564004
46489,305,1947,4,1460365912
46490,305,1069,2,1463503217
46491,305,949,0,1463503215
46492,305,951,3,1460303280
46493,305,1953,4,1460304539
46494,305,1070,2,1460135836
46495,305,4733,5,1460304495
46496,305,2733,3,1460564316
46497,305,2830,4,1460135562
46498,305,1340,4,1460366788
46499,305,1343,3,1460136037
46500,305,252,5,1460135804
46501,305,6101,3,1460366113
46502,305,1346,2,1460366341
46503,305,2133,3,1518858776
46504,305,1348,4,1460136589
46505,305,3101,4,1519494337
46506,305,3638,3,1460564140
46507,305,1960,5,1519494251
46508,305,1072,2,1460303701
46509,305,1349,4,1460303746
46510,305,956,4,1460222301
46511,305,1966,4,1460366067
46512,305,1967,5,1460222140
46513,305,1073,3,1518198403
46514,305,2835,3,1460135751
46515,305,6558,5,1460564101
46516,305,5032,2,1460564044
46517,305,6559,5,1460304980
46518,305,1969,4,1460366201
46519,305,1970,3,1460135873
46520,305,3104,4,1460304042
46521,305,1353,3,1460563889
46522,305,2736,4,1460135606
46523,305,6560,3,1460564134
46524,305,959,3,1460136597
46525,305,1972,3,1460366218
46526,305,960,4,1460303575
46527,305,4215,2,1460564021
46528,305,253,4,1460135414
46529,305,6561,3,1460306068
46530,305,1975,5,1460563900
46531,305,1976,5,1460135960
46532,305,5674,2,1519506679
46533,305,3106,2,1460303957
46534,305,1981,3,1460365746
46535,305,962,5,1460135536
46536,305,254,3,1460303041
46537,305,6562,3,1460366158
46538,305,1075,2,1460366125
46539,305,2995,4,1460306056
46540,305,3107,2,1460303853
46541,305,6115,0,1531480432
46542,305,4375,4,1460564104
46543,305,1076,3,1460303277
46544,305,1993,4,1460136232
46545,305,255,5,1460135413
46546,305,1077,3,1460135612
46547,305,3533,3,1460366017
46548,305,6563,5,1460564166
46549,305,1078,4,1460136524
46550,305,6564,4,1460366487
46551,305,5675,4,1460964137
46552,305,6565,3,1461945549
46553,305,3109,5,1460303909
46554,305,1079,3,1460304467
46555,305,3112,4,1460222142
46556,305,2539,3,1460135995
46557,305,257,5,1460303337
46558,305,1362,5,1460135955
46559,305,2001,3,1460134878
46560,305,5449,2,1460134934
46561,305,3114,3,1460303780
46562,305,6566,4,1513199649
46563,305,2006,3,1460222374
46564,305,1080,3,1460366614
46565,305,6034,2,1460134932
46566,305,258,2,1460134157
46567,305,1081,3,1460134130
46568,305,1366,3,1460134192
46569,305,1367,3,1460134469
46570,305,1082,5,1460134128
46571,305,2135,4,1534613120
46572,305,2136,4,1524812262
46573,305,1368,3,1518198315
46574,305,1369,4,1518198433
46575,305,1370,4,1535183821
46576,305,2542,3,1460134165
46577,305,3539,3,1460366117
46578,305,6567,4,1460134782
46579,305,6568,2,1460134956
46580,305,2013,3,1460134914
46581,305,1085,3,1460134123
46582,305,5988,3,1460134466
46583,305,2014,3,1460134222
46584,305,1086,2,1460134155
46585,305,2018,4,1460134943
46586,305,969,3,1460134883
46587,305,2543,2,1520444419
46588,305,4725,3,1519551278
46589,305,1373,3,1460134160
46590,305,2855,3,1460223585
46591,305,971,4,1460134184
46592,305,6569,5,1522099191
46593,305,5632,4,1533043577
46594,305,2858,3,1460134242
46595,305,1376,3,1460134123
46596,305,1087,4,1518768278
46597,305,2863,4,1461353230
46598,305,6570,4,1460134224
46599,305,1379,3,1511719886
46600,305,6571,5,1537354985
46601,305,6572,5,1462192645
46602,305,1384,3,1519560242
46603,305,4824,0,1518197696
46604,305,6573,3,1519591667
46605,305,2031,4,1494085428
46606,305,6121,3,1534716084
46607,305,3120,3,1535145839
46608,305,2748,4,1512203731
46609,305,6574,4,1494169748
46610,305,1391,4,1518198307
46611,305,1092,3,1518198335
46612,305,1393,4,1490211220
46613,305,4834,3,1530817805
46614,305,3126,4,1534633433
46615,305,2879,4,1518198605
46616,305,3128,3,1518767976
46617,305,6575,2,1519393119
46618,305,5667,3,1521100564
46619,305,6576,2,1531480381
46620,305,2139,5,1532877841
46621,306,1464,2,1518327186
46622,306,402,3,1518380629
46623,306,745,3,1518380248
46624,306,749,3,1518380619
46625,306,1044,3,1518380179
46626,306,752,3,1518380206
46627,306,753,3,1518380999
46628,306,756,3,1518380761
46629,306,763,3,1518380283
46630,306,6038,4,1518327242
46631,306,873,4,1518380565
46632,306,876,4,1518380209
46633,306,1046,2,1518327128
46634,306,883,3,1518380959
46635,306,779,3,1518381034
46636,306,795,3,1518380212
46637,306,5242,3,1518380981
46638,306,892,3,1518380356
46639,306,893,2,1518380150
46640,306,2127,2,1518381028
46641,306,819,5,1518327422
46642,306,3385,4,1518380159
46643,306,1053,3,1518380225
46644,306,1905,2,1518381116
46645,306,1907,3,1518380996
46646,306,3424,3,1518380281
46647,306,906,3,1518380295
46648,306,3437,3,1518381046
46649,306,1056,5,1518326983
46650,306,3082,3,1518380670
46651,306,1057,3,1518381102
46652,306,914,2,1518380735
46653,306,2524,2,1518380408
46654,306,915,3,1518380748
46655,306,916,4,1518380199
46656,306,917,5,1518327411
46657,306,1921,3,1518381229
46658,306,242,2,1518380938
46659,306,926,2,1518380584
46660,306,927,3,1518380961
46661,306,3522,3,1518380544
46662,306,1926,3,1518380221
46663,306,3523,3,1518380661
46664,306,1930,3,1518380533
46665,306,1153,2,1518380427
46666,306,936,4,1518380154
46667,306,3847,3,1518380802
46668,306,4546,3,1518380659
46669,306,6554,2,1518327296
46670,306,3485,4,1518380146
46671,306,2528,4,1518380305
46672,306,3855,3,1518380865
46673,306,6577,2,1518327261
46674,306,950,3,1518381075
46675,306,1953,4,1518380156
46676,306,2829,3,1518380455
46677,306,1954,4,1518380548
46678,306,5013,3,1518380598
46679,306,3876,3,1518380770
46680,306,955,3,1518380521
46681,306,1961,5,1518327397
46682,306,3639,4,1518327372
46683,306,1967,4,1518380152
46684,306,6578,3,1518327312
46685,306,6579,2,1518327196
46686,306,960,4,1518380586
46687,306,254,3,1518380445
46688,306,4571,4,1518380332
46689,306,1988,2,1518380322
46690,306,2536,3,1518380945
46691,306,1990,3,1518381015
46692,306,1078,3,1518380204
46693,306,1998,4,1518380216
46694,306,6580,4,1518380553
46695,306,2003,4,1518380448
46696,306,2006,3,1518380725
46697,306,4737,3,1518380574
46698,306,6581,2,1518327323
46699,306,1082,3,1518381003
46700,306,1368,3,1518380421
46701,306,3938,3,1518380804
46702,306,2013,4,1518380314
46703,306,2014,5,1518380228
46704,306,1086,4,1518380200
46705,306,4593,3,1518380730
46706,306,2020,4,1518381248
46707,306,6582,2,1518327167
46708,306,971,3,1518380163
46709,306,2861,3,1518380518
46710,306,4601,2,1518380888
46711,306,6583,3,1518380372
46712,306,1088,2,1518380603
46713,306,1089,4,1518380219
46714,306,6584,3,1518327275
46715,306,4002,4,1518380392
46716,306,4605,3,1518380792
46717,306,6585,2,1518380909
46718,306,4607,3,1518380883
46719,306,6586,4,1518327380
46720,306,4611,4,1518380293
46721,306,4615,3,1518380859
46722,306,4828,3,1518327218
46723,306,4009,3,1518380898
46724,306,4625,4,1518380328
46725,306,3121,4,1518327356
46726,306,4012,2,1518380526
46727,306,3122,3,1518327021
46728,306,4630,3,1518381253
46729,306,6587,4,1518380703
46730,306,3128,4,1518380362
46731,306,4027,4,1518327001
46732,306,6588,3,1518327334
46733,307,1,4,1186160893
46734,307,482,2,1186161482
46735,307,2,3,1186161652
46736,307,487,2,1186161010
46737,307,491,4,1186087665
46738,307,2658,3,1186410788
46739,307,493,4,1186084466
46740,307,292,2,1189457112
46741,307,494,2,1186162078
46742,307,495,2,1186162409
46743,307,498,2,1186172544
46744,307,260,1,1186162274
46745,307,293,3,1186160917
46746,307,463,2,1186161053
46747,307,4,4,1186160966
46748,307,5,4,1186160949
46749,307,505,3,1186161410
46750,307,506,2,1186086548
46751,307,6,3,1186161936
46752,307,5551,2,1186173251
46753,307,512,3,1186086639
46754,307,2432,3,1186086089
46755,307,7,4,1186087030
46756,307,519,3,1186161576
46757,307,8,3,1186087165
46758,307,1094,3,1186161426
46759,307,525,2,1186086587
46760,307,526,3,1186085751
46761,307,2165,2,1186085932
46762,307,464,2,1186411488
46763,307,465,2,1186411478
46764,307,10,2,1186087548
46765,307,528,1,1186161857
46766,307,532,2,1186160959
46767,307,2070,3,1189457547
46768,307,538,4,1186162457
46769,307,540,2,1227538428
46770,307,541,0,1186161908
46771,307,2424,2,1186163251
46772,307,549,1,1186163149
46773,307,550,2,1186161045
46774,307,553,1,1186257538
46775,307,12,4,1186086542
46776,307,554,2,1186085697
46777,307,13,4,1186161445
46778,307,559,3,1186162419
46779,307,14,2,1186160994
46780,307,15,3,1186161612
46781,307,569,1,1186162086
46782,307,466,3,1186161035
46783,307,571,0,1186162269
46784,307,16,3,1186160883
46785,307,468,3,1186161585
46786,307,579,1,1186173147
46787,307,580,2,1186163076
46788,307,585,4,1203528213
46789,307,588,2,1186161022
46790,307,17,4,1186088034
46791,307,233,4,1186088053
46792,307,19,3,1186162123
46793,307,604,3,1186161582
46794,307,605,1,1186161060
46795,307,607,1,1186085618
46796,307,471,4,1186084464
46797,307,311,3,1233346434
46798,307,611,4,1211305254
46799,307,21,4,1186088040
46800,307,314,3,1227538399
46801,307,472,3,1186160981
46802,307,23,1,1186160996
46803,307,1410,2,1186162412
46804,307,973,2,1186161849
46805,307,622,1,1186160946
46806,307,6589,2,1186084446
46807,307,474,3,1186084482
46808,307,2548,2,1186084579
46809,307,631,2,1186086379
46810,307,2167,4,1186087300
46811,307,5694,2,1186087471
46812,307,1156,3,1186087590
46813,307,2551,1,1186173026
46814,307,634,1,1227538408
46815,307,635,1,1186161733
46816,307,25,3,1186162639
46817,307,639,3,1189456997
46818,307,640,0,1186162451
46819,307,26,3,1186160880
46820,307,643,1,1186161770
46821,307,3002,1,1186172905
46822,307,27,3,1187383664
46823,307,28,2,1186160992
46824,307,655,1,1215657412
46825,307,656,2,1186173005
46826,307,3003,2,1186173076
46827,307,660,2,1186161792
46828,307,661,2,1186162607
46829,307,29,4,1186160910
46830,307,975,2,1186162042
46831,307,477,3,1186162748
46832,307,322,2,1186161019
46833,307,1095,3,1189455304
46834,307,30,3,1186161898
46835,307,1420,3,1186161574
46836,307,32,4,1186161647
46837,307,2440,2,1186163068
46838,307,2501,0,1186087094
46839,307,828,2,1186161387
46840,307,671,2,1186161012
46841,307,323,4,1186084593
46842,307,479,2,1186160891
46843,307,33,3,1186160889
46844,307,34,4,1186085959
46845,307,35,4,1186088046
46846,307,480,2,1186161562
46847,307,324,3,1186086099
46848,307,36,2,1186161902
46849,307,481,3,1186160989
46850,307,37,3,1186160944
46851,307,674,2,1186085259
46852,307,675,4,1193663295
46853,307,38,2,1186160954
46854,307,2659,5,1189457600
46855,307,683,1,1186085086
46856,307,326,2,1186161579
46857,307,686,3,1186087752
46858,307,688,1,1186162403
46859,307,1426,1,1186162414
46860,307,41,3,1189456315
46861,307,42,1,1186160977
46862,307,1160,3,1186161528
46863,307,43,2,1186411440
46864,307,1026,4,1186087476
46865,307,1430,2,1186162126
46866,307,1431,2,1186161496
46867,307,1434,2,1186172278
46868,307,699,2,1186162844
46869,307,2661,1,1186172725
46870,307,1028,4,1186160985
46871,307,707,0,1186258792
46872,307,708,2,1186163246
46873,307,332,3,1197475173
46874,307,333,4,1198680625
46875,307,334,4,1198813463
46876,307,2754,4,1186085192
46877,307,335,3,1186162190
46878,307,2997,4,1200150332
46879,307,45,5,1186161447
46880,307,46,4,1194121098
46881,307,724,3,1186084299
46882,307,2395,3,1186161871
46883,307,1161,2,1186163213
46884,307,1448,1,1186085079
46885,307,2446,2,1186162735
46886,307,863,4,1186161879
46887,307,56,5,1186086117
46888,307,57,4,1186084642
46889,307,1775,4,1186161851
46890,307,1135,3,1189456334
46891,307,832,1,1186162599
46892,307,58,2,1186162407
46893,307,720,3,1186162377
46894,307,61,4,1186161025
46895,307,345,4,1213926445
46896,307,864,3,1186162146
46897,307,63,4,1186161465
46898,307,65,3,1186085918
46899,307,266,3,1197407444
46900,307,346,2,1186161825
46901,307,833,3,1207701931
46902,307,66,3,1186161008
46903,307,725,0,1186161510
46904,307,2174,3,1186162288
46905,307,5705,4,1215657469
46906,307,68,3,1186161067
46907,307,1102,3,1186161061
46908,307,69,3,1186411459
46909,307,70,3,1186161029
46910,307,71,4,1226946657
46911,307,1103,4,1200150685
46912,307,2396,3,1186161930
46913,307,72,3,1186161521
46914,307,1104,3,1186161862
46915,307,74,3,1186411468
46916,307,75,4,1186161459
46917,307,76,2,1227538416
46918,307,1452,5,1186085362
46919,307,77,3,1186161602
46920,307,78,2,1186161539
46921,307,1137,4,1186161428
46922,307,79,3,1186161615
46923,307,1138,3,1186162326
46924,307,1106,2,1198680550
46925,307,82,2,1186161032
46926,307,726,3,1186161590
46927,307,865,4,1189689059
46928,307,1107,3,1205410448
46929,307,1454,3,1186086301
46930,307,84,3,1186161547
46931,307,356,3,1186161507
46932,307,1109,4,1198680573
46933,307,268,4,1186162229
46934,307,85,3,1186161049
46935,307,86,4,1186085735
46936,307,2177,3,1186162341
46937,307,1456,2,1186162143
46938,307,360,3,1186161725
46939,307,90,3,1186161065
46940,307,866,3,1242825832
46941,307,1458,0,1186084959
46942,307,6590,1,1186084951
46943,307,1459,0,1186084970
46944,307,6591,0,1186084968
46945,307,3222,0,1186084967
46946,307,6186,3,1186084955
46947,307,6592,0,1186084961
46948,307,1460,1,1186085226
46949,307,1461,3,1186086590
46950,307,1462,4,1186087158
46951,307,1463,2,1186087552
46952,307,2558,4,1186087570
46953,307,1464,4,1186087614
46954,307,1030,3,1186162828
46955,307,977,2,1186161813
46956,307,4050,4,1215657378
46957,307,1474,2,1186161678
46958,307,2147,3,1186161485
46959,307,362,2,1186161638
46960,307,2420,1,1189456386
46961,307,995,2,1186086102
46962,307,1476,0,1186161619
46963,307,1477,0,1186083427
46964,307,5763,2,1189607637
46965,307,2559,0,1186086384
46966,307,1479,4,1187191554
46967,307,2560,0,1186086070
46968,307,1483,1,1186172323
46969,307,2453,2,1186163209
46970,307,1484,3,1186162444
46971,307,1485,3,1186161634
46972,307,2454,2,1186172723
46973,307,6593,1,1186085496
46974,307,3017,3,1186173103
46975,307,1487,0,1186085002
46976,307,98,2,1186161752
46977,307,6188,0,1186084415
46978,307,2563,1,1186162447
46979,307,99,3,1186085442
46980,307,1168,2,1189529191
46981,307,100,3,1189529320
46982,307,1492,2,1186085940
46983,307,102,2,1186161017
46984,307,727,2,1186161492
46985,307,982,2,1186163104
46986,307,1498,2,1186172494
46987,307,1500,0,1186083454
46988,307,104,3,1187025727
46989,307,1009,4,1186087816
46990,307,1501,4,1200150380
46991,307,2461,4,1211305558
46992,307,729,4,1186161568
46993,307,234,3,1186161433
46994,307,1512,0,1186163096
46995,307,988,2,1186161016
46996,307,1169,4,1186162172
46997,307,109,4,1186086490
46998,307,2672,4,1217882506
46999,307,110,3,1186161886
47000,307,730,3,1186085308
47001,307,2462,2,1186878668
47002,307,113,1,1186162633
47003,307,5146,2,1186172459
47004,307,3172,3,1186173028
47005,307,375,2,1186087545
47006,307,1534,1,1186163122
47007,307,731,2,1186085264
47008,307,379,3,1186161435
47009,307,1171,3,1186161420
47010,307,117,4,1187191575
47011,307,382,4,1186087183
47012,307,1541,2,1186172953
47013,307,2999,3,1186163278
47014,307,1542,3,1186087840
47015,307,6189,3,1186087848
47016,307,6190,2,1186087850
47017,307,1543,2,1186162394
47018,307,6372,1,1186172728
47019,307,2905,3,1186161939
47020,307,118,4,1242825854
47021,307,1544,2,1186162140
47022,307,119,4,1186162282
47023,307,836,3,1186085737
47024,307,120,3,1186085741
47025,307,5162,0,1186173639
47026,307,121,3,1186085837
47027,307,837,3,1186162169
47028,307,993,1,1186173315
47029,307,1551,3,1186086690
47030,307,1556,3,1186172338
47031,307,126,1,1186161644
47032,307,127,2,1186162369
47033,307,1558,3,1207701951
47034,307,997,3,1186084231
47035,307,1035,3,1186161820
47036,307,1780,2,1186163119
47037,307,130,2,1186411212
47038,307,998,1,1186161927
47039,307,385,3,1186163145
47040,307,4146,3,1186950906
47041,307,135,3,1186161597
47042,307,6378,2,1186172647
47043,307,2712,2,1186172287
47044,307,4065,3,1186087866
47045,307,2680,2,1186084495
47046,307,1569,4,1186084501
47047,307,138,3,1186174174
47048,307,1571,2,1189689045
47049,307,1572,3,1186162511
47050,307,386,3,1186162818
47051,307,6594,1,1186173268
47052,307,2040,3,1186162840
47053,307,141,2,1186162276
47054,307,5116,2,1186172289
47055,307,6379,2,1186085404
47056,307,1576,1,1186173322
47057,307,142,4,1186086140
47058,307,6595,2,1186258708
47059,307,143,2,1186162320
47060,307,5806,2,1186257613
47061,307,2572,3,1211379298
47062,307,1584,2,1186162338
47063,307,273,4,1216922556
47064,307,147,4,1186161607
47065,307,5745,1,1186172434
47066,307,1594,2,1186161797
47067,307,1595,0,1186087228
47068,307,1596,2,1186085229
47069,307,1597,2,1186161833
47070,307,4221,2,1186172865
47071,307,148,5,1186084864
47072,307,6596,1,1186086208
47073,307,1599,3,1189608607
47074,307,3290,4,1187192092
47075,307,6146,3,1197475154
47076,307,5061,2,1186173272
47077,307,1602,2,1186163220
47078,307,1603,2,1186163223
47079,307,5720,1,1186172556
47080,307,3291,2,1186173611
47081,307,154,4,1186161884
47082,307,155,2,1186161761
47083,307,1610,1,1186162177
47084,307,1612,1,1186085724
47085,307,1177,3,1215657400
47086,307,999,3,1215657405
47087,307,1178,1,1215657408
47088,307,1614,2,1186087939
47089,307,274,1,1186162175
47090,307,5837,2,1186172343
47091,307,6171,2,1186085389
47092,307,1617,1,1186173129
47093,307,160,2,1186162066
47094,307,161,2,1186163199
47095,307,1624,1,1186086693
47096,307,2579,1,1186173783
47097,307,2471,2,1186162848
47098,307,163,3,1186161668
47099,307,2683,2,1186084290
47100,307,6597,2,1186172842
47101,307,5839,1,1186087867
47102,307,6598,1,1186087869
47103,307,1010,2,1186162506
47104,307,166,3,1186162045
47105,307,6599,3,1186258341
47106,307,167,3,1189455492
47107,307,1001,0,1186084248
47108,307,168,3,1186162334
47109,307,1002,1,1186162820
47110,307,169,3,1186173176
47111,307,1633,0,1186172385
47112,307,172,4,1227538389
47113,307,6600,2,1186173101
47114,307,173,3,1186161663
47115,307,178,3,1186161859
47116,307,400,3,1186085444
47117,307,1003,3,1186086434
47118,307,1641,3,1186085233
47119,307,180,4,1189456993
47120,307,1179,2,1186084895
47121,307,1643,2,1186086685
47122,307,401,3,1186161789
47123,307,181,3,1186161394
47124,307,1117,1,1186162546
47125,307,1865,1,1186162500
47126,307,1648,2,1186162515
47127,307,402,2,1186161005
47128,307,4696,1,1186172305
47129,307,6601,2,1186087713
47130,307,405,2,1186084589
47131,307,183,3,1186086414
47132,307,4865,2,1186172632
47133,307,1653,3,1186087932
47134,307,1654,0,1186172376
47135,307,185,4,1186084840
47136,307,2592,3,1186162529
47137,307,1664,1,1186173592
47138,307,6138,2,1186172679
47139,307,2189,1,1186087063
47140,307,1667,2,1186162526
47141,307,1180,3,1186161545
47142,307,409,4,1200150424
47143,307,193,4,1186161397
47144,307,6602,3,1186257890
47145,307,1669,3,1196131052
47146,307,194,2,1189529210
47147,307,195,3,1186161471
47148,307,198,3,1186086153
47149,307,2686,2,1186085715
47150,307,1671,3,1186086892
47151,307,199,3,1186162179
47152,307,6603,1,1186085187
47153,307,201,3,1186161808
47154,307,1680,1,1186173320
47155,307,1183,4,1186162008
47156,307,1686,2,1186162037
47157,307,2194,2,1186085745
47158,307,736,3,1186161488
47159,307,6604,2,1186173169
47160,307,204,4,1242825840
47161,307,415,3,1194912445
47162,307,841,3,1186085155
47163,307,1121,2,1186162622
47164,307,2598,2,1186173247
47165,307,2599,3,1194913087
47166,307,277,4,1186162625
47167,307,208,1,1186083418
47168,307,2199,3,1186084657
47169,307,2200,3,1186163099
47170,307,209,3,1186161950
47171,307,418,2,1186162237
47172,307,1699,2,1186087392
47173,307,2689,1,1186172507
47174,307,2492,2,1186172881
47175,307,210,0,1186083439
47176,307,1185,3,1197407454
47177,307,6605,1,1186085577
47178,307,2403,3,1194121240
47179,307,5734,1,1186173696
47180,307,1012,2,1224508544
47181,307,1718,4,1186085092
47182,307,6606,1,1186258742
47183,307,215,2,1186162110
47184,307,3506,3,1205343214
47185,307,1723,3,1193172104
47186,307,6607,2,1186085835
47187,307,218,2,1186162590
47188,307,1039,3,1186162431
47189,307,6198,1,1186257367
47190,307,1041,5,1186084915
47191,307,2606,3,1186087487
47192,307,5203,1,1186173155
47193,307,220,3,1186161400
47194,307,1739,0,1186087762
47195,307,5132,2,1186172983
47196,307,221,2,1186163102
47197,307,738,2,1189456275
47198,307,5133,2,1186084847
47199,307,223,4,1186086696
47200,307,1751,2,1186086551
47201,307,227,4,1186086516
47202,307,1755,1,1186087085
47203,307,1757,2,1186162784
47204,307,1795,2,1186162298
47205,307,3048,0,1186258870
47206,307,1188,1,1186162563
47207,307,229,3,1242822587
47208,307,2611,2,1186085469
47209,307,1765,0,1186163093
47210,307,6608,0,1186259027
47211,307,5842,1,1186260602
47212,307,5134,1,1186087735
47213,307,2496,2,1211305596
47214,307,1019,1,1186087745
47215,307,867,0,1186087251
47216,307,429,5,1186084768
47217,307,430,3,1186086281
47218,307,740,2,1186163084
47219,307,6609,1,1186085865
47220,307,1797,3,1186161911
47221,307,278,4,1187192136
47222,307,5332,2,1186173881
47223,307,431,3,1186086537
47224,307,741,2,1186087800
47225,307,433,2,1186163108
47226,307,6413,3,1186087220
47227,307,1022,3,1186162119
47228,307,1805,1,1186162501
47229,307,1806,4,1186085129
47230,307,1875,3,1186172363
47231,307,6335,3,1186173265
47232,307,1808,2,1186173563
47233,307,6361,3,1186087520
47234,307,2692,1,1186173736
47235,307,3140,3,1198680570
47236,307,4090,2,1186258021
47237,307,6610,1,1186259286
47238,307,2621,2,1186172447
47239,307,3314,1,1186257333
47240,307,1023,3,1186163185
47241,307,3238,2,1186172496
47242,307,6611,2,1186260144
47243,307,5086,3,1186173589
47244,307,445,4,1211305247
47245,307,4494,0,1186172861
47246,307,5843,1,1186257378
47247,307,2212,3,1186084792
47248,307,446,5,1186086746
47249,307,447,4,1186087236
47250,307,4495,2,1186172619
47251,307,2940,1,1186173172
47252,307,1191,4,1186162777
47253,307,745,2,1186161417
47254,307,451,3,1186162213
47255,307,2627,1,1186173806
47256,307,2943,2,1186085099
47257,307,2633,3,1186172927
47258,307,2634,2,1186162610
47259,307,6612,0,1186085569
47260,307,5166,3,1186257996
47261,307,6613,3,1186260278
47262,307,868,1,1186162761
47263,307,3179,4,1215657500
47264,307,2716,3,1186086003
47265,307,2638,4,1186086505
47266,307,6614,2,1186257714
47267,307,4940,2,1187192106
47268,307,4941,2,1187192108
47269,307,1146,3,1186086526
47270,307,6615,2,1186260088
47271,307,6616,3,1186257690
47272,307,6617,3,1186259014
47273,307,454,3,1196131390
47274,307,5354,2,1186410987
47275,307,748,3,1186162583
47276,307,2649,2,1186173659
47277,307,6618,3,1224508399
47278,307,6619,2,1186172588
47279,307,6620,1,1186085929
47280,307,1823,2,1186084897
47281,307,1044,2,1186162495
47282,307,4158,2,1186087350
47283,307,3497,1,1186172938
47284,307,6211,1,1186084337
47285,307,5747,0,1186084341
47286,307,6621,0,1186259226
47287,307,6212,1,1186258097
47288,307,1825,4,1186173961
47289,307,6622,2,1186173494
47290,307,1829,3,1186162773
47291,307,6007,1,1186086895
47292,307,6623,1,1186257394
47293,307,5167,2,1186172917
47294,307,2950,2,1186172830
47295,307,1125,5,1187192147
47296,307,6624,2,1186257512
47297,307,752,3,1186161623
47298,307,6625,3,1189607297
47299,307,458,3,1186161948
47300,307,6626,2,1186086038
47301,307,5169,2,1186173551
47302,307,2717,4,1200150500
47303,307,1832,4,1186162216
47304,307,2404,3,1186086524
47305,307,3644,2,1186258320
47306,307,754,3,1186161407
47307,307,755,3,1186086093
47308,307,2220,3,1192300722
47309,307,4498,2,1186172292
47310,307,2124,4,1196131116
47311,307,3745,1,1186086476
47312,307,6627,3,1189608517
47313,307,1837,2,1186174183
47314,307,1838,3,1186172525
47315,307,6504,2,1186173604
47316,307,5590,4,1186085795
47317,307,2697,0,1186084384
47318,307,6628,3,1186084672
47319,307,756,2,1186162434
47320,307,6629,2,1186257815
47321,307,3251,2,1186172758
47322,307,1198,2,1186163280
47323,307,2699,2,1186172844
47324,307,4108,4,1190852080
47325,307,5376,3,1193663285
47326,307,1842,2,1186162307
47327,307,4478,1,1186173038
47328,307,2499,2,1186173238
47329,307,757,4,1242822663
47330,307,6630,1,1186258063
47331,307,6216,2,1186173378
47332,307,1199,3,1186087037
47333,307,5384,4,1215657361
47334,307,6631,1,1189607373
47335,307,759,3,1186161600
47336,307,847,1,1186257802
47337,307,6217,1,1186172383
47338,307,6632,1,1186258919
47339,307,760,1,1186162565
47340,307,761,2,1186162788
47341,307,848,3,1186085440
47342,307,2702,4,1192156404
47343,307,762,3,1186162428
47344,307,4501,2,1186086761
47345,307,6633,2,1189608583
47346,307,6634,2,1189607459
47347,307,3330,2,1186173780
47348,307,6218,2,1186411384
47349,307,5870,2,1186085900
47350,307,5871,1,1186257758
47351,307,2705,2,1186087576
47352,307,6635,2,1189457286
47353,307,5591,2,1186085884
47354,307,763,4,1186162769
47355,307,4114,3,1186172797
47356,307,6636,1,1186087341
47357,307,1202,2,1189456239
47358,307,1203,2,1186162561
47359,307,6637,2,1186257483
47360,307,6638,2,1186260174
47361,307,6639,1,1189608033
47362,307,6038,0,1186173838
47363,307,1882,3,1186087669
47364,307,2772,1,1186084418
47365,307,764,3,1186162204
47366,307,3651,2,1186259108
47367,307,6640,1,1189607291
47368,307,6641,3,1186086271
47369,307,872,0,1186172683
47370,307,2231,1,1186084436
47371,307,765,3,1186161442
47372,307,2232,3,1186085152
47373,307,4850,2,1186172922
47374,307,766,3,1186087717
47375,307,767,3,1186087834
47376,307,4235,2,1186258664
47377,307,3654,1,1186257525
47378,307,1147,3,1186174274
47379,307,3255,1,1186260161
47380,307,5873,1,1186257693
47381,307,3069,2,1224508546
47382,307,4237,2,1186257750
47383,307,6642,1,1186260248
47384,307,4281,4,1204234597
47385,307,5210,2,1186087261
47386,307,3191,1,1186086232
47387,307,6224,1,1186258010
47388,307,3655,2,1186086798
47389,307,5140,0,1186173554
47390,307,5174,1,1186257667
47391,307,6643,1,1186257954
47392,307,1207,3,1186085082
47393,307,1857,2,1186172398
47394,307,5849,2,1186259474
47395,307,6644,2,1186257722
47396,307,5142,2,1186264703
47397,307,2958,3,1186174191
47398,307,1128,4,1186087693
47399,307,1209,3,1186087346
47400,307,5876,1,1186257992
47401,307,876,3,1186161783
47402,307,1210,2,1186162794
47403,307,5743,1,1186258652
47404,307,4505,2,1186173834
47405,307,5213,0,1186259165
47406,307,1883,1,1186087802
47407,307,877,1,1186172767
47408,307,771,3,1186161691
47409,307,1212,3,1186085765
47410,307,6645,2,1186257474
47411,307,6227,2,1186259011
47412,307,3661,2,1186084922
47413,307,3662,2,1186172424
47414,307,5877,1,1186173548
47415,307,5004,2,1186258350
47416,307,5851,2,1186087517
47417,307,3664,1,1186260496
47418,307,5852,1,1186257809
47419,307,3665,2,1186259325
47420,307,6646,2,1189607377
47421,307,3334,1,1186087473
47422,307,1213,3,1186410747
47423,307,2047,4,1186162158
47424,307,5779,4,1189608635
47425,307,4128,1,1186258775
47426,307,3666,2,1186085179
47427,307,3336,4,1229117873
47428,307,2515,2,1186257846
47429,307,1214,4,1204663547
47430,307,2962,2,1186086125
47431,307,6230,1,1186086127
47432,307,2239,2,1186087091
47433,307,6506,3,1186257316
47434,307,6647,1,1186259203
47435,307,6648,2,1186257681
47436,307,772,2,1186163170
47437,307,6231,4,1192631810
47438,307,1148,3,1186163196
47439,307,6232,1,1186259143
47440,307,235,3,1186161944
47441,307,5421,2,1186173557
47442,307,1216,0,1186172734
47443,307,3195,3,1197407567
47444,307,5879,2,1186087704
47445,307,3617,2,1186172971
47446,307,2245,3,1186085807
47447,307,6649,2,1186259467
47448,307,6650,2,1186258091
47449,307,6651,3,1189608189
47450,307,3266,2,1186172675
47451,307,6234,2,1186259260
47452,307,1218,3,1186086484
47453,307,775,3,1186174295
47454,307,881,2,1186172782
47455,307,2516,3,1186084774
47456,307,3199,2,1186411194
47457,307,2780,4,1186087888
47458,307,1047,3,1186087440
47459,307,5187,0,1189607547
47460,307,5884,1,1186085902
47461,307,4752,3,1187383446
47462,307,6652,1,1189457208
47463,307,5006,1,1186259812
47464,307,1219,1,1186173859
47465,307,5749,1,1186259252
47466,307,6237,2,1186260295
47467,307,4984,3,1186173488
47468,307,3344,2,1186173217
47469,307,4286,2,1186172692
47470,307,1130,5,1186162117
47471,307,4185,1,1186172993
47472,307,4287,3,1186172744
47473,307,1048,3,1186162150
47474,307,2517,2,1186084273
47475,307,5855,3,1186258658
47476,307,3271,2,1186257267
47477,307,6653,0,1189608079
47478,307,1887,0,1186173318
47479,307,6654,2,1186258633
47480,307,6655,1,1186259290
47481,307,4136,3,1190637397
47482,307,6241,1,1186259055
47483,307,6159,4,1204234913
47484,307,6656,3,1186084234
47485,307,3577,3,1186172847
47486,307,779,3,1186162227
47487,307,5188,2,1186258690
47488,307,3348,4,1186172482
47489,307,780,3,1186162492
47490,307,781,3,1186173118
47491,307,6657,2,1186413483
47492,307,2048,3,1186163275
47493,307,6658,2,1189456374
47494,307,783,3,1189456248
47495,307,1227,4,1186085018
47496,307,1049,3,1189457332
47497,307,784,3,1189456224
47498,307,5230,2,1186085704
47499,307,1228,3,1186163257
47500,307,5890,2,1186260461
47501,307,3351,4,1214791639
47502,307,3760,2,1186257907
47503,307,5620,2,1186258300
47504,307,5892,1,1189607694
47505,307,5232,1,1186087747
47506,307,3147,4,1204234757
47507,307,2266,5,1189457156
47508,307,790,2,1186173498
47509,307,3354,3,1187192160
47510,307,3355,2,1186173303
47511,307,792,3,1187192193
47512,307,795,3,1186162113
47513,307,6250,0,1189607399
47514,307,890,4,1186087237
47515,307,797,4,1189457300
47516,307,6659,2,1186260734
47517,307,6660,4,1224508591
47518,307,6254,1,1186411174
47519,307,2973,3,1186257652
47520,307,6040,1,1189607506
47521,307,6661,1,1196131245
47522,307,5899,0,1189607728
47523,307,6662,4,1193343515
47524,307,5242,2,1186257936
47525,307,6663,3,1186257519
47526,307,1237,2,1186087795
47527,307,3364,2,1186172822
47528,307,6664,2,1186260045
47529,307,5905,2,1186258081
47530,307,6665,0,1186085237
47531,307,6666,0,1186260621
47532,307,5913,1,1189607323
47533,307,4991,2,1186258281
47534,307,5914,2,1186085987
47535,307,805,2,1186173703
47536,307,6042,1,1189608029
47537,307,807,4,1186162575
47538,307,1239,3,1189457438
47539,307,6043,0,1186084964
47540,307,2286,3,1193172154
47541,307,6667,0,1190682690
47542,307,2709,2,1186260834
47543,307,5244,2,1189608300
47544,307,3369,3,1186259519
47545,307,895,2,1189457411
47546,307,6668,1,1186084524
47547,307,810,4,1242822641
47548,307,811,2,1186086386
47549,307,6669,1,1186258535
47550,307,1892,3,1189457107
47551,307,6266,3,1186259161
47552,307,6670,2,1186264727
47553,307,2052,3,1186087291
47554,307,4511,2,1186257296
47555,307,6510,2,1189607772
47556,307,4512,2,1186259536
47557,307,4993,3,1211305572
47558,307,2127,3,1186084387
47559,307,4313,0,1186087317
47560,307,5752,4,1186174111
47561,307,6267,3,1186257399
47562,307,3780,2,1186259104
47563,307,1246,3,1186172409
47564,307,6671,4,1215657458
47565,307,1248,4,1200150345
47566,307,1249,3,1186172404
47567,307,2053,3,1186087284
47568,307,6672,2,1186257903
47569,307,3600,1,1186173840
47570,307,2297,3,1186172505
47571,307,4513,2,1186259796
47572,307,6270,1,1186259790
47573,307,1894,3,1189455996
47574,307,897,4,1189457674
47575,307,5249,3,1186257663
47576,307,1895,3,1200844592
47577,307,3374,4,1189606546
47578,307,816,2,1186257777
47579,307,2976,0,1196131328
47580,307,3786,3,1186260611
47581,307,5684,1,1186259217
47582,307,5938,1,1186259156
47583,307,3380,2,1186257837
47584,307,1251,4,1189455956
47585,307,2307,3,1186410732
47586,307,5940,1,1186258628
47587,307,2309,3,1187879008
47588,307,6273,2,1186259236
47589,307,4515,2,1186086230
47590,307,4516,0,1186257350
47591,307,5253,1,1186257349
47592,307,1897,2,1186411233
47593,307,3384,2,1186087180
47594,307,5944,2,1186259929
47595,307,1255,3,1189455974
47596,307,3386,2,1186258601
47597,307,3152,4,1186173771
47598,307,1256,4,1189457230
47599,307,2311,3,1186085626
47600,307,3389,3,1186257786
47601,307,237,2,1186173832
47602,307,2055,3,1186172988
47603,307,899,4,1187383427
47604,307,3512,0,1186084455
47605,307,2128,4,1187192186
47606,307,6047,0,1189607926
47607,307,4860,4,1189529046
47608,307,6673,2,1186086608
47609,307,2316,4,1186086929
47610,307,1133,3,1187191571
47611,307,238,4,1189457103
47612,307,6674,2,1189608059
47613,307,3794,3,1189607302
47614,307,6675,2,1186878993
47615,307,1051,3,1186087858
47616,307,824,3,1186087676
47617,307,6676,3,1192631788
47618,307,4519,2,1186259779
47619,307,2320,4,1211305241
47620,307,2324,2,1187025737
47621,307,2984,3,1186410724
47622,307,5954,0,1203528168
47623,307,6278,3,1204234902
47624,307,2326,3,1187025714
47625,307,1262,3,1186257550
47626,307,900,3,1186084162
47627,307,2724,5,1192026200
47628,307,2328,4,1189608279
47629,307,2330,4,1187632514
47630,307,2986,3,1189608551
47631,307,2056,4,1186173943
47632,307,3403,3,1198680654
47633,307,6677,3,1198813540
47634,307,3404,4,1227537665
47635,307,3405,2,1186878639
47636,307,1263,4,1213926484
47637,307,2979,3,1196131101
47638,307,6678,4,1189455325
47639,307,1905,4,1190906392
47640,307,3407,2,1200150428
47641,307,1264,3,1198680610
47642,307,1265,4,1193663307
47643,307,3408,0,1196131419
47644,307,2334,4,1196131064
47645,307,6679,2,1205343206
47646,307,6680,3,1196131490
47647,307,1269,4,1193172094
47648,307,3409,4,1196131079
47649,307,5964,4,1197407491
47650,307,3154,4,1187878996
47651,307,1270,4,1198680593
47652,307,3412,4,1214791621
47653,307,2058,4,1197407428
47654,307,6282,3,1200150408
47655,307,2338,4,1200150304
47656,307,2988,3,1200150318
47657,307,5865,3,1233346463
47658,307,4521,3,1200844706
47659,307,1272,4,1207701971
47660,307,4522,3,1243884797
47661,307,3420,4,1207701870
47662,307,3806,4,1204234582
47663,307,6681,4,1203528177
47664,307,2520,4,1211305442
47665,307,3421,3,1204234573
47666,307,1274,4,1203528186
47667,307,6682,3,1226946695
47668,307,1275,4,1204234614
47669,307,2059,4,1205343192
47670,307,3423,4,1213926411
47671,307,6683,3,1207701981
47672,307,1054,3,1207701896
47673,307,904,4,1211305432
47674,307,1276,4,1207701882
47675,307,2061,4,1211305417
47676,307,4524,3,1211305407
47677,307,2129,3,1211305204
47678,307,6284,3,1211379268
47679,307,5968,3,1215657427
47680,307,4525,3,1213926462
47681,307,3432,4,1224508380
47682,307,6684,1,1242822669
47683,307,6049,2,1224511274
47684,307,239,4,1218117699
47685,307,1911,4,1224508372
47686,307,4189,4,1217882593
47687,307,1055,5,1242822582
47688,307,908,3,1224508327
47689,307,1282,3,1226946650
47690,307,6288,2,1224508359
47691,307,1056,5,1229117973
47692,307,2982,4,1224508589
47693,307,2130,4,1233346487
47694,307,2131,4,1227537609
47695,307,3811,3,1242822482
47696,307,3446,4,1242822502
47697,307,914,4,1242822526
47698,307,4192,4,1242822476
47699,307,6685,2,1233346410
47700,307,6686,4,1242822694
47701,307,6687,4,1242822607
47702,307,6688,3,1243884807
47703,307,2066,4,1242822491
47704,307,3452,4,1242822456
47705,307,3455,4,1244814311
47706,307,916,5,1243884778
47707,307,1297,5,1244476616
47708,308,482,3,1421374418
47709,308,2,0,1421374465
47710,308,3,1,1421374400
47711,308,493,1,1421374425
47712,308,292,1,1421374404
47713,308,496,1,1421374411
47714,308,462,1,1421374415
47715,308,463,3,1421374380
47716,308,1401,4,1421374475
47717,308,5,2,1421373873
47718,308,8,1,1421373815
47719,308,531,1,1421374403
47720,308,540,1,1421374401
47721,308,13,1,1421374410
47722,308,466,0,1421374364
47723,308,16,2,1421373674
47724,308,585,1,1421374407
47725,308,588,1,1421374370
47726,308,589,1,1421374386
47727,308,233,1,1421373686
47728,308,605,1,1421374408
47729,308,613,3,1421374549
47730,308,21,2,1421373783
47731,308,314,0,1421374367
47732,308,22,4,1421374591
47733,308,472,3,1421375666
47734,308,474,4,1421374432
47735,308,634,1,1421374374
47736,308,639,1,1421374383
47737,308,26,3,1421373804
47738,308,657,1,1421374429
47739,308,29,1,1421373691
47740,308,1420,3,1421374427
47741,308,479,1,1421373786
47742,308,1097,1,1421374532
47743,308,1028,1,1421373875
47744,308,333,1,1421373901
47745,308,336,3,1421374237
47746,308,863,4,1421375725
47747,308,1775,3,1421375673
47748,308,1135,1,1421373792
47749,308,63,1,1421374372
47750,308,68,4,1421373927
47751,308,1100,1,1421374464
47752,308,69,2,1421373683
47753,308,70,4,1421373693
47754,308,71,1,1421373683
47755,308,1029,1,1421373802
47756,308,352,0,1421373899
47757,308,1137,1,1421374691
47758,308,726,5,1421375417
47759,308,90,0,1421373765
47760,308,122,0,1421373779
47761,308,1584,4,1421375440
47762,308,392,1,1421373886
47763,308,167,3,1421374235
47764,308,402,0,1421373773
47765,308,1182,3,1421374608
47766,308,193,0,1421374757
47767,308,216,1,1421374623
47768,308,220,1,1421373818
47769,308,445,1,1421374252
47770,308,868,3,1421375127
47771,308,752,4,1421375044
47772,308,753,1,1421375732
47773,308,754,3,1421373882
47774,308,3328,3,1421375233
47775,308,763,4,1421373910
47776,308,1202,3,1421375081
47777,308,764,5,1421375075
47778,308,765,4,1421373893
47779,308,1147,1,1421373889
47780,308,876,4,1421375046
47781,308,771,3,1421375042
47782,308,772,3,1421375129
47783,308,773,3,1421375084
47784,308,3195,2,1421375240
47785,308,775,3,1421373696
47786,308,885,3,1421375236
47787,308,780,5,1421375078
47788,308,2048,1,1421375175
47789,308,795,4,1421375055
47790,308,3073,2,1421375261
47791,308,1240,1,1421375259
47792,308,1894,5,1421375105
47793,308,1895,4,1421375202
47794,308,1253,1,1421373877
47795,308,817,2,1421374165
47796,308,818,2,1421375244
47797,308,1255,3,1421375107
47798,308,2128,2,1421374167
47799,308,1053,4,1421375139
47800,308,2519,5,1421375221
47801,308,903,0,1421373781
47802,308,3424,3,1421375723
47803,308,1054,1,1421374158
47804,308,904,5,1421375098
47805,308,239,4,1421373894
47806,308,1056,4,1421374722
47807,308,1916,1,1421374815
47808,308,1152,4,1421375185
47809,308,916,3,1421375137
47810,308,2525,1,1421374243
47811,308,927,4,1421375111
47812,308,1926,4,1421373822
47813,308,245,1,1421373818
47814,308,5671,5,1421374950
47815,308,1067,4,1421373790
47816,308,1068,3,1421375265
47817,308,250,3,1421375245
47818,308,945,1,1421373879
47819,308,4351,3,1421375774
47820,308,2412,5,1421374977
47821,308,5647,5,1421374711
47822,308,5648,5,1421374839
47823,309,5,4,1126451972
47824,309,17,3,1166068318
47825,309,233,4,1126451992
47826,309,29,4,1126451171
47827,309,330,4,1126452119
47828,309,332,4,1086565768
47829,309,333,4,1126451007
47830,309,1439,3,1166068397
47831,309,334,3,1126451042
47832,309,1440,4,1126452246
47833,309,336,5,1086564162
47834,309,1098,4,1086563234
47835,309,45,4,1126452070
47836,309,338,4,1166068873
47837,309,1444,4,1126452097
47838,309,2395,4,1086563214
47839,309,49,2,1126451098
47840,309,3696,4,1086565216
47841,309,6689,4,1086564073
47842,309,344,3,1086563317
47843,309,63,4,1166068331
47844,309,2428,3,1086565114
47845,309,3499,5,1086563602
47846,309,71,4,1166068294
47847,309,1103,4,1086563449
47848,309,352,5,1086565028
47849,309,2396,4,1086563225
47850,309,1104,3,1126451015
47851,309,75,2,1166068343
47852,309,77,3,1166068970
47853,309,1139,4,1126451981
47854,309,355,5,1086563279
47855,309,2145,4,1126451034
47856,309,268,3,1086563613
47857,309,85,4,1126452401
47858,309,1455,3,1126452161
47859,309,269,4,1126452035
47860,309,1111,4,1086563399
47861,309,359,5,1126451967
47862,309,2902,4,1126453993
47863,309,270,2,1086563293
47864,309,2147,4,1126148656
47865,309,2455,4,1126452226
47866,309,1501,1,1086563547
47867,309,729,4,1166067368
47868,309,4169,4,1086564805
47869,309,3059,4,1086565138
47870,309,6690,4,1086565203
47871,309,4878,5,1086565672
47872,309,2038,1,1086565661
47873,309,383,5,1126148696
47874,309,122,4,1126452287
47875,309,3024,3,1086565746
47876,309,4672,4,1086565730
47877,309,6179,2,1086565350
47878,309,388,4,1166068887
47879,309,3026,5,1086564783
47880,309,392,4,1126452366
47881,309,150,4,1086563404
47882,309,167,4,1126453981
47883,309,402,3,1126452186
47884,309,4677,4,1086565883
47885,309,189,4,1126452199
47886,309,1183,0,1086563584
47887,309,5772,3,1086564194
47888,309,1686,2,1086563432
47889,309,6691,4,1166068655
47890,309,1717,3,1086563485
47891,309,1144,4,1166068355
47892,309,1722,3,1086563208
47893,309,6692,3,1086565300
47894,309,432,4,1126452282
47895,309,3315,4,1126452392
47896,309,1192,4,1126452000
47897,309,4938,3,1086565822
47898,309,5156,3,1126452027
47899,309,6693,4,1172334543
47900,309,752,4,1126452348
47901,309,754,4,1126452267
47902,309,1196,4,1166068369
47903,309,6694,4,1086565596
47904,309,765,4,1126452219
47905,309,769,2,1166068218
47906,309,6695,4,1086565163
47907,309,5778,4,1126451056
47908,309,6696,3,1088521739
47909,309,4284,4,1126450615
47910,309,773,2,1166068245
47911,309,2243,4,1126452335
47912,309,774,4,1088521659
47913,309,775,4,1126452145
47914,309,5783,4,1126451068
47915,309,6697,4,1086564148
47916,309,6166,4,1086565067
47917,309,6698,4,1166068511
47918,309,3575,4,1086565897
47919,309,2119,4,1166068838
47920,309,3577,4,1126452329
47921,309,6699,3,1126451959
47922,309,2050,4,1110393933
47923,309,801,4,1110393942
47924,309,1891,3,1110393978
47925,309,1052,3,1165466267
47926,310,491,1,1078647827
47927,310,296,4,1078647847
47928,310,519,2,1078649269
47929,310,12,2,1078649290
47930,310,561,0,1078647868
47931,310,2425,4,1078647871
47932,310,569,2,1078647890
47933,310,633,2,1078647838
47934,310,975,4,1078647902
47935,310,41,4,1078649543
47936,310,1097,5,1078649848
47937,310,723,4,1078647809
47938,310,706,3,1078647905
47939,310,333,5,1078647895
47940,310,62,3,1078647876
47941,310,725,0,1078648204
47942,310,1100,5,1078649856
47943,310,3704,4,1078648254
47944,310,71,4,1078648289
47945,310,2396,5,1078648353
47946,310,1105,5,1078649861
47947,310,2079,5,1078647887
47948,310,865,4,1078647841
47949,310,361,5,1078647817
47950,310,94,4,1078648973
47951,310,2561,4,1078649372
47952,310,99,4,1078649327
47953,310,2401,5,1078648481
47954,310,5199,0,1078649605
47955,310,1601,3,1078647786
47956,310,1603,4,1078649155
47957,310,1604,2,1078649158
47958,310,5436,4,1078649193
47959,310,1626,4,1078649121
47960,310,2917,0,1078649585
47961,310,178,2,1078649437
47962,310,732,4,1078649254
47963,310,400,3,1078649333
47964,310,183,3,1078647856
47965,310,189,5,1078649978
47966,310,1697,2,1078649306
47967,310,6700,4,1078648511
47968,310,1042,4,1078648799
47969,310,1187,4,1078649878
47970,310,432,4,1078648299
47971,310,745,3,1078649897
47972,310,6701,1,1078649140
47973,310,753,4,1078649529
47974,310,755,4,1078649098
47975,310,848,3,1078649338
47976,310,4970,5,1078648385
47977,310,4166,4,1078648622
47978,310,6702,4,1078649387
47979,310,1883,0,1078648163
47980,310,1212,0,1078648764
47981,310,2238,4,1078648081
47982,310,2514,4,1078648322
47983,310,2047,5,1078648222
47984,310,772,5,1078648074
47985,310,2243,4,1078648283
47986,310,3261,3,1078649972
47987,310,6703,4,1078648541
47988,310,5884,3,1078649414
47989,310,6704,2,1078648045
47990,311,491,2,1057854247
47991,311,6705,3,1057854804
47992,311,643,1,1057854324
47993,311,479,3,1057854702
47994,311,2443,3,1057854826
47995,311,706,0,1057854340
47996,311,73,2,1057854233
47997,311,865,1,1057854260
47998,311,84,4,1057854306
47999,311,361,1,1057854244
48000,311,1476,1,1057854301
48001,311,99,3,1057854315
48002,311,142,0,1057854279
48003,311,147,4,1057854321
48004,311,392,0,1057854327
48005,311,1601,3,1057854728
48006,311,399,3,1057854285
48007,311,1179,0,1057854230
48008,311,183,0,1057854281
48009,311,741,1,1057854901
48010,311,432,3,1057854319
48011,311,5168,2,1057854874
48012,311,1205,2,1057854932
48013,311,4851,4,1057854687
48014,311,768,3,1057854417
48015,311,769,3,1057854427
48016,311,4122,4,1057854696
48017,311,6706,3,1057854733
48018,312,3,4,1043177752
48019,312,491,4,1043177752
48020,312,293,4,1043176620
48021,312,8,4,1043177124
48022,312,1094,5,1043177445
48023,312,9,3,1043177216
48024,312,536,3,1043176460
48025,312,3001,3,1043176840
48026,312,307,4,1043177460
48027,312,466,4,1043176220
48028,312,16,5,1043175564
48029,312,18,3,1043176952
48030,312,600,3,1043176952
48031,312,4486,3,1043175598
48032,312,21,4,1043177268
48033,312,625,3,1043176382
48034,312,1157,2,1043176953
48035,312,26,4,1043177537
48036,312,2426,4,1043175564
48037,312,27,3,1043175580
48038,312,29,5,1043177067
48039,312,1095,5,1043176594
48040,312,666,1,1043175564
48041,312,479,4,1043177724
48042,312,37,4,1043177445
48043,312,1424,4,1043176803
48044,312,6707,4,1043176773
48045,312,1426,3,1043176460
48046,312,723,5,1043176553
48047,312,43,2,1043176953
48048,312,695,4,1043176138
48049,312,1436,3,1043177495
48050,312,1438,5,1043177323
48051,312,333,4,1043177323
48052,312,336,5,1043177067
48053,312,724,5,1043176553
48054,312,3169,5,1043176065
48055,312,1135,3,1043177517
48056,312,342,4,1043176640
48057,312,63,4,1043177537
48058,312,64,4,1043177095
48059,312,346,4,1043177200
48060,312,66,5,1043176620
48061,312,67,4,1043176824
48062,312,5829,4,1043176290
48063,312,2075,5,1043176746
48064,312,4262,5,1043177080
48065,312,349,5,1043177268
48066,312,69,5,1043175598
48067,312,351,4,1043176684
48068,312,1029,4,1043176581
48069,312,2396,5,1043177067
48070,312,72,5,1043176581
48071,312,73,5,1043177067
48072,312,74,5,1043175521
48073,312,1163,4,1043177445
48074,312,76,4,1043175952
48075,312,1452,5,1043176170
48076,312,77,5,1043175952
48077,312,79,5,1043177268
48078,312,80,4,1043177124
48079,312,2079,4,1043177108
48080,312,82,4,1043176581
48081,312,1107,5,1043177323
48082,312,2176,4,1043176553
48083,312,6185,3,1043176138
48084,312,269,4,1043177200
48085,312,88,4,1043175985
48086,312,2757,5,1043177200
48087,312,91,4,1043177238
48088,312,4057,4,1043176038
48089,312,1461,4,1043176038
48090,312,1463,4,1043176290
48091,312,4894,4,1043177738
48092,312,92,5,1043175985
48093,312,2903,3,1043176038
48094,312,1166,3,1043176746
48095,312,977,4,1043177460
48096,312,271,4,1043176981
48097,312,1469,4,1043176803
48098,312,1167,4,1043176663
48099,312,1140,3,1043177016
48100,312,1471,3,1043176663
48101,312,2147,5,1043175952
48102,312,362,4,1043176912
48103,312,94,3,1043176746
48104,312,1476,3,1043176191
48105,312,95,4,1043177268
48106,312,1168,3,1043176981
48107,312,101,3,1043176716
48108,312,727,4,1043176773
48109,312,104,4,1043177460
48110,312,107,1,1043175598
48111,312,834,4,1043177517
48112,312,1510,2,1043176382
48113,312,1512,2,1043176423
48114,312,1516,4,1043176620
48115,312,996,3,1043177016
48116,312,1033,4,1043176746
48117,312,1536,4,1043176773
48118,312,1541,3,1043176249
48119,312,4062,2,1043176399
48120,312,2999,4,1043176170
48121,312,1542,3,1043176272
48122,312,1543,4,1043176065
48123,312,2905,5,1043175985
48124,312,1544,5,1043176170
48125,312,1545,4,1043176345
48126,312,836,4,1043176884
48127,312,120,4,1043176998
48128,312,122,4,1043177095
48129,312,124,3,1043176716
48130,312,134,3,1043176864
48131,312,1571,4,1043176640
48132,312,2040,5,1043176138
48133,312,6379,3,1043176444
48134,312,1575,3,1043176191
48135,312,388,4,1043177323
48136,312,389,4,1043177445
48137,312,273,4,1043176038
48138,312,151,4,1043176065
48139,312,1607,2,1043176864
48140,312,1610,4,1043176824
48141,312,2916,3,1043176138
48142,312,165,4,1043176620
48143,312,1629,4,1043176065
48144,312,167,3,1043176620
48145,312,168,3,1043175542
48146,312,4154,4,1043176824
48147,312,1633,2,1043176477
48148,312,171,3,1043176312
48149,312,172,3,1043176981
48150,312,173,4,1043176663
48151,312,174,3,1043176840
48152,312,175,3,1043175985
48153,312,178,2,1043176364
48154,312,1641,3,1043176864
48155,312,1643,3,1043176272
48156,312,181,4,1043175985
48157,312,735,3,1043176477
48158,312,1648,4,1043176249
48159,312,5826,3,1043176325
48160,312,402,4,1043177537
48161,312,1651,1,1043176515
48162,312,2593,4,1043177238
48163,312,188,4,1043176773
48164,312,2190,4,1043177475
48165,312,1669,4,1043176640
48166,312,5314,4,1043176444
48167,312,194,4,1043176716
48168,312,276,3,1043176423
48169,312,199,3,1043176803
48170,312,1682,4,1043176746
48171,312,1183,4,1043176220
48172,312,204,4,1043177495
48173,312,416,3,1043176716
48174,312,1699,2,1043176364
48175,312,4745,4,1043177268
48176,312,1722,5,1043176581
48177,312,1723,4,1043176096
48178,312,1039,4,1043176038
48179,312,219,3,1043176773
48180,312,1041,3,1043176138
48181,312,6200,4,1043176170
48182,312,1747,3,1043176926
48183,312,1749,3,1043176884
48184,312,224,4,1043176716
48185,312,225,5,1043176581
48186,312,4085,3,1043176096
48187,312,6708,3,1043176399
48188,312,4273,5,1043177284
48189,312,229,3,1043176716
48190,312,1018,3,1043176864
48191,312,1019,3,1043176884
48192,312,742,4,1043176716
48193,312,2615,4,1043177268
48194,312,2043,4,1043176220
48195,312,3552,5,1043177200
48196,312,3140,5,1043175542
48197,312,6709,4,1043177108
48198,312,442,3,1043176803
48199,312,3177,4,1043176096
48200,312,1023,3,1043176382
48201,312,2102,3,1043177517
48202,312,747,4,1043176684
48203,312,2944,5,1043176515
48204,312,4872,3,1043176912
48205,312,748,3,1043176998
48206,312,1044,4,1043176065
48207,312,3497,3,1043176345
48208,312,6710,4,1043176272
48209,312,751,3,1043176981
48210,312,1125,4,1043176581
48211,312,2220,3,1043177284
48212,312,1836,4,1043177537
48213,312,3645,3,1043176981
48214,312,1881,1,1043177016
48215,312,3183,5,1043175837
48216,312,1840,3,1043176312
48217,312,757,3,1043175658
48218,312,758,4,1043175716
48219,312,1845,3,1043175658
48220,312,5381,3,1043175688
48221,312,6711,3,1043176399
48222,312,759,4,1043175837
48223,312,2226,4,1043177830
48224,312,847,4,1043175738
48225,312,1847,4,1043175759
48226,312,5869,4,1043175878
48227,312,4111,3,1043175716
48228,312,762,3,1043175688
48229,312,1203,3,1043176272
48230,312,3559,4,1043177830
48231,312,764,3,1043177872
48232,312,852,2,1043177906
48233,312,4483,4,1043177889
48234,312,856,4,1043177872
48235,312,6712,2,1043176423
48236,312,2231,4,1043177830
48237,312,765,5,1043177848
48238,312,857,5,1043177889
48239,312,766,4,1043177872
48240,312,767,4,1043177830
48241,313,3,3,1030556299
48242,313,487,4,1030556439
48243,313,2069,4,1030474666
48244,313,293,4,1030475177
48245,313,463,4,1030555731
48246,313,4,5,1030476272
48247,313,5,5,1030476169
48248,313,6,4,1030475884
48249,313,508,1,1030475081
48250,313,7,5,1030557466
48251,313,11,3,1030556499
48252,313,532,3,1030556549
48253,313,534,3,1030556549
48254,313,1027,1,1030475095
48255,313,4877,4,1030475884
48256,313,545,4,1030475046
48257,313,13,5,1030557688
48258,313,466,4,1030475717
48259,313,16,3,1030474666
48260,313,589,4,1030555572
48261,313,17,5,1030476374
48262,313,18,4,1030474889
48263,313,233,3,1030557159
48264,313,602,4,1030475036
48265,313,611,4,1030556008
48266,313,23,2,1030558015
48267,313,622,2,1030476323
48268,313,1411,1,1030475278
48269,313,473,5,1030556462
48270,313,625,2,1030475865
48271,313,627,3,1030475105
48272,313,1157,4,1030475278
48273,313,26,2,1030557078
48274,313,475,3,1030476249
48275,313,27,3,1030474778
48276,313,1418,3,1030474968
48277,313,2655,3,1030475123
48278,313,1095,5,1030474666
48279,313,479,5,1030474705
48280,313,34,5,1030476552
48281,313,35,5,1030474503
48282,313,37,4,1030476180
48283,313,1422,5,1030474839
48284,313,38,1,1030556440
48285,313,40,1,1030558055
48286,313,41,2,1030476323
48287,313,2660,4,1030475095
48288,313,723,5,1030474666
48289,313,43,3,1030474952
48290,313,1028,5,1030476347
48291,313,1436,5,1030476219
48292,313,708,5,1030475081
48293,313,336,3,1030555523
48294,313,45,3,1030476460
48295,313,337,2,1030555777
48296,313,724,3,1030474705
48297,313,3169,5,1030474778
48298,313,715,3,1030558421
48299,313,717,4,1030557936
48300,313,1135,4,1030476228
48301,313,832,4,1030474992
48302,313,1449,3,1030556484
48303,313,1162,5,1030555742
48304,313,60,4,1030557688
48305,313,61,3,1030475426
48306,313,62,1,1030557819
48307,313,63,5,1030476169
48308,313,66,2,1030474705
48309,313,2998,1,1030558411
48310,313,67,3,1030474727
48311,313,1451,5,1030474865
48312,313,68,2,1030557292
48313,313,69,4,1030474666
48314,313,70,3,1030474547
48315,313,71,5,1030474598
48316,313,351,5,1030475168
48317,313,1029,5,1030474684
48318,313,73,4,1030557148
48319,313,74,3,1030474577
48320,313,1163,1,1030556827
48321,313,75,5,1030476374
48322,313,76,4,1030474666
48323,313,1452,5,1030474727
48324,313,77,3,1030475592
48325,313,78,1,1030557667
48326,313,1137,4,1030474533
48327,313,79,5,1030556143
48328,313,2900,5,1030557475
48329,313,82,5,1030474666
48330,313,865,3,1030555523
48331,313,2083,4,1030476169
48332,313,84,5,1030475620
48333,313,1109,4,1030475620
48334,313,85,4,1030555541
48335,313,86,2,1030474684
48336,313,2084,5,1030474742
48337,313,87,5,1030556287
48338,313,88,3,1030475620
48339,313,1456,5,1030557688
48340,313,2146,3,1030476460
48341,313,90,4,1030476460
48342,313,2902,4,1030474705
48343,313,2751,3,1030475022
48344,313,1462,4,1030475777
48345,313,4894,4,1030476305
48346,313,1464,4,1030475828
48347,313,1030,3,1030475717
48348,313,2903,4,1030475668
48349,313,1166,2,1030474853
48350,313,271,4,1030475005
48351,313,1469,2,1030474853
48352,313,1167,4,1030474742
48353,313,1140,3,1030474979
48354,313,1471,2,1030474810
48355,313,93,4,1030556499
48356,313,2147,3,1030475592
48357,313,362,4,1030474917
48358,313,1475,5,1030557418
48359,313,94,3,1030474778
48360,313,995,2,1030558362
48361,313,363,5,1030557292
48362,313,364,3,1030557900
48363,313,2180,4,1030556287
48364,313,98,4,1030557781
48365,313,2563,4,1030558439
48366,313,102,4,1030474810
48367,313,103,5,1030556510
48368,313,1007,4,1030475095
48369,313,1497,5,1030475036
48370,313,1499,4,1030474952
48371,313,984,4,1030556471
48372,313,728,3,1030476239
48373,313,106,5,1030476219
48374,313,1009,4,1030555549
48375,313,1032,4,1030474705
48376,313,108,4,1030475036
48377,313,1510,1,1030474992
48378,313,1512,4,1030475865
48379,313,109,4,1030557557
48380,313,1516,4,1030474598
48381,313,1517,3,1030558370
48382,313,990,1,1030475095
48383,313,373,5,1030557763
48384,313,1033,2,1030474810
48385,313,114,3,1030475484
48386,313,379,5,1030557540
48387,313,116,2,1030556220
48388,313,117,4,1030475342
48389,313,382,2,1030557466
48390,313,4062,3,1030475942
48391,313,1543,3,1030556710
48392,313,2905,5,1030475592
48393,313,118,3,1030556220
48394,313,1034,3,1030556440
48395,313,992,2,1030556499
48396,313,1544,4,1030475795
48397,313,1545,4,1030475964
48398,313,119,3,1030476036
48399,313,1777,3,1030556008
48400,313,836,1,1030474533
48401,313,120,1,1030475254
48402,313,3060,5,1030555594
48403,313,2183,4,1030474877
48404,313,837,3,1030556316
48405,313,122,5,1030556154
48406,313,1550,4,1030475065
48407,313,6373,2,1030475484
48408,313,124,3,1030475208
48409,313,1557,1,1030475081
48410,313,126,1,1030475470
48411,313,384,4,1030556067
48412,313,272,1,1030558326
48413,313,1780,2,1030558302
48414,313,1563,2,1030475828
48415,313,998,1,1030475440
48416,313,134,3,1030474902
48417,313,385,3,1030557792
48418,313,135,2,1030476573
48419,313,136,5,1030474930
48420,313,4064,5,1030474778
48421,313,4066,5,1030475342
48422,313,1571,5,1030474810
48423,313,141,2,1030475440
48424,313,1575,5,1030475777
48425,313,142,2,1030475426
48426,313,143,3,1030475440
48427,313,6713,4,1030474778
48428,313,1592,5,1030474825
48429,313,147,3,1030555559
48430,313,1594,1,1030557792
48431,313,2152,3,1030474853
48432,313,2912,3,1030474810
48433,313,151,2,1030475605
48434,313,1861,4,1030556484
48435,313,6170,4,1030475022
48436,313,155,2,1030474514
48437,313,1610,2,1030475225
48438,313,1173,1,1030556484
48439,313,157,2,1030556197
48440,313,1618,3,1030475189
48441,313,159,4,1030475828
48442,313,397,5,1030556075
48443,313,161,1,1030558282
48444,313,1625,2,1030475865
48445,313,5500,3,1030474778
48446,313,164,4,1030474877
48447,313,165,5,1030474684
48448,313,2153,5,1030475005
48449,313,5122,3,1030475022
48450,313,2154,3,1030475005
48451,313,2918,4,1030474992
48452,313,166,5,1030476239
48453,313,2759,4,1030474757
48454,313,167,5,1030474684
48455,313,171,4,1030475850
48456,313,172,2,1030475266
48457,313,173,3,1030474810
48458,313,174,3,1030474917
48459,313,1637,2,1030475115
48460,313,178,3,1030474865
48461,313,2925,3,1030475620
48462,313,180,3,1030557804
48463,313,1643,5,1030475840
48464,313,181,2,1030475605
48465,313,3296,3,1030558439
48466,313,1648,2,1030475795
48467,313,5826,2,1030475679
48468,313,182,3,1030476140
48469,313,402,4,1030476180
48470,313,405,3,1030557675
48471,313,183,1,1030476026
48472,313,4865,3,1030558282
48473,313,4908,1,1030557085
48474,313,185,4,1030557320
48475,313,1661,5,1030475795
48476,313,2592,4,1030476219
48477,313,186,4,1030475342
48478,313,840,4,1030475668
48479,313,188,3,1030474727
48480,313,1180,3,1030557449
48481,313,190,4,1030556143
48482,313,192,4,1030556197
48483,313,193,5,1030557189
48484,313,1669,4,1030475200
48485,313,194,4,1030474839
48486,313,5129,3,1030475065
48487,313,198,4,1030557440
48488,313,1675,5,1030474825
48489,313,199,2,1030475217
48490,313,1183,4,1030475654
48491,313,736,3,1030476128
48492,313,4081,5,1030475342
48493,313,416,4,1030474727
48494,313,277,3,1030557763
48495,313,2201,4,1030476291
48496,313,3235,5,1030556097
48497,313,4083,3,1030476249
48498,313,211,3,1030556084
48499,313,1712,1,1030557337
48500,313,1718,1,1030557440
48501,313,1790,1,1030475485
48502,313,213,1,1030558411
48503,313,1722,1,1030474666
48504,313,423,3,1030557466
48505,313,219,5,1030474825
48506,313,1041,4,1030475654
48507,313,1736,5,1030475654
48508,313,1042,3,1030556332
48509,313,220,5,1030556236
48510,313,1870,4,1030474902
48511,313,222,4,1030556251
48512,313,223,3,1030557819
48513,313,5841,2,1030474547
48514,313,6399,2,1030474533
48515,313,1746,1,1030475895
48516,313,1871,5,1030474952
48517,313,1749,5,1030474810
48518,313,224,4,1030474757
48519,313,225,5,1030475189
48520,313,1750,5,1030474877
48521,313,1753,4,1030475942
48522,313,4085,5,1030475717
48523,313,227,5,1030556316
48524,313,1187,2,1030476141
48525,313,1016,3,1030556422
48526,313,6401,5,1030476561
48527,313,229,3,1030474778
48528,313,1019,5,1030475292
48529,313,6714,2,1030475516
48530,313,2935,4,1030475828
48531,313,5504,2,1030558353
48532,313,6407,3,1030475668
48533,313,741,5,1030556412
48534,313,742,5,1030474839
48535,313,432,1,1030476364
48536,313,231,5,1030474889
48537,313,1805,2,1030556462
48538,313,2619,2,1030558291
48539,313,1876,3,1030556220
48540,313,3140,4,1030476004
48541,313,442,1,1030475266
48542,313,3177,4,1030475679
48543,313,4691,2,1030475505
48544,313,5337,3,1030475516
48545,313,1023,2,1030475796
48546,313,6715,5,1030556287
48547,313,6716,4,1030476305
48548,313,445,4,1030556047
48549,313,5343,3,1030475022
48550,313,2632,3,1030556440
48551,313,747,3,1030474917
48552,313,3243,4,1030557427
48553,313,279,4,1030475717
48554,313,4872,4,1030475160
48555,313,1146,3,1030475440
48556,313,748,3,1030475022
48557,313,4947,3,1030557763
48558,313,1829,4,1030556057
48559,313,2123,3,1030476305
48560,313,1830,4,1030475840
48561,313,751,3,1030475237
48562,313,1831,2,1030556236
48563,313,6626,5,1030475505
48564,313,4233,5,1030475200
48565,313,5169,4,1030476573
48566,313,2404,2,1030475450
48567,313,754,5,1030475342
48568,313,2220,5,1030558113
48569,313,3182,5,1030475426
48570,313,5506,4,1030475342
48571,313,2953,4,1030475505
48572,313,5507,1,1030558302
48573,313,1840,5,1030475942
48574,313,757,4,1030474727
48575,313,758,4,1030474930
48576,313,1847,4,1030475237
48577,313,6633,1,1030558213
48578,313,6634,1,1030558213
48579,313,5511,5,1030475459
48580,313,6429,4,1030475254
48581,314,1,3,834398280
48582,314,3,3,842432711
48583,314,485,4,834241492
48584,314,487,3,834241870
48585,314,488,5,834241810
48586,314,490,2,834428676
48587,314,492,4,834398442
48588,314,292,3,834398026
48589,314,494,3,834398622
48590,314,2164,3,834241586
48591,314,497,4,834398961
48592,314,260,3,834241586
48593,314,293,3,839857723
48594,314,463,3,834398364
48595,314,499,3,834398878
48596,314,972,3,834398518
48597,314,4,1,834398302
48598,314,5,4,847175449
48599,314,295,3,845285951
48600,314,503,3,834790837
48601,314,505,4,836234560
48602,314,516,2,834241545
48603,314,517,3,847175533
48604,314,1403,3,834428630
48605,314,8,4,834241459
48606,314,298,1,834398717
48607,314,525,3,834398472
48608,314,464,4,834241286
48609,314,9,3,834398442
48610,314,465,2,834241349
48611,314,531,2,834241586
48612,314,11,3,834398622
48613,314,532,2,834241349
48614,314,1027,1,834398472
48615,314,1405,3,834398388
48616,314,536,1,834428883
48617,314,540,2,834241545
48618,314,545,3,834398414
48619,314,2424,3,834398670
48620,314,550,2,834398280
48621,314,555,3,834398670
48622,314,557,3,834398546
48623,314,2546,1,834241725
48624,314,561,3,834398414
48625,314,2433,3,834399100
48626,314,569,4,834398414
48627,314,16,5,852051195
48628,314,2071,3,834398583
48629,314,578,4,834398602
48630,314,580,3,834241987
48631,314,589,3,848675283
48632,314,17,1,834241286
48633,314,596,4,834399001
48634,314,18,2,834241835
48635,314,233,5,834398253
48636,314,599,1,834428752
48637,314,600,3,834398253
48638,314,471,2,836234524
48639,314,20,3,834241349
48640,314,609,3,834241757
48641,314,21,4,834241426
48642,314,314,4,834398878
48643,314,472,4,834241610
48644,314,23,3,834241908
48645,314,315,2,834241784
48646,314,973,4,834242067
48647,314,622,3,834241459
48648,314,473,2,834241286
48649,314,474,3,834398302
48650,314,634,1,834241757
48651,314,637,3,834241933
48652,314,1157,2,834398583
48653,314,26,3,834398302
48654,314,475,3,834241725
48655,314,27,3,834241459
48656,314,648,3,834428752
48657,314,654,5,834398802
48658,314,28,3,834241545
48659,314,660,3,834825174
48660,314,661,4,834241835
48661,314,29,5,834398802
48662,314,663,4,834241987
48663,314,322,4,834241610
48664,314,1420,3,834398622
48665,314,31,2,834241987
48666,314,32,3,834241933
48667,314,671,4,834241492
48668,314,323,3,834241349
48669,314,479,5,834241492
48670,314,33,2,834241286
48671,314,34,3,834241286
48672,314,35,3,834242030
48673,314,480,3,834398772
48674,314,324,3,834398253
48675,314,481,3,834241757
48676,314,1422,3,834242284
48677,314,6717,3,845285443
48678,314,678,3,844335211
48679,314,261,5,837293745
48680,314,38,3,834241586
48681,314,1159,3,834398072
48682,314,40,3,848675249
48683,314,6718,2,851286697
48684,314,3004,3,834825548
48685,314,326,4,847173881
48686,314,3005,4,835444728
48687,314,41,4,834957413
48688,314,2996,3,851785062
48689,314,1429,3,836165398
48690,314,43,3,836643313
48691,314,2427,3,839857674
48692,314,2142,3,840610743
48693,314,5021,3,851286667
48694,314,699,3,845285507
48695,314,706,3,843469800
48696,314,724,5,845285383
48697,314,58,3,847174097
48698,314,85,4,847175321
48699,314,357,3,852051027
48700,314,1166,3,851286751
48701,314,1468,3,852051252
48702,314,271,2,852051145
48703,314,1469,3,852051145
48704,314,1470,2,852051145
48705,314,1167,3,852051027
48706,314,1140,3,852051145
48707,314,1471,3,852051027
48708,314,362,4,851286653
48709,315,3681,4,939919421
48710,315,325,4,939919421
48711,315,332,4,939920661
48712,315,2754,5,939919421
48713,315,265,3,939919700
48714,315,724,3,939919421
48715,315,863,3,939919700
48716,315,1775,4,939919700
48717,315,344,4,939920310
48718,315,1103,3,939922322
48719,315,2396,3,939920310
48720,315,1104,5,939919421
48721,315,865,5,939919700
48722,315,2755,4,939919421
48723,315,2145,4,939920661
48724,315,1111,4,939920661
48725,315,361,3,939919700
48726,315,1461,3,939920310
48727,315,380,4,939919700
48728,315,4878,3,939920661
48729,315,1547,3,939922322
48730,315,3024,4,939920310
48731,315,1036,3,939919700
48732,315,4672,3,939919420
48733,315,3508,3,939920661
48734,315,165,3,939920310
48735,315,2759,2,939920310
48736,315,2919,2,939922322
48737,315,4844,3,939920661
48738,315,5066,2,939920661
48739,315,1662,3,939922322
48740,315,6719,3,939922322
48741,315,1181,2,939922322
48742,316,294,4,1111493212
48743,316,1401,1,1111493120
48744,316,528,2,1111493148
48745,316,533,1,1111493108
48746,316,466,3,1111493480
48747,316,310,4,1111493114
48748,316,471,4,1111493489
48749,316,611,3,1111493484
48750,316,23,2,1111493476
48751,316,660,3,1111493124
48752,316,30,1,1111493127
48753,316,39,2,1111493203
48754,316,61,3,1111493465
48755,316,1485,3,1111493441
48756,316,108,2,1111493445
48757,316,1516,3,1111493756
48758,316,374,3,1111493768
48759,316,117,3,1111493735
48760,316,1777,1,1111493206
48761,316,126,2,1111493111
48762,316,163,3,1111493159
48763,316,167,4,1111493430
48764,316,1001,3,1111493683
48765,316,178,3,1111493166
48766,316,400,3,1111493414
48767,316,1641,1,1111493100
48768,316,1117,3,1111493675
48769,316,185,4,1111493424
48770,316,3298,3,1111493666
48771,316,1670,3,1111493652
48772,316,2599,3,1111493628
48773,316,1698,3,1111493634
48774,316,1012,3,1111493606
48775,316,1041,3,1111493610
48776,316,738,1,1111493187
48777,316,1187,2,1111493386
48778,316,1017,3,1111493595
48779,316,1019,2,1111493593
48780,316,867,2,1111493580
48781,316,2512,2,1111493585
48782,316,741,3,1111493197
48783,316,1805,3,1111493550
48784,316,437,3,1111493401
48785,316,454,3,1111493547
48786,316,1044,2,1111493559
48787,316,1195,3,1111493544
48788,316,759,3,1111493378
48789,316,1203,4,1111493531
48790,316,765,3,1111493156
48791,316,235,4,1111493525
48792,316,1130,4,1111493508
48793,316,1048,3,1111493500
48794,316,2049,3,1111493515
48795,317,3,5,1430532917
48796,317,491,5,1430598211
48797,317,293,4,1430361493
48798,317,4,5,1430361508
48799,317,5,5,1430361374
48800,317,5290,3,1430598706
48801,317,8,5,1430364906
48802,317,1094,5,1430597309
48803,317,464,3,1430366041
48804,317,13,4,1430366031
48805,317,16,4,1430361444
48806,317,585,2,1430598394
48807,317,588,4,1430532915
48808,317,589,5,1430364888
48809,317,17,5,1430361439
48810,317,233,4,1430361381
48811,317,21,5,1430364891
48812,317,1156,4,1430598218
48813,317,26,3,1430366030
48814,317,479,4,1430366011
48815,317,35,5,1430361433
48816,317,37,5,1430361529
48817,317,723,5,1430361445
48818,317,1160,5,1430361510
48819,317,1028,5,1430361419
48820,317,333,4,1430361441
48821,317,63,5,1430361494
48822,317,1102,3,1430361425
48823,317,1029,4,1430512249
48824,317,1104,3,1430512244
48825,317,73,5,1430366145
48826,317,75,4,1430361421
48827,317,77,5,1430366136
48828,317,79,3,1430366044
48829,317,1138,3,1430512246
48830,317,865,5,1430512224
48831,317,84,5,1430517217
48832,317,2145,3,1430517307
48833,317,2147,3,1430512250
48834,317,364,5,1430517250
48835,317,1485,2,1430517356
48836,317,104,4,1430364913
48837,317,1009,3,1430517305
48838,317,234,5,1430361517
48839,317,109,3,1430517257
48840,317,730,4,1430366032
48841,317,2091,5,1430512243
48842,317,1171,2,1430366381
48843,317,122,5,1430361527
48844,317,388,3,1430517351
48845,317,392,5,1430366063
48846,317,148,5,1430361448
48847,317,163,4,1430512215
48848,317,166,5,1430361515
48849,317,167,4,1430361436
48850,317,179,3,1430598686
48851,317,402,2,1430517173
48852,317,185,5,1430361447
48853,317,193,5,1430361437
48854,317,198,2,1430512205
48855,317,204,4,1430364907
48856,317,415,4,1430366464
48857,317,2200,3,1430366468
48858,317,1039,3,1430598290
48859,317,220,3,1430517172
48860,317,2764,3,1430517364
48861,317,429,3,1430364914
48862,317,278,4,1430361489
48863,317,1022,4,1430361490
48864,317,1043,4,1430364911
48865,317,440,5,1430598391
48866,317,1023,3,1430598227
48867,317,446,4,1430366380
48868,317,1191,5,1430512248
48869,317,745,4,1430366040
48870,317,1825,4,1430512260
48871,317,1829,3,1430598399
48872,317,1831,3,1430517261
48873,317,1126,5,1430512213
48874,317,2220,5,1430366064
48875,317,2124,3,1430517259
48876,317,1842,3,1430598235
48877,317,1845,3,1430517251
48878,317,1199,3,1430598370
48879,317,1849,5,1430517267
48880,317,857,3,1430512258
48881,317,766,5,1430364915
48882,317,1206,2,1430517231
48883,317,1147,3,1430361487
48884,317,2233,4,1430598221
48885,317,2514,3,1430517232
48886,317,1148,4,1430366010
48887,317,235,5,1430361523
48888,317,1218,4,1430366465
48889,317,2405,5,1430598384
48890,317,1130,4,1430361476
48891,317,1048,3,1430361491
48892,317,777,5,1430598371
48893,317,784,4,1430364889
48894,317,236,5,1430512256
48895,317,795,2,1430366047
48896,317,1132,5,1430517290
48897,317,2050,5,1430517275
48898,317,801,4,1430366382
48899,317,807,3,1430366378
48900,317,2286,3,1430366039
48901,317,897,4,1430517279
48902,317,2054,2,1430517243
48903,317,1252,3,1430517362
48904,317,1253,4,1430517214
48905,317,1254,2,1430366469
48906,317,238,5,1430361522
48907,317,1051,2,1430512197
48908,317,1262,4,1430512130
48909,317,1907,3,1430512136
48910,317,1273,4,1430517276
48911,317,1274,4,1430517254
48912,317,2059,5,1430511554
48913,317,2061,2,1430512203
48914,317,1279,4,1430517170
48915,317,239,4,1430361526
48916,317,1911,4,1430512133
48917,317,1055,3,1430597315
48918,317,1916,4,1430517352
48919,317,1058,3,1430597324
48920,317,1151,5,1430512126
48921,317,241,5,1430366460
48922,317,1059,4,1430512216
48923,317,1152,3,1430597321
48924,317,1297,2,1430597319
48925,317,2991,3,1430512125
48926,317,1060,3,1430598368
48927,317,1061,2,1430512222
48928,317,922,5,1430517277
48929,317,3468,5,1430517366
48930,317,1304,2,1430513486
48931,317,243,4,1430511551
48932,317,6720,4,1430513635
48933,317,1308,2,1430513005
48934,317,1310,2,1430513625
48935,317,1312,3,1430512997
48936,317,1313,3,1430512999
48937,317,5273,3,1430513633
48938,317,245,4,1430361450
48939,317,1315,3,1430513613
48940,317,1319,2,1430513629
48941,317,1153,4,1430512992
48942,317,246,4,1430513450
48943,317,247,5,1430513631
48944,317,6721,3,1430514644
48945,317,1933,4,1430512211
48946,317,1320,3,1430514452
48947,317,1154,2,1430513471
48948,317,1155,4,1430512201
48949,317,6722,4,1430514683
48950,317,1322,3,1430514455
48951,317,3485,4,1430513615
48952,317,1330,4,1430513016
48953,317,942,3,1430513481
48954,317,3095,3,1430513469
48955,317,3096,3,1430513475
48956,317,6077,4,1430514686
48957,317,1332,4,1430514404
48958,317,3507,5,1430513620
48959,317,250,4,1430512993
48960,317,1943,3,1430600296
48961,317,1944,4,1430513478
48962,317,251,5,1430513650
48963,317,2530,3,1430513487
48964,317,1069,4,1430513473
48965,317,3491,3,1430513467
48966,317,2733,3,1430514479
48967,317,2531,4,1430513667
48968,317,2830,2,1430514474
48969,317,2411,4,1430513662
48970,317,6723,2,1430514632
48971,317,1073,5,1430513015
48972,317,1352,5,1430513659
48973,317,1074,4,1430517359
48974,317,254,3,1430365193
48975,317,6724,4,1430514607
48976,317,4741,2,1430597364
48977,317,1077,3,1430365296
48978,317,3109,2,1430365065
48979,317,1079,4,1430365205
48980,317,2539,3,1430365198
48981,317,1362,2,1430365125
48982,317,6725,3,1430365237
48983,317,6726,4,1430611255
48984,318,482,3,1270753195
48985,318,3,4,1347180277
48986,318,2658,3,1426353075
48987,318,493,3,1262805276
48988,318,2069,3,1413627585
48989,318,293,4,1263848497
48990,318,4,4,1433139531
48991,318,1401,3,1275844835
48992,318,5551,4,1417278807
48993,318,5290,4,1419694783
48994,318,6020,4,1442351313
48995,318,526,3,1263848636
48996,318,465,3,1275475349
48997,318,3681,3,1419695340
48998,318,529,4,1419081097
48999,318,300,3,1333827211
49000,318,532,3,1256504427
49001,318,302,3,1518992145
49002,318,547,3,1276200262
49003,318,550,3,1261342696
49004,318,13,4,1233955777
49005,318,15,3,1415647860
49006,318,16,3,1237233430
49007,318,585,5,1292695020
49008,318,589,3,1312876259
49009,318,17,4,1267471863
49010,318,470,4,1340476608
49011,318,233,4,1443879880
49012,318,604,4,1256504684
49013,318,471,3,1261340659
49014,318,21,4,1233958466
49015,318,314,4,1262804499
49016,318,22,4,1275844640
49017,318,472,4,1272912559
49018,318,622,3,1270751787
49019,318,25,4,1275844633
49020,318,1157,4,1342468697
49021,318,27,4,1237233405
49022,318,28,3,1270751771
49023,318,29,4,1254132935
49024,318,3220,4,1529314072
49025,318,1095,3,1413655710
49026,318,33,3,1291398287
49027,318,35,4,1266783425
49028,318,480,3,1256504618
49029,318,324,3,1237233396
49030,318,36,3,1342597176
49031,318,37,4,1414694177
49032,318,674,3,1413054669
49033,318,38,3,1282588674
49034,318,1424,4,1413627620
49035,318,40,3,1419076667
49036,318,1425,4,1305360046
49037,318,2172,4,1415713243
49038,318,2073,3,1428266207
49039,318,723,4,1235480336
49040,318,6727,3,1428910086
49041,318,1160,4,1333827950
49042,318,43,4,1238514366
49043,318,693,3,1342626788
49044,318,6728,3,1446152685
49045,318,333,4,1417205177
49046,318,335,3,1342626202
49047,318,1098,3,1424455787
49048,318,831,4,1327169322
49049,318,724,3,1312876245
49050,318,1161,3,1276200045
49051,318,1774,2,1346841051
49052,318,52,4,1482750515
49053,318,57,4,1235503695
49054,318,1775,2,1262805813
49055,318,1135,4,1261342311
49056,318,1162,3,1417278667
49057,318,60,4,1417278743
49058,318,343,3,1235480341
49059,318,62,4,1432578689
49060,318,63,4,1424546872
49061,318,64,4,1292760177
49062,318,66,3,1240164134
49063,318,4261,5,1272912481
49064,318,2174,3,1419076676
49065,318,68,3,1262804347
49066,318,1099,4,1413117703
49067,318,1006,3,1424164687
49068,318,2075,3,1413627611
49069,318,3608,3,1413645925
49070,318,1102,4,1424546885
49071,318,3704,4,1233957324
49072,318,69,3,1254132819
49073,318,351,3,1413627551
49074,318,3137,3,1447871188
49075,318,352,4,1286611622
49076,318,72,3,1424546880
49077,318,73,4,1265573914
49078,318,74,4,1238514353
49079,318,1163,3,1417205182
49080,318,78,3,1319980316
49081,318,79,4,1235482996
49082,318,1106,4,1272569327
49083,318,1165,5,1418561097
49084,318,726,3,1256504526
49085,318,865,3,1419078129
49086,318,2176,2,1346841002
49087,318,1108,4,1423222299
49088,318,85,4,1312876495
49089,318,86,2,1270752519
49090,318,2756,4,1413116844
49091,318,2084,5,1511041487
49092,318,358,4,1292760477
49093,318,1112,4,1268586506
49094,318,89,4,1262805879
49095,318,2757,3,1519770812
49096,318,2418,4,1413645974
49097,318,1468,3,1259002449
49098,318,978,3,1261343396
49099,318,93,3,1342597397
49100,318,1474,3,1262805015
49101,318,979,4,1267472699
49102,318,1475,3,1342468914
49103,318,6729,4,1428584640
49104,318,364,4,1419076660
49105,318,4864,4,1267472692
49106,318,1031,4,1261342558
49107,318,1168,3,1256504676
49108,318,100,4,1256504600
49109,318,102,4,1254132836
49110,318,727,4,1413627493
49111,318,728,2,1256504454
49112,318,106,3,1433139439
49113,318,1009,4,1515081848
49114,318,1501,3,1419076588
49115,318,1032,4,1256504351
49116,318,2461,4,1417280760
49117,318,729,4,1286611927
49118,318,109,4,1240164117
49119,318,1516,4,1413627560
49120,318,2462,3,1426353049
49121,318,1525,4,1445630849
49122,318,2091,5,1238878279
49123,318,376,3,1275845120
49124,318,731,3,1254132954
49125,318,1171,3,1256504344
49126,318,382,3,1419694900
49127,318,118,3,1275845106
49128,318,3023,2,1417205644
49129,318,121,4,1346840927
49130,318,122,3,1312876309
49131,318,384,4,1285271697
49132,318,1035,3,1262804543
49133,318,1780,3,1346840924
49134,318,134,4,1342626198
49135,318,141,4,1266782680
49136,318,1575,3,1262806207
49137,318,147,4,1256504286
49138,318,1593,3,1346840920
49139,318,1597,3,1265576418
49140,318,392,4,1278488326
49141,318,150,3,1256504552
49142,318,1601,3,1265573279
49143,318,3548,4,1312876863
49144,318,1862,3,1413054603
49145,318,154,3,1413054599
49146,318,1609,3,1261342560
49147,318,157,4,1424546816
49148,318,397,3,1428178600
49149,318,4265,4,1414922320
49150,318,163,4,1272569156
49151,318,164,4,1413627664
49152,318,165,4,1270753709
49153,318,166,4,1233957039
49154,318,167,3,1235479423
49155,318,2093,3,1433139430
49156,318,168,4,1325872395
49157,318,171,3,1261343203
49158,318,172,3,1237233292
49159,318,732,4,1267472410
49160,318,5579,3,1333821724
49161,318,179,3,1256504730
49162,318,1641,2,1265573956
49163,318,180,4,1312876727
49164,318,5123,3,1413054821
49165,318,182,3,1342627045
49166,318,183,3,1272569294
49167,318,185,3,1254132829
49168,318,2761,3,1340989349
49169,318,2190,3,1525674456
49170,318,194,3,1333825876
49171,318,198,4,1265573267
49172,318,1118,4,1453420406
49173,318,2041,4,1456621362
49174,318,6457,4,1315331392
49175,318,6326,4,1417889359
49176,318,201,4,1413628035
49177,318,5746,3,1233952300
49178,318,1183,3,1340356599
49179,318,736,3,1256504393
49180,318,204,4,1265662180
49181,318,1787,4,1267472571
49182,318,205,4,1346670234
49183,318,1121,4,1421871669
49184,318,5078,4,1422285502
49185,318,2198,5,1268228949
49186,318,3235,3,1413054808
49187,318,3612,3,1419694906
49188,318,5079,4,1440534164
49189,318,1011,3,1413054581
49190,318,4267,3,1424780995
49191,318,3551,3,1413722549
49192,318,422,2,1270752540
49193,318,6491,4,1275475059
49194,318,1719,3,1422285481
49195,318,1790,3,1333826929
49196,318,1723,4,1414693451
49197,318,5084,3,1423672264
49198,318,3066,4,1355525240
49199,318,5321,4,1315331422
49200,318,6730,4,1453710563
49201,318,1794,3,1275845347
49202,318,3304,4,1296942125
49203,318,1123,4,1457474046
49204,318,224,3,1266783262
49205,318,225,3,1324057668
49206,318,1015,3,1262805909
49207,318,6332,4,1532874577
49208,318,6731,3,1419078242
49209,318,1187,3,1262632193
49210,318,4170,5,1426936235
49211,318,1765,3,1263849843
49212,318,6732,4,1507742593
49213,318,429,4,1321190241
49214,318,430,3,1346840835
49215,318,6609,4,1429296587
49216,318,1797,2,1342468649
49217,318,2208,4,1265041281
49218,318,431,4,1263849804
49219,318,5333,4,1422525001
49220,318,742,4,1270753112
49221,318,1190,3,1518712915
49222,318,1022,4,1256504311
49223,318,434,4,1262805035
49224,318,436,3,1423222406
49225,318,437,4,1413054527
49226,318,440,3,1254132957
49227,318,445,4,1347180239
49228,318,446,4,1342626838
49229,318,2939,3,1525166542
49230,318,6733,5,1419765526
49231,318,3743,4,1525674517
49232,318,745,3,1256504262
49233,318,451,3,1256504467
49234,318,746,3,1262805837
49235,318,2631,4,1428178598
49236,318,1817,2,1342626828
49237,318,868,3,1259002517
49238,318,1821,4,1275845398
49239,318,6734,4,1416086034
49240,318,1822,3,1342627674
49241,318,454,4,1346357531
49242,318,748,3,1256504737
49243,318,6735,5,1415402882
49244,318,2949,2,1414922377
49245,318,6710,3,1423672259
49246,318,1825,4,1271003459
49247,318,6736,3,1525024628
49248,318,1829,4,1414693443
49249,318,2123,3,1444218335
49250,318,4184,4,1346668971
49251,318,1125,3,1413627499
49252,318,752,3,1254132894
49253,318,458,3,1237233413
49254,318,2695,3,1267472497
49255,318,460,4,1419694838
49256,318,1126,4,1235502945
49257,318,754,4,1278433613
49258,318,755,3,1254132845
49259,318,1838,4,1267474334
49260,318,1197,4,1419076941
49261,318,6151,3,1299244376
49262,318,6737,2,1423058813
49263,318,756,3,1256504416
49264,318,1881,3,1413627684
49265,318,6738,3,1417278799
49266,318,758,3,1256504248
49267,318,5380,4,1239011043
49268,318,760,4,1261343217
49269,318,6739,4,1525674956
49270,318,762,3,1262804523
49271,318,4848,4,1262631511
49272,318,2045,4,1419078384
49273,318,763,4,1424546834
49274,318,1202,3,1315335352
49275,318,2046,4,1419078066
49276,318,2125,4,1268585957
49277,318,764,3,1256504203
49278,318,6740,4,1483184570
49279,318,2752,2,1267474280
49280,318,856,4,1282237603
49281,318,1204,4,1424546826
49282,318,765,3,1278433377
49283,318,857,4,1262805830
49284,318,1045,4,1414922524
49285,318,766,4,1254132905
49286,318,1147,4,1237233075
49287,318,3255,4,1419077799
49288,318,6741,3,1413657027
49289,318,3191,2,1421145791
49290,318,6742,4,1443982595
49291,318,6743,3,1415713945
49292,318,769,3,1237233416
49293,318,5520,4,1319295091
49294,318,1209,3,1256504711
49295,318,1210,3,1238514673
49296,318,1211,3,1418496973
49297,318,1046,3,1435176117
49298,318,771,3,1237233388
49299,318,3070,3,1413627688
49300,318,1212,3,1346841140
49301,318,2047,4,1270751726
49302,318,2107,3,1345921027
49303,318,4854,3,1414693706
49304,318,1214,4,1309078328
49305,318,1215,5,1434096965
49306,318,2241,4,1340989321
49307,318,1148,4,1262804571
49308,318,235,3,1261342621
49309,318,773,3,1235500818
49310,318,2244,4,1263756008
49311,318,4240,3,1281557272
49312,318,2112,3,1286611736
49313,318,6744,5,1421499616
49314,318,2114,2,1481614323
49315,318,6745,3,1315335343
49316,318,774,3,1262804345
49317,318,1218,4,1256504256
49318,318,880,3,1324062367
49319,318,775,3,1292695608
49320,318,2720,3,1419080374
49321,318,2779,4,1451770351
49322,318,3755,4,1451770423
49323,318,6235,3,1482750513
49324,318,6746,4,1428491623
49325,318,4752,3,1507742265
49326,318,1221,3,1267712412
49327,318,1130,4,1272912522
49328,318,4185,3,1414694173
49329,318,1222,3,1413627653
49330,318,2782,4,1428491845
49331,318,777,3,1422524640
49332,318,3345,3,1444217838
49333,318,886,3,1262805912
49334,318,6747,4,1309078378
49335,318,6507,3,1413723075
49336,318,3574,3,1235502995
49337,318,2117,4,1315333091
49338,318,6748,3,1304077756
49339,318,5524,4,1415403188
49340,318,2786,3,1422524135
49341,318,6749,4,1428826553
49342,318,779,3,1237233422
49343,318,1226,3,1262806188
49344,318,780,3,1256504212
49345,318,2048,3,1315335365
49346,318,6750,4,1454191520
49347,318,887,3,1342627571
49348,318,2049,3,1448187797
49349,318,1049,3,1256504651
49350,318,6751,4,1484506631
49351,318,6752,4,1419695304
49352,318,3351,3,1235166088
49353,318,3147,4,1263755785
49354,318,2267,3,1347180206
49355,318,794,3,1438362223
49356,318,2721,4,1419080369
49357,318,2272,4,1275844911
49358,318,799,3,1262806259
49359,318,6753,4,1413646074
49360,318,6754,4,1457642882
49361,318,6755,4,1432312458
49362,318,6756,5,1456619819
49363,318,6757,4,1450042536
49364,318,6758,4,1443982576
49365,318,6759,3,1262806204
49366,318,1890,4,1429298589
49367,318,6760,4,1536523457
49368,318,6761,5,1443982562
49369,318,6762,3,1272569203
49370,318,6763,4,1422285289
49371,318,6764,4,1460225213
49372,318,3212,3,1419080980
49373,318,6765,4,1442671635
49374,318,3072,3,1414922235
49375,318,1132,3,1293980280
49376,318,4307,3,1275475123
49377,318,3149,4,1332020596
49378,318,1237,4,1235479614
49379,318,3150,4,1424546831
49380,318,801,3,1265574242
49381,318,2051,4,1302949847
49382,318,6766,4,1427579375
49383,318,2126,3,1444217724
49384,318,6767,3,1423670002
49385,318,6768,4,1427202871
49386,318,6769,4,1418496969
49387,318,807,2,1419695104
49388,318,2798,4,1428167064
49389,318,2801,3,1414922361
49390,318,6770,3,1460226478
49391,318,6771,4,1484506674
49392,318,1239,4,1271003462
49393,318,2286,4,1261342674
49394,318,809,3,1262631794
49395,318,1240,3,1267712383
49396,318,895,3,1261343280
49397,318,810,4,1319980324
49398,318,5286,3,1268585915
49399,318,812,3,1261343285
49400,318,1892,3,1312876725
49401,318,813,3,1324060744
49402,318,2127,3,1240162670
49403,318,1245,3,1413054693
49404,318,814,4,1263849820
49405,318,1249,3,1413628043
49406,318,3585,4,1346669419
49407,318,4758,4,1326991164
49408,318,2297,4,1275844846
49409,318,2299,3,1435092854
49410,318,1894,3,1256504289
49411,318,897,3,1261343269
49412,318,6772,4,1445022665
49413,318,1895,3,1262804474
49414,318,2300,3,1256504480
49415,318,2301,4,1325520137
49416,318,2054,4,1262805861
49417,318,6773,4,1435309000
49418,318,4315,3,1342627881
49419,318,6438,4,1347180312
49420,318,1251,3,1261342617
49421,318,2307,4,1305313518
49422,318,1252,4,1262806076
49423,318,1253,4,1325521115
49424,318,1254,4,1419081538
49425,318,2309,3,1345921011
49426,318,3382,3,1315334540
49427,318,6774,4,1424164414
49428,318,1897,3,1261343316
49429,318,817,3,1265574063
49430,318,2977,3,1325870115
49431,318,1255,3,1256504280
49432,318,3152,4,1325870542
49433,318,2722,3,1276006634
49434,318,1256,4,1272912553
49435,318,2055,4,1413405272
49436,318,1258,3,1426361443
49437,318,6775,3,1525166249
49438,318,3512,3,1419077770
49439,318,3392,3,1413646585
49440,318,6776,4,1484507794
49441,318,4860,3,1321190231
49442,318,2316,4,1237233480
49443,318,1133,3,1422524550
49444,318,6777,3,1484506870
49445,318,1051,4,1424546821
49446,318,823,3,1413656911
49447,318,825,3,1324056370
49448,318,6545,5,1319293325
49449,318,4519,3,1325866908
49450,318,2320,3,1256504587
49451,318,6778,4,1536153065
49452,318,6779,3,1423222433
49453,318,2326,4,1261342629
49454,318,5957,3,1324060642
49455,318,1262,4,1347014123
49456,318,900,3,1256504090
49457,318,2328,3,1325441998
49458,318,2808,3,1414922262
49459,318,1905,3,1240162659
49460,318,1907,3,1265575097
49461,318,3515,4,1434395443
49462,318,6780,4,1422108976
49463,318,6781,4,1413646229
49464,318,2725,4,1434395002
49465,318,1268,3,1413054690
49466,318,2710,3,1432312423
49467,318,1269,3,1256504680
49468,318,2519,3,1256504571
49469,318,6782,4,1427549240
49470,318,5964,4,1325866913
49471,318,1270,4,1256504409
49472,318,903,4,1256504083
49473,318,6783,4,1426106282
49474,318,2058,3,1256504399
49475,318,3414,4,1424546959
49476,318,1272,4,1424546853
49477,318,3806,4,1424546948
49478,318,1273,3,1418982348
49479,318,2343,3,1428775122
49480,318,3677,4,1327169225
49481,318,2344,4,1332020552
49482,318,1275,4,1342626158
49483,318,2059,4,1424546867
49484,318,2346,3,1425315887
49485,318,5760,3,1413722898
49486,318,1054,4,1256504508
49487,318,904,4,1237233379
49488,318,2347,3,1455962106
49489,318,2348,4,1256504761
49490,318,1276,3,1445629406
49491,318,1909,3,1426361435
49492,318,2129,4,1263848525
49493,318,1279,3,1332020629
49494,318,6784,3,1426354241
49495,318,3432,3,1325868890
49496,318,2350,3,1259002439
49497,318,1280,3,1267473707
49498,318,6785,4,1315335368
49499,318,4320,4,1347180274
49500,318,239,4,1347180308
49501,318,1911,3,1325866776
49502,318,1055,3,1263848518
49503,318,2354,4,1414922336
49504,318,1283,3,1340989523
49505,318,1914,3,1434395055
49506,318,1284,3,1426106390
49507,318,1056,4,1265662191
49508,318,1285,3,1262806242
49509,318,6786,4,1435176599
49510,318,1286,5,1321188642
49511,318,240,4,1333827970
49512,318,2063,3,1426413922
49513,318,6787,3,1413404959
49514,318,2130,4,1325866214
49515,318,2131,4,1325870102
49516,318,2366,2,1422524145
49517,318,2367,3,1305476736
49518,318,2064,5,1261343381
49519,318,6788,4,1416086832
49520,318,6518,3,1325868882
49521,318,6789,4,1436351571
49522,318,1287,3,1325870110
49523,318,2377,4,1326991148
49524,318,3083,4,1281556828
49525,318,1916,3,1256504199
49526,318,912,3,1256504611
49527,318,2726,4,1424546934
49528,318,2381,3,1265662198
49529,318,5027,4,1443879884
49530,318,6790,3,1275845365
49531,318,2382,3,1529771723
49532,318,1058,4,1238877929
49533,318,2383,3,1419695018
49534,318,1151,3,1299244386
49535,318,1290,3,1424546870
49536,318,914,3,1434395008
49537,318,6791,3,1235503563
49538,318,6293,4,1434394822
49539,318,6792,4,1315335401
49540,318,6793,4,1432578762
49541,318,4766,3,1428266313
49542,318,4702,3,1305913600
49543,318,5815,4,1432967851
49544,318,5977,3,1309628606
49545,318,6794,4,1325520141
49546,318,3084,4,1272568698
49547,318,3156,4,1413117422
49548,318,1294,4,1347180211
49549,318,241,4,1413723097
49550,318,1295,4,1428491787
49551,318,1059,4,1261343473
49552,318,1152,3,1413628660
49553,318,6795,3,1428266489
49554,318,3085,3,1437381768
49555,318,916,4,1424546827
49556,318,1297,3,1265573864
49557,318,3518,3,1421499902
49558,318,4531,3,1325869934
49559,318,2991,3,1254132614
49560,318,4328,4,1315331061
49561,318,1298,3,1434395028
49562,318,1921,4,1325868887
49563,318,6796,3,1424546950
49564,318,1060,4,1424546851
49565,318,3459,4,1424546961
49566,318,918,3,1292075177
49567,318,1299,3,1413655863
49568,318,6797,3,1419716294
49569,318,1061,3,1261340410
49570,318,5441,4,1455891296
49571,318,6356,3,1451996037
49572,318,1062,4,1413655621
49573,318,2393,3,1414922422
49574,318,6798,4,1300541595
49575,318,6799,3,1433531152
49576,318,1301,4,1278488257
49577,318,6299,4,1282228576
49578,318,3464,4,1413646177
49579,318,6800,4,1436440049
49580,318,2068,4,1413116894
49581,318,6801,3,1415538273
49582,318,6802,3,1426783730
49583,318,242,4,1278488248
49584,318,4173,4,1262720753
49585,318,4536,4,1347180246
49586,318,6803,3,1457474210
49587,318,1302,4,1311452124
49588,318,922,4,1275832163
49589,318,6804,5,1347014669
49590,318,3520,4,1270138934
49591,318,3720,4,1517938910
49592,318,291,3,1426106383
49593,318,6805,4,1526235806
49594,318,925,4,1507743527
49595,318,6806,3,1262805820
49596,318,927,3,1315384680
49597,318,928,3,1267471917
49598,318,6358,4,1325872820
49599,318,1304,3,1413655596
49600,318,1305,4,1293979929
49601,318,6807,3,1265573904
49602,318,6808,5,1419694294
49603,318,243,4,1270751677
49604,318,6720,4,1324065004
49605,318,1308,3,1282237624
49606,318,6809,4,1424546857
49607,318,3726,4,1434395218
49608,318,6810,4,1424546856
49609,318,1310,3,1325870125
49610,318,1926,4,1333821979
49611,318,6811,3,1281907642
49612,318,1311,2,1445022788
49613,318,1312,4,1312876226
49614,318,6812,3,1413646376
49615,318,6813,4,1272569440
49616,318,6814,3,1345921097
49617,318,244,4,1299452815
49618,318,1313,3,1426106393
49619,318,3157,4,1424546887
49620,318,4731,3,1434395123
49621,318,3088,2,1434395066
49622,318,4541,3,1424546891
49623,318,6815,5,1447159301
49624,318,3476,2,1414693950
49625,318,6816,4,1413117560
49626,318,932,3,1413722606
49627,318,245,4,1424546945
49628,318,1928,4,1413404949
49629,318,4174,3,1325442047
49630,318,3089,4,1324056815
49631,318,4542,5,1325870250
49632,318,1317,3,1325441990
49633,318,1318,4,1297543602
49634,318,6817,4,1442672405
49635,318,6818,3,1417280839
49636,318,3090,3,1419080953
49637,318,247,4,1332020609
49638,318,2815,4,1309620322
49639,318,6721,3,1299452905
49640,318,6819,4,1413646575
49641,318,1931,4,1325441540
49642,318,3841,3,1325866770
49643,318,1932,4,1325867483
49644,318,1934,4,1292075170
49645,318,935,4,1296306680
49646,318,3478,4,1413645959
49647,318,1155,5,1300485319
49648,318,3091,3,1324062199
49649,318,3480,4,1327170245
49650,318,6820,3,1413646067
49651,318,6821,4,1345921135
49652,318,1064,3,1427878925
49653,318,5443,3,1455891341
49654,318,6822,5,1330277844
49655,318,6823,4,1422524361
49656,318,3481,3,1424546933
49657,318,3847,4,1312633944
49658,318,1065,4,1427879028
49659,318,6824,4,1507743326
49660,318,5861,4,1325520957
49661,318,1066,4,1427879024
49662,318,6066,4,1333827963
49663,318,4340,4,1327169330
49664,318,6825,5,1425654234
49665,318,6826,3,1460225458
49666,318,3158,4,1424546902
49667,318,3483,3,1428910241
49668,318,3484,4,1413560299
49669,318,940,3,1432382534
49670,318,1327,3,1325442110
49671,318,6827,4,1515012699
49672,318,941,4,1325442015
49673,318,1328,3,1346670098
49674,318,6828,3,1422524397
49675,318,6829,3,1319291673
49676,318,6830,4,1517938905
49677,318,1939,4,1319980253
49678,318,1330,3,1413054514
49679,318,1331,3,1424546905
49680,318,943,4,1417279084
49681,318,6831,3,1417280140
49682,318,3487,4,1419696021
49683,318,3095,3,1424797380
49684,318,1067,3,1346357509
49685,318,3160,4,1424546859
49686,318,6832,3,1413722715
49687,318,6833,4,1433057069
49688,318,6834,3,1427578983
49689,318,6835,3,1432967849
49690,318,1332,3,1450042316
49691,318,6836,3,1419695095
49692,318,5279,4,1413628045
49693,318,2821,4,1325438881
49694,318,6837,4,1414782929
49695,318,3097,4,1424546849
49696,318,6529,4,1428491800
49697,318,1068,3,1413655763
49698,318,250,3,1417279777
49699,318,1943,3,1417279895
49700,318,1334,3,1424797386
49701,318,251,3,1417279088
49702,318,6838,4,1435779332
49703,318,6839,4,1517774420
49704,318,4212,4,1340476265
49705,318,6840,4,1432966878
49706,318,2825,4,1413646276
49707,318,6841,3,1426784369
49708,318,1945,4,1417279806
49709,318,2993,3,1426413898
49710,318,4256,4,1417279125
49711,318,1947,4,1417280088
49712,318,6842,4,1427579570
49713,318,1948,3,1361571823
49714,318,1069,4,1355525120
49715,318,4556,4,1456619418
49716,318,3491,3,1424546941
49717,318,949,3,1417279791
49718,318,5281,3,1456620598
49719,318,4557,3,1417281033
49720,318,6092,4,1355525157
49721,318,4353,4,1424456290
49722,318,6843,4,1421145142
49723,318,1070,3,1413655577
49724,318,4213,3,1413404914
49725,318,5822,4,1413646563
49726,318,2829,3,1413723648
49727,318,2830,4,1413722692
49728,318,4734,4,1413405285
49729,318,1340,4,1413655591
49730,318,5823,4,1361571591
49731,318,6844,4,1447871106
49732,318,953,4,1413116821
49733,318,1342,3,1417280624
49734,318,1343,4,1415648242
49735,318,252,5,1361571697
49736,318,6845,4,1426414317
49737,318,6846,3,1422524187
49738,318,6847,4,1483311102
49739,318,4358,4,1426353247
49740,318,6101,2,1417280486
49741,318,6848,4,1417281043
49742,318,3100,3,1417279970
49743,318,1346,3,1483185781
49744,318,2133,3,1417278660
49745,318,1347,3,1413723362
49746,318,6849,4,1532883375
49747,318,6850,3,1445630436
49748,318,1072,3,1417279833
49749,318,3102,4,1424546837
49750,318,1962,3,1417280466
49751,318,1964,3,1417280586
49752,318,6107,3,1483185582
49753,318,6558,3,1414693754
49754,318,1968,3,1417280442
49755,318,2836,4,1413646283
49756,318,6851,4,1439059638
49757,318,1354,4,1413570241
49758,318,959,3,1414693747
49759,318,6852,3,1442351142
49760,318,5446,3,1455961958
49761,318,1975,4,1427271156
49762,318,1976,3,1434737415
49763,318,961,3,1432670981
49764,318,2737,4,1481321453
49765,318,6110,3,1414693833
49766,318,6853,3,1525426802
49767,318,962,4,1445022540
49768,318,6854,3,1423669971
49769,318,254,5,1421224696
49770,318,6855,3,1432312584
49771,318,1075,3,1417279828
49772,318,4710,2,1414693824
49773,318,3107,3,1526806668
49774,318,6115,3,1415452491
49775,318,6856,3,1439661331
49776,318,6857,3,1417278624
49777,318,3110,4,1501360241
49778,318,6858,3,1435398156
49779,318,2539,4,1428491527
49780,318,6859,3,1447159757
49781,318,1362,3,1426783823
49782,318,4216,4,1427644080
49783,318,1363,2,1432382523
49784,318,2540,4,1437381784
49785,318,6860,4,1536152670
49786,318,6861,5,1426251739
49787,318,4714,4,1535036980
49788,318,6862,4,1433057103
49789,318,6863,4,1428013151
49790,318,3114,3,1426361689
49791,318,6864,3,1418982971
49792,318,6865,4,1433057047
49793,318,4383,4,1535037621
49794,318,6866,3,1427578797
49795,318,6867,3,1433057149
49796,318,258,3,1438361831
49797,318,1081,3,1451394515
49798,318,5450,4,1532881156
49799,318,6868,4,1429299165
49800,318,6869,4,1447871076
49801,318,6870,3,1422789148
49802,318,6871,4,1422789138
49803,318,6872,4,1449338423
49804,318,6873,4,1436391557
49805,318,2542,3,1456621336
49806,318,6874,4,1424455758
49807,318,6875,4,1424456176
49808,318,6876,4,1426937105
49809,318,4803,3,1484772685
49810,318,6877,4,1437381725
49811,318,6878,3,1444136221
49812,318,2846,3,1448378884
49813,318,5988,4,1451995959
49814,318,6879,5,1446924961
49815,318,1086,4,1459035862
49816,318,4218,4,1451996031
49817,318,2848,4,1512681753
49818,318,6880,3,1455886225
49819,318,2741,4,1441533964
49820,318,2021,3,1453137056
49821,318,6881,5,1447511731
49822,318,6882,4,1450717949
49823,318,6883,3,1450218213
49824,318,6884,4,1447159376
49825,318,4808,3,1501360248
49826,318,3118,3,1512681939
49827,318,6885,4,1445511951
49828,318,2862,4,1481614728
49829,318,6886,4,1535036899
49830,318,6887,4,1451218699
49831,318,6888,2,1526236187
49832,318,6889,4,1502207152
49833,318,6890,4,1457646243
49834,318,1379,4,1451562440
49835,318,6891,4,1535036639
49836,318,6892,3,1482683226
49837,318,6893,3,1482750332
49838,318,1384,4,1507743266
49839,318,6894,3,1502206771
49840,318,1385,4,1507743283
49841,318,6895,4,1536246869
49842,318,4827,3,1512681784
49843,318,6896,3,1484772697
49844,318,4831,4,1525426774
49845,318,2869,4,1481320859
49846,318,1092,4,1512681910
49847,318,2872,4,1518991964
49848,318,6897,3,1511041378
49849,318,6898,3,1536152813
49850,318,2750,4,1533303535
49851,318,6899,5,1516826406
49852,318,6900,4,1511907927
49853,318,6901,2,1511907895
49854,318,6902,4,1535035942
49855,318,2137,4,1517345856
49856,318,1396,4,1516826106
49857,318,6903,5,1533931830
49858,318,3132,3,1536152628
49859,318,6904,5,1517774414
49860,318,6905,3,1535035470
49861,318,6906,4,1535035971
49862,318,6907,2,1536097988
49863,319,8,4,1461351712
49864,319,589,5,1461351748
49865,319,233,4,1461351698
49866,319,21,4,1461352079
49867,319,472,5,1461351771
49868,319,29,5,1461351622
49869,319,323,5,1461351928
49870,319,324,4,1461351972
49871,319,1028,5,1461351651
49872,319,336,4,1461352089
49873,319,1137,5,1461351725
49874,319,376,4,1461351974
49875,319,167,5,1461351631
49876,319,1640,5,1461351926
49877,319,193,4,1461351986
49878,319,876,3,1461351992
49879,319,878,4,1461351781
49880,319,883,4,1461351487
49881,319,239,5,1461351543
49882,319,1056,5,1461351659
49883,319,918,4,1461351746
49884,319,245,5,1461352130
49885,319,935,4,1461351719
49886,319,960,4,1461351802
49887,319,1976,4,1461351823
49888,319,254,5,1461351651
49889,319,1076,3,1461352122
49890,319,255,5,1461352150
49891,319,1998,4,1461351785
49892,319,1081,3,1461351728
49893,319,1082,3,1461352191
49894,319,2543,4,1461454241
49895,319,2853,3,1461454255
49896,319,1373,4,1461352186
49897,319,1089,4,1461351517
49898,320,1771,3,1284250735
49899,320,127,4,1284250624
49900,320,5148,0,1284250854
49901,320,1733,4,1284250728
49902,320,220,3,1284251646
49903,320,225,3,1284250643
49904,320,1756,3,1284250704
49905,320,3318,4,1284250893
49906,320,1851,4,1284250811
49907,320,4118,3,1284251627
49908,320,2109,3,1284250898
49909,320,6908,3,1284251103
49910,320,2485,4,1284251163
49911,320,3378,3,1284251112
49912,320,1055,4,1284251637
49913,320,1914,3,1284251074
49914,320,3445,3,1284251097
49915,320,1152,4,1284251642
49916,320,242,4,1284250863
49917,320,927,4,1284251670
49918,321,482,5,843212595
49919,321,2,3,843212762
49920,321,484,3,843212719
49921,321,493,3,843212522
49922,321,292,3,843212550
49923,321,495,4,843212762
49924,321,525,4,843212595
49925,321,464,4,843212359
49926,321,465,5,843212390
49927,321,528,3,843212662
49928,321,530,4,843212741
49929,321,531,3,843212458
49930,321,532,3,843212390
49931,321,541,4,843212681
49932,321,550,3,843212475
49933,321,558,4,843212509
49934,321,14,3,843212424
49935,321,562,3,843212741
49936,321,569,4,843212697
49937,321,466,3,843212458
49938,321,571,4,843212617
49939,321,580,3,843212762
49940,321,585,3,843212474
49941,321,588,4,843212439
49942,321,18,4,843212439
49943,321,598,5,843212522
49944,321,605,3,843212475
49945,321,471,3,843212390
49946,321,20,3,843212719
49947,321,609,4,843212642
49948,321,613,3,843212641
49949,321,21,5,843212439
49950,321,472,4,843212493
49951,321,23,4,843212493
49952,321,620,3,843212762
49953,321,622,3,843212509
49954,321,473,5,843212359
49955,321,474,3,843212509
49956,321,637,3,843212697
49957,321,639,4,843212474
49958,321,26,3,843212424
49959,321,27,4,843212458
49960,321,28,4,843212509
49961,321,322,3,843212642
49962,321,828,3,843212550
49963,321,671,3,843212550
49964,321,323,3,843212390
49965,321,479,3,843212493
49966,321,34,4,843212359
49967,321,35,4,843212424
49968,321,324,3,843212424
49969,321,481,3,843212641
49970,321,38,3,843212719
49971,321,42,4,843212595
49972,321,43,4,843212595
49973,321,697,5,843212681
49974,322,1,3,1217676206
49975,322,482,3,1217676495
49976,322,487,4,1217676313
49977,322,488,4,1217676534
49978,322,4,4,1217676246
49979,322,5,4,1217675827
49980,322,8,3,1217676197
49981,322,464,4,1217677389
49982,322,2071,3,1217677446
49983,322,17,5,1217676115
49984,322,233,4,1217675823
49985,322,609,3,1217676610
49986,322,21,3,1217676119
49987,322,27,3,1217676127
49988,322,28,3,1217676280
49989,322,828,3,1217676382
49990,322,481,3,1217676274
49991,322,37,4,1217676232
49992,322,723,4,1217676540
49993,322,1160,3,1217676543
49994,322,43,3,1217676212
49995,322,2444,3,1217676916
49996,322,1028,1,1217675809
49997,322,336,5,1217676046
49998,322,1098,3,1217675567
49999,322,2395,4,1217676860
50000,322,57,3,1217674947
50001,322,1775,2,1217676843
50002,322,2447,2,1217675520
50003,322,62,5,1217676582
50004,322,68,5,1217676351
50005,322,1102,2,1217676359
50006,322,351,3,1217676919
50007,322,352,4,1217677750
50008,322,72,3,1217676526
50009,322,1137,1,1217676453
50010,322,1106,3,1217676694
50011,322,2080,3,1217675084
50012,322,865,3,1217676682
50013,322,84,2,1217676562
50014,322,85,4,1217676332
50015,322,360,2,1217676722
50016,322,99,4,1217676482
50017,322,102,3,1217676294
50018,322,984,3,1217676823
50019,322,728,3,1217676511
50020,322,104,3,1217677631
50021,322,106,5,1217676817
50022,322,729,3,1217676568
50023,322,988,1,1217676306
50024,322,730,3,1217676489
50025,322,379,4,1217676463
50026,322,382,3,1217676520
50027,322,1556,2,1217675226
50028,322,2570,3,1217675098
50029,322,2184,3,1217677374
50030,322,145,5,1217676740
50031,322,1594,3,1217676772
50032,322,392,4,1217676735
50033,322,150,4,1217676766
50034,322,163,3,1217676628
50035,322,166,4,1217677221
50036,322,167,4,1217677103
50037,322,399,3,1217676779
50038,322,171,3,1217676700
50039,322,179,4,1217676727
50040,322,1179,3,1217676494
50041,322,402,4,1217676269
50042,322,1650,3,1217677095
50043,322,185,4,1217676241
50044,322,6909,2,1217675439
50045,322,1180,3,1217676557
50046,322,193,4,1217676354
50047,322,198,0,1217676415
50048,322,201,2,1217676745
50049,322,422,3,1217676710
50050,322,2159,3,1217675147
50051,322,423,0,1217676760
50052,322,220,4,1217676389
50053,322,6413,3,1217675291
50054,322,1022,1,1217677203
50055,322,1043,3,1217676691
50056,322,437,3,1217677259
50057,322,445,3,1217676500
50058,322,745,2,1217676405
50059,322,3553,3,1217675349
50060,322,2650,3,1217675183
50061,322,1126,4,1217676707
50062,322,754,3,1217676368
50063,322,4163,2,1217675399
50064,322,763,3,1217677087
50065,322,1202,4,1217677271
50066,322,1214,4,1217677754
50067,322,235,4,1217676816
50068,322,1130,4,1217676898
50069,322,2119,3,1217675233
50070,322,891,4,1217677759
50071,322,1242,3,1217677288
50072,322,1251,3,1217677352
50073,322,1253,5,1217675817
50074,322,1256,4,1217677645
50075,322,2311,4,1217677367
50076,322,2312,4,1217675374
50077,322,1262,3,1217675316
50078,322,904,5,1217677098
50079,322,239,3,1217675948
50080,322,1284,0,1217677125
50081,323,1,3,1422640363
50082,323,482,4,1422640110
50083,323,492,3,1422640288
50084,323,493,2,1422640116
50085,323,494,3,1422640551
50086,323,2069,3,1422640570
50087,323,293,2,1422640375
50088,323,461,2,1422640415
50089,323,462,3,1422640290
50090,323,1401,3,1422640448
50091,323,5,4,1422640061
50092,323,503,3,1422640654
50093,323,505,2,1422640114
50094,323,520,3,1422640550
50095,323,8,2,1422640359
50096,323,464,3,1422640367
50097,323,9,3,1422640471
50098,323,465,2,1422640395
50099,323,528,3,1422640453
50100,323,531,4,1422640265
50101,323,1027,1,1422640468
50102,323,1405,3,1422640199
50103,323,2424,3,1422640680
50104,323,550,2,1422640245
50105,323,559,3,1422640640
50106,323,466,4,1422640246
50107,323,16,4,1422640069
50108,323,468,2,1422640180
50109,323,2071,3,1422640615
50110,323,578,1,1422640621
50111,323,584,2,1422640524
50112,323,17,4,1422640352
50113,323,470,2,1422640120
50114,323,18,2,1422640409
50115,323,233,5,1422640055
50116,323,599,3,1422640623
50117,323,600,3,1422640244
50118,323,604,3,1422640163
50119,323,310,3,1422640492
50120,323,312,3,1422640613
50121,323,21,3,1422640354
50122,323,314,3,1422640250
50123,323,472,4,1422640389
50124,323,23,3,1422640406
50125,323,973,3,1422640514
50126,323,622,2,1422640386
50127,323,474,2,1422640137
50128,323,637,2,1422640132
50129,323,639,3,1422640259
50130,323,26,3,1422640371
50131,323,475,3,1422640292
50132,323,318,4,1422640562
50133,323,27,3,1422640356
50134,323,654,4,1422640219
50135,323,28,3,1422640404
50136,323,657,3,1422640127
50137,323,320,3,1422640167
50138,323,29,4,1422640057
50139,323,1420,4,1422640123
50140,323,2440,5,1422640657
50141,323,323,4,1422640382
50142,323,832,3,1422640644
50143,323,65,3,1422640528
50144,323,346,4,1422640494
50145,323,350,4,1422640610
50146,323,69,4,1422640078
50147,323,71,2,1422640063
50148,323,2751,3,1422640450
50149,323,93,2,1422640474
50150,323,979,2,1422640664
50151,323,94,4,1422640484
50152,323,95,2,1422640478
50153,323,145,3,1422640193
50154,323,3027,3,1422640618
50155,323,167,3,1422640071
50156,323,3297,3,1422640706
50157,323,208,3,1422640634
50158,323,2200,2,1422640631
50159,323,1184,2,1422640662
50160,323,775,2,1422640081
50161,323,1980,2,1422640930
50162,323,962,2,1422640790
50163,323,254,3,1422640788
50164,323,1075,1,1422640834
50165,323,6910,3,1422640893
50166,323,4710,1,1422640875
50167,323,6115,2,1422640881
50168,323,6911,2,1422640855
50169,323,2536,4,1422640926
50170,323,1358,4,1422640803
50171,323,2538,3,1422640805
50172,323,1077,3,1422640800
50173,323,4795,1,1422640853
50174,323,1078,4,1422640819
50175,323,2539,4,1422640825
50176,323,1998,3,1422640828
50177,323,1362,4,1422640799
50178,323,1364,4,1422640837
50179,324,633,2,974906461
50180,324,37,5,974906492
50181,324,1028,4,974906492
50182,324,70,3,974906429
50183,324,4677,3,974906461
50184,324,1669,3,974906492
50185,324,5135,4,974906733
50186,324,6912,2,974906705
50187,324,1020,4,974906585
50188,324,429,4,974906585
50189,324,6913,1,974906742
50190,324,3722,4,974906585
50191,324,6914,1,974906733
50192,324,5329,4,974906585
50193,324,6609,4,974906705
50194,324,1797,4,974906585
50195,324,278,3,974906640
50196,324,1021,2,974906614
50197,324,1798,5,974906585
50198,324,3308,3,974906614
50199,324,4493,1,974906667
50200,325,3,4,1039398204
50201,325,493,2,1039395714
50202,325,494,3,1039397193
50203,325,2069,4,1039398353
50204,325,6915,4,1039399501
50205,325,293,4,1039396494
50206,325,296,4,1039395583
50207,325,6916,4,1039397611
50208,325,519,2,1039395952
50209,325,1094,5,1039395609
50210,325,6917,4,1039396567
50211,325,303,5,1039398384
50212,325,1024,3,1039396665
50213,325,2423,5,1039396793
50214,325,13,3,1039395636
50215,325,559,4,1039396049
50216,325,4181,4,1039396588
50217,325,15,5,1039399069
50218,325,574,4,1039396364
50219,325,589,3,1039399105
50220,325,17,5,1039395929
50221,325,470,4,1039398710
50222,325,594,2,1039399236
50223,325,233,5,1039397072
50224,325,600,3,1039396401
50225,325,608,4,1039395430
50226,325,313,3,1039397350
50227,325,21,2,1039395407
50228,325,1410,3,1039398182
50229,325,473,2,1039396851
50230,325,1412,2,1039396015
50231,325,643,2,1039395636
50232,325,475,3,1039395668
50233,325,2509,4,1039398277
50234,325,2896,4,1039395860
50235,325,662,3,1039398295
50236,325,1095,5,1039398946
50237,325,1158,4,1039395714
50238,325,671,3,1039396639
50239,325,35,5,1039396077
50240,325,481,2,1039399548
50241,325,325,4,1039395714
50242,325,42,1,1039398295
50243,325,2073,3,1039398042
50244,325,695,4,1039397621
50245,325,328,4,1039396510
50246,325,1028,5,1039395381
50247,325,333,5,1039395789
50248,325,45,4,1039397978
50249,325,1442,4,1039396945
50250,325,724,5,1039397092
50251,325,2143,5,1039397599
50252,325,863,4,1039397019
50253,325,56,3,1039397045
50254,325,1135,4,1039396958
50255,325,64,5,1039399280
50256,325,266,3,1039396129
50257,325,2174,3,1039396588
50258,325,67,4,1039397545
50259,325,348,5,1039399105
50260,325,2557,2,1039395381
50261,325,69,4,1039398154
50262,325,70,3,1039395453
50263,325,351,5,1039398061
50264,325,1104,4,1039397109
50265,325,353,4,1039397072
50266,325,2076,5,1039396324
50267,325,77,5,1039397876
50268,325,1138,5,1039395869
50269,325,1139,4,1039398929
50270,325,1453,4,1039399025
50271,325,2082,5,1039399628
50272,325,2176,4,1039396934
50273,325,1454,3,1039396665
50274,325,1108,4,1039396324
50275,325,5053,4,1039397978
50276,325,86,4,1039396830
50277,325,358,4,1039397908
50278,325,2449,4,1039395453
50279,325,91,4,1039395885
50280,325,2178,4,1039397786
50281,325,361,3,1039398016
50282,325,4057,4,1039397134
50283,325,1461,4,1039397577
50284,325,1463,4,1039396702
50285,325,977,5,1039396113
50286,325,978,2,1039399069
50287,325,271,3,1039397184
50288,325,1474,3,1039396060
50289,325,2147,5,1039398049
50290,325,362,4,1039396639
50291,325,99,4,1039399042
50292,325,1031,3,1039397184
50293,325,1168,2,1039399042
50294,325,101,4,1039396740
50295,325,727,4,1039395952
50296,325,103,3,1039395994
50297,325,984,2,1039399280
50298,325,728,4,1039396702
50299,325,1500,2,1039396037
50300,325,106,4,1039397243
50301,325,1032,4,1039395597
50302,325,834,3,1039395775
50303,325,108,4,1039399222
50304,325,729,3,1039396426
50305,325,1512,3,1039396551
50306,325,988,4,1039397919
50307,325,109,5,1039398154
50308,325,730,4,1039395430
50309,325,113,4,1039398165
50310,325,1525,4,1039398865
50311,325,2674,2,1039395668
50312,325,5715,4,1039395994
50313,325,2091,4,1039397773
50314,325,991,1,1039397891
50315,325,380,3,1039396341
50316,325,5055,4,1039397313
50317,325,382,3,1039395430
50318,325,3547,4,1039398865
50319,325,837,3,1039396077
50320,325,5603,3,1039396567
50321,325,1564,4,1039395682
50322,325,4064,4,1039396974
50323,325,2680,3,1039399042
50324,325,1571,3,1039396113
50325,325,386,2,1039395929
50326,325,387,4,1039397891
50327,325,2571,4,1039395734
50328,325,2907,5,1039397813
50329,325,1575,3,1039399398
50330,325,2908,3,1039398353
50331,325,388,5,1039397168
50332,325,1141,4,1039398723
50333,325,390,3,1039399746
50334,325,2184,4,1039397475
50335,325,5057,5,1039399325
50336,325,1581,3,1039395975
50337,325,145,3,1039396675
50338,325,1037,4,1039396688
50339,325,3027,4,1039397562
50340,325,1593,3,1039399488
50341,325,1594,3,1039395597
50342,325,1597,4,1039395636
50343,325,2575,3,1039396958
50344,325,1601,3,1039395929
50345,325,151,4,1039395430
50346,325,153,2,1039397908
50347,325,2469,4,1039396510
50348,325,6918,4,1039399260
50349,325,160,3,1039395975
50350,325,1115,4,1039399025
50351,325,5062,4,1039399025
50352,325,1627,2,1039398230
50353,325,1001,3,1039398213
50354,325,398,4,1039396768
50355,325,169,4,1039398723
50356,325,172,2,1039397724
50357,325,1641,4,1039395636
50358,325,181,4,1039399578
50359,325,1648,3,1039397092
50360,325,402,4,1039397184
50361,325,6919,4,1039396351
50362,325,1661,3,1039396702
50363,325,6920,4,1039395734
50364,325,2097,5,1039395682
50365,325,1667,3,1039398252
50366,325,2190,4,1039397709
50367,325,1669,4,1039398264
50368,325,5313,4,1039396783
50369,325,5129,1,1039395815
50370,325,195,3,1039396783
50371,325,196,3,1039398689
50372,325,6392,4,1039398946
50373,325,411,3,1039397698
50374,325,201,2,1039398372
50375,325,1684,1,1039396005
50376,325,1685,3,1039399746
50377,325,3139,5,1039397746
50378,325,1120,4,1039397908
50379,325,5581,4,1039397328
50380,325,204,3,1039397045
50381,325,5318,4,1039396783
50382,325,415,4,1039396567
50383,325,4224,4,1039398946
50384,325,416,4,1039395747
50385,325,206,4,1039399116
50386,325,5076,5,1039396096
50387,325,2762,4,1039395885
50388,325,3063,3,1039395583
50389,325,2602,2,1039399325
50390,325,3235,3,1039397754
50391,325,4083,3,1039396610
50392,325,842,4,1039395940
50393,325,2403,4,1039397773
50394,325,6491,4,1039398965
50395,325,1718,3,1039397698
50396,325,1719,5,1039397545
50397,325,1144,5,1039395583
50398,325,3064,4,1039395609
50399,325,6492,3,1039395636
50400,325,1736,4,1039398965
50401,325,1042,2,1039395775
50402,325,1740,3,1039399596
50403,325,738,3,1039397746
50404,325,5841,2,1039396650
50405,325,1747,2,1039398061
50406,325,6332,4,1039397439
50407,325,6172,4,1039398784
50408,325,4273,4,1039398784
50409,325,1760,4,1039398896
50410,325,230,2,1039396588
50411,325,1019,3,1039395775
50412,325,2936,4,1039396113
50413,325,5504,3,1039397688
50414,325,3309,2,1039398309
50415,325,742,4,1039398793
50416,325,2042,3,1039396037
50417,325,440,4,1039398396
50418,325,1876,3,1039396588
50419,325,6921,3,1039399558
50420,325,6709,4,1039398807
50421,325,445,4,1039399325
50422,325,446,4,1039397868
50423,325,6922,4,1039399618
50424,325,2942,3,1039398836
50425,325,6923,3,1039397243
50426,325,2634,3,1039398324
50427,325,3178,4,1039396145
50428,325,2945,4,1039398784
50429,325,4871,3,1039397243
50430,325,6924,1,1039397964
50431,325,6005,2,1039397072
50432,325,6925,4,1039399260
50433,325,6926,4,1039396324
50434,325,2948,3,1039396888
50435,325,5634,2,1039398110
50436,325,748,2,1039395975
50437,325,6927,2,1039397724
50438,325,6928,4,1039399296
50439,325,1829,4,1039396639
50440,325,4470,3,1039398818
50441,325,6929,3,1039396551
50442,325,4159,2,1039396129
50443,325,6022,5,1039399564
50444,325,753,3,1039399105
50445,325,2951,3,1039399069
50446,325,754,5,1039396998
50447,325,2770,4,1039395994
50448,325,1196,4,1039395975
50449,325,6930,3,1039395668
50450,325,232,4,1039395381
50451,325,3645,2,1039397054
50452,325,4161,4,1039396324
50453,325,6931,4,1039399488
50454,325,5590,3,1039398757
50455,325,1198,4,1039395799
50456,325,3184,5,1039398154
50457,325,757,4,1039397313
50458,325,3327,2,1039398836
50459,325,1199,4,1039396688
50460,325,3328,4,1039396830
50461,325,759,4,1039396830
50462,325,5511,3,1039398002
50463,325,6429,4,1039396626
50464,325,3330,3,1039399732
50465,325,2704,2,1039397908
50466,325,5391,4,1039398865
50467,325,4114,3,1039397919
50468,325,4483,4,1039396851
50469,325,6932,4,1039398916
50470,326,3605,3,1322250792
50471,326,4,4,1419880411
50472,326,5,2,1322867550
50473,326,5290,3,1443983581
50474,326,8,5,1322251233
50475,326,532,4,1419880408
50476,326,589,4,1322252436
50477,326,17,4,1322867713
50478,326,233,4,1322252321
50479,326,21,5,1322251219
50480,326,29,4,1322867716
50481,326,35,4,1419880470
50482,326,38,3,1419880402
50483,326,1428,0,1322250513
50484,326,1102,4,1322867698
50485,326,2397,3,1419882731
50486,326,726,4,1463936855
50487,326,3000,3,1324234854
50488,326,1113,4,1324234899
50489,326,4864,3,1322250898
50490,326,1008,5,1322250656
50491,326,3501,3,1322250652
50492,326,3060,4,1322250492
50493,326,122,3,1324235748
50494,326,392,5,1324234902
50495,326,148,4,1322252131
50496,326,149,2,1322250784
50497,326,167,3,1419880534
50498,326,179,4,1437419239
50499,326,185,3,1322867721
50500,326,193,4,1322252427
50501,326,204,4,1437419286
50502,326,2197,3,1322250800
50503,326,2511,4,1322250637
50504,326,216,4,1322250573
50505,326,2122,4,1322250569
50506,326,220,5,1436898450
50507,326,278,4,1436898368
50508,326,1023,4,1322250534
50509,326,445,3,1322867669
50510,326,2102,4,1322251852
50511,326,4495,1,1322250984
50512,326,460,4,1324234862
50513,326,1126,4,1436898118
50514,326,754,4,1419880560
50515,326,755,4,1324921736
50516,326,2220,3,1419882726
50517,326,1199,5,1436898536
50518,326,2226,4,1332786939
50519,326,2227,4,1322250928
50520,326,1201,4,1322251831
50521,326,765,4,1436898129
50522,326,1206,5,1322867613
50523,326,1147,5,1322252030
50524,326,3566,4,1436898807
50525,326,2241,4,1332787044
50526,326,235,5,1436898521
50527,326,2244,4,1322251789
50528,326,775,4,1324235762
50529,326,2720,4,1322250857
50530,326,3342,4,1357502315
50531,326,1130,4,1436898131
50532,326,784,5,1463936893
50533,326,3147,5,1323015903
50534,326,794,4,1332786951
50535,326,4856,4,1336069748
50536,326,4306,4,1322867695
50537,326,6933,3,1322252120
50538,326,2050,3,1419881552
50539,326,891,5,1322252135
50540,326,801,1,1357502291
50541,326,2051,4,1419881629
50542,326,1238,4,1324236081
50543,326,807,2,1436898665
50544,326,2286,4,1442344486
50545,326,2288,4,1324921731
50546,326,2290,4,1322251820
50547,326,1244,4,1322251836
50548,326,2298,4,1322867804
50549,326,897,5,1324921725
50550,326,2054,4,1324236075
50551,326,2303,4,1324921744
50552,326,1253,4,1322251516
50553,326,2311,4,1322251658
50554,326,2128,3,1332270968
50555,326,238,5,1322251825
50556,326,2317,4,1322251810
50557,326,1051,4,1325708337
50558,326,2320,5,1322251786
50559,326,2323,4,1332270979
50560,326,903,5,1436898433
50561,326,1272,5,1322251208
50562,326,1273,1,1332787032
50563,326,2344,4,1322252422
50564,326,2059,4,1436898421
50565,326,1279,4,1436898680
50566,326,3678,4,1419881634
50567,326,4321,5,1322867836
50568,326,1912,1,1332270961
50569,326,6787,3,1322251642
50570,326,2810,4,1322867639
50571,326,1916,4,1419882290
50572,326,2726,4,1324921689
50573,326,1058,3,1419881564
50574,326,2409,4,1419881000
50575,326,1151,3,1436898695
50576,326,1293,5,1436898530
50577,326,241,4,1322252445
50578,326,2991,3,1419881507
50579,326,5268,3,1322251984
50580,326,6934,5,1324235727
50581,326,2525,4,1322867515
50582,326,5630,4,1322252335
50583,326,6054,4,1322251662
50584,326,6935,4,1332786973
50585,326,243,4,1436898519
50586,326,245,4,1322252432
50587,326,247,5,1322867520
50588,326,6936,3,1322252341
50589,326,2816,4,1419881091
50590,326,935,3,1322867708
50591,326,1154,3,1324921513
50592,326,6937,4,1323015914
50593,326,5861,4,1322252028
50594,326,3159,5,1443981943
50595,326,2527,4,1443983575
50596,326,1327,3,1443981968
50597,326,2132,3,1324235547
50598,326,1939,2,1436898442
50599,326,1330,4,1325708273
50600,326,3095,1,1436898666
50601,326,5277,3,1419881035
50602,326,3096,3,1323553009
50603,326,251,2,1324920658
50604,326,945,5,1419880461
50605,326,2531,4,1419880819
50606,326,252,4,1419880681
50607,326,6938,5,1437425299
50608,326,6558,3,1419882264
50609,326,1074,4,1419880989
50610,326,1970,4,1419881601
50611,326,962,3,1419880813
50612,326,254,3,1442344399
50613,326,1362,4,1437419070
50614,326,2540,4,1463936877
50615,326,4796,4,1463936555
50616,326,4803,5,1463936463
50617,326,1085,4,1463936029
50618,326,1373,5,1463936078
50619,326,2858,4,1463936449
50620,326,1376,4,1463936064
50621,326,2746,3,1463936216
50622,327,5,4,1234788095
50623,327,519,5,1234789713
50624,327,464,4,1234788741
50625,327,14,5,1234789710
50626,327,233,4,1234788100
50627,327,21,5,1234788851
50628,327,1097,3,1234788133
50629,327,691,3,1234787273
50630,327,1028,3,1234788107
50631,327,2395,5,1234788185
50632,327,2998,4,1234787254
50633,327,1100,4,1234788157
50634,327,1102,4,1234788126
50635,327,3137,3,1234787465
50636,327,75,4,1234788813
50637,327,1137,4,1234788153
50638,327,360,4,1234790048
50639,327,361,5,1234787893
50640,327,379,5,1234789706
50641,327,124,3,1234787263
50642,327,1781,3,1234788938
50643,327,148,4,1234787643
50644,327,149,3,1234787313
50645,327,1175,3,1234787293
50646,327,160,3,1234788669
50647,327,170,3,1234787242
50648,327,1179,5,1234789393
50649,327,1117,2,1234787202
50650,327,2589,3,1234787288
50651,327,1659,2,1234787302
50652,327,1701,2,1234787232
50653,327,423,5,1234788073
50654,327,1731,4,1234787476
50655,327,5132,5,1234789416
50656,327,221,5,1234789704
50657,327,1188,5,1234789440
50658,327,429,4,1234788408
50659,327,3310,5,1234789377
50660,327,445,4,1234788770
50661,327,3319,5,1234789441
50662,327,1823,5,1234789395
50663,327,1216,5,1234789623
50664,327,1227,5,1234787997
50665,327,4516,5,1234789626
50666,327,238,4,1234788810
50667,327,2326,3,1234787329
50668,327,2057,1,1234787491
50669,327,239,3,1234788767
50670,328,1,5,1494210665
50671,328,489,3,1494212082
50672,328,461,5,1494210549
50673,328,463,2,1494210780
50674,328,4,4,1494211964
50675,328,5,4,1494206971
50676,328,8,1,1494207220
50677,328,1094,2,1494210396
50678,328,464,3,1494211119
50679,328,16,5,1494206980
50680,328,589,3,1494210791
50681,328,17,5,1494211888
50682,328,598,2,1494210813
50683,328,233,5,1494206963
50684,328,21,3,1494207226
50685,328,472,1,1494211013
50686,328,26,2,1494211334
50687,328,27,2,1494211677
50688,328,29,5,1494207073
50689,328,1420,2,1494212065
50690,328,323,3,1494212258
50691,328,479,1,1494211122
50692,328,34,2,1494210757
50693,328,480,4,1494210570
50694,328,324,3,1494210785
50695,328,36,4,1494210927
50696,328,37,5,1494210682
50697,328,674,4,1494211419
50698,328,723,5,1494210377
50699,328,1028,5,1494206973
50700,328,331,0,1494212069
50701,328,333,3,1494210384
50702,328,336,1,1494210380
50703,328,265,4,1494212046
50704,328,45,3,1494210670
50705,328,724,4,1494210622
50706,328,2395,5,1494211083
50707,328,1771,2,1494211147
50708,328,1774,2,1494210989
50709,328,53,3,1494210934
50710,328,863,5,1494210524
50711,328,57,3,1494212057
50712,328,2667,4,1494211385
50713,328,1775,5,1494212245
50714,328,1135,1,1494210894
50715,328,721,4,1494211623
50716,328,61,5,1494211958
50717,328,62,5,1494210450
50718,328,63,5,1494211893
50719,328,66,5,1494207117
50720,328,68,5,1494207080
50721,328,1100,3,1494210553
50722,328,1102,5,1494207087
50723,328,69,5,1494206982
50724,328,70,4,1494207070
50725,328,71,5,1494210760
50726,328,1029,4,1494211035
50727,328,1103,2,1494210392
50728,328,352,5,1494210997
50729,328,72,4,1494207085
50730,328,73,4,1494210389
50731,328,74,4,1494210594
50732,328,75,4,1494210611
50733,328,77,5,1494210797
50734,328,78,5,1494211492
50735,328,1137,5,1494207076
50736,328,79,3,1494210787
50737,328,354,4,1494210538
50738,328,865,3,1494211974
50739,328,1107,2,1494210810
50740,328,84,4,1494210672
50741,328,356,3,1494210522
50742,328,2145,4,1494212034
50743,328,85,3,1494211068
50744,328,86,4,1494210806
50745,328,88,5,1494210603
50746,328,89,5,1494210667
50747,328,360,3,1494211920
50748,328,90,4,1494212060
50749,328,270,0,1494212149
50750,328,1461,4,1494212084
50751,328,1464,3,1494211939
50752,328,1167,4,1494212062
50753,328,1140,3,1494210909
50754,328,1474,0,1494211348
50755,328,2147,5,1494212086
50756,328,362,4,1494212141
50757,328,1475,3,1494210555
50758,328,1168,1,1494211265
50759,328,728,2,1494211668
50760,328,729,3,1494211071
50761,328,109,3,1494211891
50762,328,376,3,1494210756
50763,328,380,3,1494211095
50764,328,1171,2,1494211180
50765,328,382,2,1494211582
50766,328,2905,2,1494211925
50767,328,118,1,1494211398
50768,328,1544,3,1494211253
50769,328,119,3,1494212137
50770,328,836,3,1494210902
50771,328,120,3,1494211441
50772,328,121,2,1494211011
50773,328,122,2,1494210795
50774,328,128,3,1494210562
50775,328,272,3,1494210967
50776,328,1035,3,1494210607
50777,328,1780,3,1494211240
50778,328,129,3,1494211400
50779,328,135,4,1494210456
50780,328,141,3,1494212026
50781,328,142,5,1494211405
50782,328,147,3,1494210519
50783,328,1593,3,1494211351
50784,328,148,3,1494210546
50785,328,1601,3,1494210565
50786,328,4147,4,1494211042
50787,328,155,3,1494210679
50788,328,1177,4,1494211313
50789,328,166,4,1494210906
50790,328,167,2,1494206984
50791,328,173,5,1494210676
50792,328,174,4,1494212006
50793,328,1640,2,1494211428
50794,328,735,3,1494211741
50795,328,182,5,1494210619
50796,328,402,2,1494212128
50797,328,1650,5,1494210627
50798,328,405,5,1494212079
50799,328,1180,2,1494210534
50800,328,190,3,1494211000
50801,328,193,5,1494206967
50802,328,195,2,1494211291
50803,328,198,1,1494211922
50804,328,200,2,1494210990
50805,328,1685,3,1494211954
50806,328,736,4,1494210386
50807,328,416,1,1494210896
50808,328,1185,3,1494211143
50809,328,1718,1,1494211272
50810,328,1722,3,1494211915
50811,328,218,1,1494211528
50812,328,1039,5,1494210941
50813,328,223,4,1494211968
50814,328,1187,3,1494210803
50815,328,229,0,1494211590
50816,328,1797,2,1494211525
50817,328,278,3,1494210452
50818,328,1022,4,1494210542
50819,328,1803,2,1494211172
50820,328,437,5,1494211889
50821,328,744,2,1494211126
50822,328,745,4,1494211004
50823,328,1125,1,1494210426
50824,328,458,4,1494212134
50825,328,753,3,1494211356
50826,328,1126,4,1494211933
50827,328,755,0,1494211137
50828,328,232,4,1494211261
50829,328,756,2,1494211287
50830,328,1842,4,1494211164
50831,328,757,4,1494211426
50832,328,1199,4,1494211365
50833,328,3328,3,1494211154
50834,328,764,4,1494211002
50835,328,765,4,1494212029
50836,328,766,3,1494211157
50837,328,768,0,1494211081
50838,328,1210,3,1494211066
50839,328,771,3,1494212242
50840,328,1215,5,1494211897
50841,328,3195,5,1494211382
50842,328,775,4,1494210936
50843,328,883,2,1494211573
50844,328,1048,5,1494211182
50845,328,885,3,1494212007
50846,328,779,3,1494211087
50847,328,780,4,1494210783
50848,328,2048,3,1494212262
50849,328,782,3,1494211637
50850,328,783,3,1494211093
50851,328,784,3,1494211326
50852,328,795,5,1494212108
50853,328,1239,3,1494212182
50854,328,809,1,1494211250
50855,328,810,1,1494211268
50856,328,1892,2,1494211517
50857,328,2127,4,1494211597
50858,328,1246,2,1494211150
50859,328,1251,2,1494211279
50860,328,818,2,1494211621
50861,328,1255,3,1494211735
50862,328,1256,2,1494212125
50863,328,238,3,1494211017
50864,328,824,4,1494211102
50865,328,2320,2,1494211619
50866,328,2326,5,1494207235
50867,328,2056,2,1494211912
50868,328,1907,2,1494211639
50869,328,1270,2,1494211580
50870,328,903,4,1494207020
50871,328,2058,3,1494207233
50872,328,2059,4,1494211962
50873,328,239,2,1494206977
50874,328,1055,3,1494207008
50875,328,1912,3,1494211423
50876,328,1283,2,1494211339
50877,328,1056,3,1494207002
50878,328,240,2,1494211494
50879,328,1916,3,1494207171
50880,328,1057,2,1494210601
50881,328,241,4,1494207017
50882,328,1152,4,1494207178
50883,328,916,4,1494207010
50884,328,1297,1,1494207180
50885,328,918,4,1494212121
50886,328,1061,3,1494207173
50887,328,1922,1,1494211498
50888,328,927,3,1494207014
50889,328,928,3,1494207191
50890,328,1134,5,1494207189
50891,328,932,2,1494211743
50892,328,245,1,1494207000
50893,328,1153,1,1494211681
50894,328,1934,4,1494210930
50895,328,935,3,1494207185
50896,328,936,2,1494211368
50897,328,1155,1,1494211021
50898,328,3847,1,1494211294
50899,328,1939,4,1494212049
50900,328,250,1,1494211628
50901,328,1943,2,1494211319
50902,328,251,1,1494211282
50903,328,1069,2,1494211332
50904,328,951,3,1494211434
50905,328,2532,0,1494211737
50906,328,1343,3,1494211674
50907,328,252,3,1494211411
50908,328,1348,0,1494211403
50909,328,1970,3,1494211523
50910,328,1354,2,1494211297
50911,328,962,3,1494210914
50912,328,1076,4,1494211533
50913,328,1991,3,1494211634
50914,328,1994,3,1494211671
50915,328,1078,1,1494211099
50916,328,1081,2,1494211056
50917,328,2542,3,1494212023
50918,328,1085,3,1494211615
50919,328,1086,3,1494210904
50920,328,1372,3,1494211342
50921,328,1379,4,1494212145
50922,328,1089,2,1494207217
50923,328,6939,0,1494211391
50924,328,2749,4,1494207209
50925,329,5,2,1523468332
50926,329,233,2,1523468325
50927,329,35,2,1523468340
50928,329,723,3,1523468346
50929,329,1160,4,1523468384
50930,329,1028,2,1523468326
50931,329,62,0,1523468394
50932,329,68,0,1523468382
50933,329,1102,4,1523468322
50934,329,1103,2,1523468413
50935,329,72,0,1523468393
50936,329,77,2,1523468410
50937,329,2080,5,1523468283
50938,329,1107,2,1523468350
50939,329,84,5,1523468226
50940,329,3283,5,1523468200
50941,329,109,0,1523468380
50942,329,2091,5,1523468264
50943,329,4175,4,1523468239
50944,329,1191,0,1523468403
50945,329,5867,5,1523468218
50946,329,6940,4,1523468254
50947,329,6941,5,1523468303
50948,330,1,4,1285904910
50949,330,482,1,1285905277
50950,330,2,3,1285905545
50951,330,491,3,1285905440
50952,330,496,4,1285905238
50953,330,2069,3,1285903982
50954,330,293,5,1285904958
50955,330,461,3,1285905096
50956,330,4,3,1285904519
50957,330,5,5,1285904637
50958,330,296,5,1285904454
50959,330,505,3,1285905259
50960,330,519,0,1285905407
50961,330,8,3,1285904111
50962,330,1094,3,1285904588
50963,330,525,4,1285905207
50964,330,464,3,1285904887
50965,330,465,3,1285905011
50966,330,1405,1,1285905535
50967,330,550,4,1285905155
50968,330,13,4,1285905257
50969,330,14,4,1285905050
50970,330,15,1,1285905483
50971,330,466,4,1285905179
50972,330,16,4,1285904564
50973,330,585,5,1285905235
50974,330,588,3,1285905171
50975,330,17,4,1285904473
50976,330,470,4,1285905284
50977,330,18,4,1285905025
50978,330,598,0,1285905480
50979,330,233,4,1285904529
50980,330,599,2,1285903267
50981,330,471,0,1285904970
50982,330,609,4,1285905474
50983,330,611,4,1285905487
50984,330,21,5,1285904215
50985,330,472,3,1285904992
50986,330,23,1,1285905056
50987,330,619,4,1285905584
50988,330,622,0,1285904976
50989,330,473,3,1285904951
50990,330,474,2,1285905363
50991,330,635,0,1285905603
50992,330,639,3,1285905189
50993,330,26,2,1285904218
50994,330,643,3,1285905610
50995,330,27,2,1285904878
50996,330,2169,3,1285903344
50997,330,654,4,1285905555
50998,330,28,3,1285905041
50999,330,320,3,1285905423
51000,330,660,3,1285905580
51001,330,322,2,1285905146
51002,330,1095,2,1285904101
51003,330,1420,5,1285905376
51004,330,32,5,1285905525
51005,330,1158,5,1285905593
51006,330,2440,4,1285903310
51007,330,828,3,1285905186
51008,330,671,3,1285905132
51009,330,323,3,1285904964
51010,330,479,3,1285904902
51011,330,33,4,1285904939
51012,330,34,4,1285904895
51013,330,35,5,1285903848
51014,330,480,3,1285905419
51015,330,324,2,1285905018
51016,330,481,4,1285905063
51017,330,37,4,1285904204
51018,330,38,2,1285905003
51019,330,42,2,1285905032
51020,330,1428,3,1285903287
51021,330,723,4,1285904188
51022,330,1160,4,1285905286
51023,330,43,2,1285904918
51024,330,1026,2,1285905529
51025,330,1431,0,1285905333
51026,330,697,2,1285905697
51027,330,264,2,1285903230
51028,330,1028,4,1285904229
51029,330,333,3,1285904486
51030,330,45,4,1285905261
51031,330,724,1,1285905245
51032,330,863,4,1285905662
51033,330,1775,4,1285905645
51034,330,61,5,1285905135
51035,330,62,4,1285904383
51036,330,63,2,1285904497
51037,330,66,4,1285905090
51038,330,68,4,1285904378
51039,330,1102,4,1285904427
51040,330,69,5,1285904568
51041,330,70,4,1285904466
51042,330,71,3,1285904477
51043,330,351,3,1285904114
51044,330,1029,4,1285904027
51045,330,72,4,1285903996
51046,330,1104,4,1285904603
51047,330,73,2,1285904064
51048,330,74,5,1285904933
51049,330,75,3,1285904239
51050,330,76,4,1285904024
51051,330,77,3,1285903841
51052,330,79,5,1285904221
51053,330,354,4,1285904031
51054,330,82,2,1285905102
51055,330,726,4,1285905378
51056,330,84,4,1285903845
51057,330,356,5,1285904557
51058,330,268,3,1285904166
51059,330,85,4,1285905129
51060,330,357,4,1285904632
51061,330,86,4,1285904985
51062,330,88,4,1285905573
51063,330,360,4,1285904004
51064,330,90,3,1285905152
51065,330,1113,4,1285904301
51066,330,2751,3,1285905654
51067,330,977,5,1285904543
51068,330,1474,3,1285905491
51069,330,2147,4,1285905302
51070,330,362,5,1285905736
51071,330,1475,4,1285905549
51072,330,363,3,1285903328
51073,330,1485,1,1285905438
51074,330,98,2,1285905590
51075,330,99,4,1285905264
51076,330,1031,4,1285905204
51077,330,101,0,1285905431
51078,330,102,4,1285905069
51079,330,727,2,1285905318
51080,330,728,3,1285905311
51081,330,1009,4,1285905596
51082,330,2461,4,1285905689
51083,330,108,4,1285905551
51084,330,729,3,1285905289
51085,330,988,3,1285905078
51086,330,109,5,1285905433
51087,330,110,3,1285905660
51088,330,730,5,1285905292
51089,330,731,3,1285905275
51090,330,379,5,1285905229
51091,330,116,3,1285905640
51092,330,1171,4,1285905211
51093,330,3138,3,1285903319
51094,330,382,5,1285905304
51095,330,836,3,1285905383
51096,330,120,3,1285905330
51097,330,122,3,1285904512
51098,330,126,3,1285905455
51099,330,1035,3,1285905630
51100,330,1571,3,1285903250
51101,330,142,4,1285905326
51102,330,147,4,1285905355
51103,330,392,5,1285904320
51104,330,148,4,1285904038
51105,330,154,1,1285905682
51106,330,163,5,1285904404
51107,330,167,3,1285904357
51108,330,172,3,1285905138
51109,330,174,3,1285903216
51110,330,178,5,1285905693
51111,330,400,3,1285905222
51112,330,1641,3,1285905586
51113,330,180,4,1285905449
51114,330,1179,2,1285905252
51115,330,1643,4,1285905349
51116,330,401,5,1285905568
51117,330,181,4,1285905183
51118,330,3068,4,1285903338
51119,330,402,4,1285904541
51120,330,1650,4,1285904380
51121,330,405,4,1285905427
51122,330,183,4,1285905366
51123,330,185,4,1285904035
51124,330,2592,4,1285903219
51125,330,188,4,1285905337
51126,330,1180,4,1285905299
51127,330,193,4,1285904207
51128,330,194,2,1285905675
51129,330,195,4,1285905280
51130,330,198,4,1285905199
51131,330,201,5,1285905519
51132,330,204,4,1285904255
51133,330,206,3,1285905667
51134,330,277,3,1285903243
51135,330,1185,2,1285904106
51136,330,422,3,1285905512
51137,330,1722,4,1285905687
51138,330,423,3,1285905542
51139,330,1041,3,1288837253
51140,330,220,4,1285905144
51141,330,1747,2,1285903302
51142,330,225,3,1285903225
51143,330,229,4,1285905219
51144,330,1765,2,1285903276
51145,330,1797,4,1285905563
51146,330,278,4,1285904494
51147,330,741,2,1285905497
51148,330,432,4,1285905232
51149,330,1022,4,1285904548
51150,330,1043,5,1285905457
51151,330,440,4,1285905471
51152,330,445,5,1285904361
51153,330,1191,3,1285904514
51154,330,745,4,1285905149
51155,330,1125,4,1285904183
51156,330,752,5,1285905314
51157,330,458,4,1285905617
51158,330,459,4,1288837313
51159,330,753,3,1285905340
51160,330,754,3,1285904328
51161,330,1834,4,1285903323
51162,330,4108,4,1288837247
51163,330,757,3,1285905323
51164,330,758,4,1285905558
51165,330,1199,2,1285905501
51166,330,759,3,1285905295
51167,330,765,4,1285904333
51168,330,766,4,1285905623
51169,330,1206,3,1285904449
51170,330,3141,4,1285904376
51171,330,768,4,1285905651
51172,330,769,3,1285905601
51173,330,876,4,1285905371
51174,330,3067,4,1285904622
51175,330,235,5,1285905443
51176,330,775,4,1285904330
51177,330,1130,3,1285905464
51178,330,3144,5,1288837306
51179,330,1048,5,1285905565
51180,330,2266,5,1288837236
51181,330,795,4,1285905516
51182,330,6942,4,1285904059
51183,330,810,3,1285905634
51184,330,238,4,1285904171
51185,330,2317,5,1285904838
51186,330,239,5,1285904154
51187,330,1056,5,1285904642
51188,330,2523,5,1285903837
51189,330,1058,4,1285904245
51190,330,241,5,1285904287
51191,330,1061,4,1285904848
51192,330,242,5,1288837240
51193,330,245,5,1285904281
51194,330,1318,5,1285903928
51195,331,487,3,1537157573
51196,331,461,2,1537157568
51197,331,5,5,1537157516
51198,331,589,4,1537157564
51199,331,17,5,1537157527
51200,331,233,5,1537157510
51201,331,35,5,1537157523
51202,331,37,5,1537235353
51203,331,1028,5,1537157513
51204,331,68,4,1537235348
51205,331,75,5,1537235351
51206,331,362,3,1537235369
51207,331,108,4,1537235373
51208,331,401,4,1537235376
51209,331,193,4,1537157521
51210,331,1041,5,1537157975
51211,331,220,4,1537157651
51212,331,738,2,1537157793
51213,331,1015,2,1537157988
51214,331,1187,4,1537157795
51215,331,1757,3,1537158046
51216,331,229,2,1537157688
51217,331,1019,3,1537158103
51218,331,429,4,1537157751
51219,331,430,5,1537158005
51220,331,1797,3,1537157761
51221,331,2715,5,1537158394
51222,331,741,1,1537157801
51223,331,1803,3,1537158237
51224,331,743,2,1537157994
51225,331,440,3,1537157817
51226,331,744,4,1537158152
51227,331,446,4,1537158162
51228,331,745,3,1537157656
51229,331,1816,1,1537158101
51230,331,1819,2,1537158284
51231,331,868,1,1537157952
51232,331,1822,2,1537158146
51233,331,1195,3,1537158054
51234,331,752,3,1537157681
51235,331,753,4,1537157705
51236,331,1126,4,1537157678
51237,331,754,4,1537157644
51238,331,755,4,1537157695
51239,331,757,2,1537157712
51240,331,1199,4,1537157723
51241,331,3328,3,1537158418
51242,331,762,4,1537157933
51243,331,1202,2,1537157902
51244,331,765,4,1537157649
51245,331,857,4,1537158078
51246,331,1147,5,1537157775
51247,331,1854,1,1537158428
51248,331,2233,3,1537158328
51249,331,1209,2,1537157873
51250,331,876,4,1537157684
51251,331,770,0,1537158378
51252,331,2235,2,1537158014
51253,331,771,3,1537157677
51254,331,3070,2,1537158460
51255,331,2047,5,1537157768
51256,331,3259,3,1537158446
51257,331,772,3,1537157919
51258,331,235,4,1537157690
51259,331,3195,4,1537158301
51260,331,774,4,1537157858
51261,331,775,4,1537157647
51262,331,1047,3,1537157862
51263,331,1130,4,1537157692
51264,331,1222,2,1537158183
51265,331,1048,3,1537157743
51266,331,777,2,1537158298
51267,331,886,3,1537158076
51268,331,779,1,1537157772
51269,331,1226,2,1537158062
51270,331,887,3,1537158112
51271,331,888,4,1537158222
51272,331,783,3,1537157759
51273,331,784,3,1537157790
51274,331,786,2,1537158415
51275,331,1228,4,1537158023
51276,331,2266,5,1537157814
51277,331,793,4,1537158195
51278,331,795,4,1537157717
51279,331,2050,3,1537157895
51280,331,891,4,1537158018
51281,331,1237,1,1537157979
51282,331,1891,2,1537158402
51283,331,2126,3,1537158257
51284,331,1239,4,1537158116
51285,331,1240,2,1537158449
51286,331,895,3,1537157954
51287,331,810,4,1537157714
51288,331,812,4,1537158068
51289,331,1892,3,1537158043
51290,331,813,2,1537158344
51291,331,2127,3,1537157891
51292,331,1244,3,1537158122
51293,331,1246,3,1537158322
51294,331,2053,2,1537158260
51295,331,897,4,1537158186
51296,331,818,2,1537158265
51297,331,1256,5,1537157811
51298,331,1133,5,1537157803
51299,331,1051,5,1537157886
51300,331,824,4,1537157787
51301,331,2320,3,1537157984
51302,331,1053,4,1537157820
51303,331,2326,4,1537157936
51304,331,1905,4,1537158239
51305,331,1907,2,1537158320
51306,331,1268,3,1537158440
51307,331,2519,3,1537157944
51308,331,3154,3,1537158451
51309,331,1270,3,1537158199
51310,331,903,4,1537157765
51311,331,2058,5,1537157968
51312,331,2338,5,1537158433
51313,331,1275,4,1537158317
51314,331,2059,5,1537235354
51315,331,1054,4,1537157938
51316,331,1276,3,1537158462
51317,331,2061,5,1537158113
51318,331,1279,5,1537235356
51319,331,239,5,1537157658
51320,331,1912,3,1537158039
51321,331,2131,4,1537158430
51322,331,2064,5,1537158300
51323,331,912,3,1537158426
51324,331,1290,3,1537158088
51325,331,1152,4,1537157855
51326,331,1060,4,1537158010
51327,331,928,3,1537157908
51328,331,1308,3,1537158444
51329,331,1134,4,1537157914
51330,331,245,4,1537157662
51331,331,1064,3,1537158127
51332,331,1939,4,1537157958
51333,331,1330,5,1537158250
51334,331,1331,3,1537158256
51335,331,250,4,1537157827
51336,331,251,5,1537158263
51337,331,1069,5,1537158375
51338,331,3491,4,1537158339
51339,331,951,4,1537158105
51340,331,1070,3,1537158150
51341,331,2532,5,1537158216
51342,331,252,5,1537157805
51343,331,1346,3,1537158281
51344,331,959,4,1537158296
51345,331,960,3,1537158456
51346,331,253,3,1537157929
51347,331,1976,4,1537158157
51348,331,962,5,1537158021
51349,331,255,5,1537158085
51350,331,1077,5,1537157990
51351,331,1078,3,1537157881
51352,331,257,5,1537158030
51353,331,1362,4,1537157867
51354,331,967,3,1537158214
51355,331,258,5,1537157973
51356,331,1082,5,1537157961
51357,331,1085,4,1537157864
51358,331,1391,2,1537158234
51359,331,4027,4,1537157585
51360,331,5682,4,1537157590
51361,331,2139,4,1537235394
51362,331,6943,4,1537157606
51363,332,1,4,1352672340
51364,332,491,3,1352673555
51365,332,293,2,1352671273
51366,332,4,4,1352672211
51367,332,5,4,1352671786
51368,332,8,3,1352673472
51369,332,1094,4,1352671838
51370,332,464,3,1352673605
51371,332,550,2,1352673137
51372,332,585,3,1352672548
51373,332,589,3,1352673496
51374,332,17,4,1352671943
51375,332,18,3,1352673407
51376,332,233,4,1352671754
51377,332,21,4,1352671848
51378,332,23,4,1352671591
51379,332,622,3,1352671632
51380,332,1156,3,1352673643
51381,332,27,3,1352673901
51382,332,29,4,1352673580
51383,332,1095,5,1352672393
51384,332,479,3,1352672321
51385,332,33,4,1352673463
51386,332,35,4,1352672206
51387,332,37,4,1352671960
51388,332,1422,2,1352670967
51389,332,723,4,1352672860
51390,332,43,2,1352671505
51391,332,264,2,1352670933
51392,332,333,4,1352673895
51393,332,335,4,1352674442
51394,332,336,4,1352672004
51395,332,831,4,1352671024
51396,332,343,4,1352672768
51397,332,63,4,1352672930
51398,332,266,4,1352670948
51399,332,66,3,1352672174
51400,332,69,4,1352672144
51401,332,351,3,1352672069
51402,332,1029,4,1352673434
51403,332,352,4,1352671268
51404,332,2396,4,1352673468
51405,332,72,4,1352672053
51406,332,73,4,1352671696
51407,332,74,3,1352672627
51408,332,75,4,1352672716
51409,332,76,4,1352672064
51410,332,80,3,1352674367
51411,332,354,4,1352672815
51412,332,1139,4,1352674038
51413,332,2080,4,1352674423
51414,332,82,4,1352671501
51415,332,2083,2,1352673550
51416,332,84,3,1352672083
51417,332,85,5,1352672344
51418,332,86,4,1352672326
51419,332,2449,3,1352674395
51420,332,89,4,1352671692
51421,332,90,4,1352672618
51422,332,3708,3,1352674347
51423,332,2902,4,1352674282
51424,332,2178,4,1352674460
51425,332,4894,3,1352674315
51426,332,1472,2,1352670992
51427,332,1474,3,1352674033
51428,332,362,2,1352672850
51429,332,2420,4,1352671598
51430,332,1031,2,1352673411
51431,332,101,4,1352671652
51432,332,727,4,1352673429
51433,332,1007,2,1352672983
51434,332,104,4,1352671790
51435,332,106,3,1352671796
51436,332,3286,3,1352671046
51437,332,1501,3,1352672578
51438,332,1032,2,1352671530
51439,332,108,2,1352672845
51440,332,1114,3,1352672922
51441,332,729,4,1352672163
51442,332,1169,4,1352672996
51443,332,109,4,1352672428
51444,332,1516,3,1352671535
51445,332,2567,2,1352673024
51446,332,379,4,1352673028
51447,332,5196,4,1352674447
51448,332,2092,4,1352670980
51449,332,1171,4,1352672217
51450,332,836,3,1352672315
51451,332,383,4,1352672059
51452,332,3060,4,1352674405
51453,332,2183,1,1352672264
51454,332,122,4,1352672746
51455,332,1036,3,1352672507
51456,332,5056,4,1352674304
51457,332,142,3,1352673541
51458,332,147,3,1352673221
51459,332,1593,3,1352672645
51460,332,148,3,1352672538
51461,332,3290,3,1352673759
51462,332,151,3,1352672632
51463,332,154,3,1352672432
51464,332,1609,4,1352674449
51465,332,1177,4,1352674531
51466,332,166,4,1352671954
51467,332,167,5,1352671490
51468,332,171,4,1352672806
51469,332,178,4,1352672819
51470,332,735,2,1352670943
51471,332,2760,4,1352674272
51472,332,3068,4,1352671035
51473,332,1648,3,1352670921
51474,332,402,4,1352671767
51475,332,184,2,1352671284
51476,332,185,4,1352671950
51477,332,186,3,1352671008
51478,332,2593,4,1352672727
51479,332,3174,4,1352674277
51480,332,3032,4,1352674411
51481,332,6017,4,1352673886
51482,332,189,3,1352670988
51483,332,193,4,1352671701
51484,332,198,3,1352671923
51485,332,2098,4,1352674432
51486,332,199,3,1352673610
51487,332,2157,4,1352674458
51488,332,5514,4,1352674265
51489,332,1120,3,1352670963
51490,332,415,4,1352672696
51491,332,205,3,1352672471
51492,332,3234,4,1352674325
51493,332,208,3,1352674542
51494,332,1184,2,1352672008
51495,332,1701,3,1352671000
51496,332,422,3,1352672894
51497,332,6944,4,1352671156
51498,332,215,3,1352673071
51499,332,5613,4,1352674182
51500,332,1722,4,1352673415
51501,332,219,4,1352671457
51502,332,220,3,1352673019
51503,332,223,3,1352672855
51504,332,224,3,1352673133
51505,332,225,4,1352673127
51506,332,1795,3,1352673906
51507,332,229,3,1352673843
51508,332,3049,3,1352674311
51509,332,742,3,1352673822
51510,332,432,4,1352672711
51511,332,1022,4,1352671778
51512,332,1043,3,1352672636
51513,332,440,3,1352672466
51514,332,445,5,1352672235
51515,332,1191,3,1352672461
51516,332,1812,3,1352672612
51517,332,745,4,1352671566
51518,332,451,5,1352672701
51519,332,868,3,1352671585
51520,332,3615,2,1352673933
51521,332,753,3,1352673749
51522,332,1126,4,1352672017
51523,332,1832,3,1352674022
51524,332,754,4,1352672138
51525,332,755,4,1352671998
51526,332,2220,3,1352673501
51527,332,3182,3,1352674119
51528,332,756,4,1352674331
51529,332,6945,2,1352673650
51530,332,3184,5,1352672926
51531,332,758,2,1352671843
51532,332,759,3,1352672336
51533,332,848,3,1352671576
51534,332,762,2,1352673403
51535,332,1204,3,1352673114
51536,332,765,4,1352672152
51537,332,1207,3,1352671887
51538,332,3565,3,1352672403
51539,332,768,3,1352673838
51540,332,769,3,1352672377
51541,332,771,4,1352671647
51542,332,2047,4,1352672088
51543,332,1214,3,1352673507
51544,332,235,4,1352672692
51545,332,2243,4,1352671020
51546,332,2778,4,1352674293
51547,332,2251,4,1352672078
51548,332,774,3,1352674135
51549,332,1218,4,1352672277
51550,332,775,4,1352672169
51551,332,1130,3,1352671713
51552,332,3573,3,1352671928
51553,332,1048,3,1352672559
51554,332,886,3,1352673764
51555,332,1149,3,1352674125
51556,332,3273,4,1352674260
51557,332,6946,4,1352674254
51558,332,2266,4,1352671875
51559,332,792,4,1352671879
51560,332,795,3,1352671656
51561,332,2272,2,1352674098
51562,332,799,3,1352673769
51563,332,5160,4,1352674373
51564,332,2793,2,1352673545
51565,332,6947,3,1352671253
51566,332,2484,3,1352672554
51567,332,1237,3,1352672158
51568,332,3150,3,1352672963
51569,332,801,3,1352673088
51570,332,803,4,1352674110
51571,332,807,3,1352672073
51572,332,1239,2,1352671581
51573,332,2286,4,1352673657
51574,332,895,2,1352673752
51575,332,810,4,1352672975
51576,332,812,2,1352673419
51577,332,1244,3,1352671933
51578,332,1245,2,1352673165
51579,332,2053,3,1352672013
51580,332,1251,3,1352672280
51581,332,1255,3,1352673212
51582,332,3388,3,1352674093
51583,332,1256,4,1352671938
51584,332,1133,4,1352672147
51585,332,1052,3,1352671761
51586,332,1262,3,1352672706
51587,332,1264,4,1352673205
51588,332,903,3,1352671774
51589,332,2059,4,1352672968
51590,332,1054,3,1352673119
51591,332,2061,4,1352673717
51592,332,239,4,1352672230
51593,332,1055,3,1352673817
51594,332,1283,4,1352674088
51595,332,1284,2,1352673851
51596,332,1285,3,1352673847
51597,332,1286,4,1352672407
51598,332,5814,4,1352672270
51599,332,2990,3,1352674106
51600,332,241,3,1352672776
51601,332,1296,2,1352673805
51602,332,1297,4,1352671570
51603,332,927,4,1352672811
51604,332,928,4,1352674115
51605,332,1312,3,1352672865
51606,332,1313,4,1352671514
51607,332,1134,4,1352673722
51608,332,932,4,1352672501
51609,332,245,4,1352671661
51610,332,4775,3,1352674130
51611,332,1318,2,1352672684
51612,332,6948,3,1352673398
51613,332,4740,3,1352673080
51614,332,6064,3,1352673831
51615,332,6065,2,1352673425
51616,332,1066,4,1352672331
51617,332,6066,3,1352671708
51618,332,1325,3,1352673175
51619,332,5670,2,1352672476
51620,332,1328,3,1352673856
51621,332,1067,2,1352673707
51622,332,1068,3,1352672899
51623,332,251,1,1352672958
51624,332,3632,3,1352674494
51625,332,6949,2,1352671665
51626,332,6950,3,1352672398
51627,332,6086,2,1352672641
51628,332,1070,3,1352673699
51629,332,6951,4,1352671138
51630,333,604,3,965671389
51631,333,724,2,965671389
51632,333,1102,5,965671389
51633,333,269,3,965671472
51634,333,4680,2,965671389
51635,333,5203,1,965671775
51636,333,6952,5,965671669
51637,333,220,4,965671624
51638,333,6953,3,965671669
51639,333,1794,2,965671669
51640,333,5132,4,965671749
51641,333,221,1,965671715
51642,333,5047,3,965671576
51643,333,738,2,965671715
51644,333,1014,4,965671576
51645,333,2607,2,965671624
51646,333,1015,3,965671669
51647,333,4226,4,965671749
51648,333,1757,1,965671715
51649,333,1016,3,965671472
51650,333,1795,3,965671624
51651,333,1761,1,965671715
51652,333,1188,3,965671576
51653,333,1762,1,965671775
51654,333,1765,1,965671576
51655,334,1,3,1225477466
51656,334,487,3,1234629982
51657,334,4,2,1234629901
51658,334,519,3,1237060406
51659,334,14,3,1225477886
51660,334,16,4,1225478632
51661,334,589,3,1225478596
51662,334,17,4,1225478742
51663,334,18,3,1234629922
51664,334,233,3,1225480725
51665,334,605,3,1234630030
51666,334,471,2,1225480795
51667,334,21,4,1225478059
51668,334,472,4,1225480804
51669,334,622,3,1225480768
51670,334,27,3,1225481568
51671,334,322,3,1225480923
51672,334,32,3,1232308545
51673,334,828,3,1234630020
51674,334,479,4,1234629873
51675,334,324,3,1225480814
51676,334,481,3,1234629934
51677,334,263,4,1225477269
51678,334,41,3,1225480881
51679,334,723,3,1225478146
51680,334,334,3,1225477649
51681,334,725,3,1225478329
51682,334,68,4,1225478123
51683,334,69,4,1225477656
51684,334,71,3,1225477633
51685,334,74,3,1225480739
51686,334,76,3,1234630002
51687,334,82,3,1234629955
51688,334,2083,3,1225477235
51689,334,355,3,1225477731
51690,334,84,3,1237060454
51691,334,85,4,1225477782
51692,334,86,3,1225480778
51693,334,90,3,1225477724
51694,334,1475,3,1225478260
51695,334,1031,4,1229960402
51696,334,1493,3,1225476782
51697,334,102,3,1225480904
51698,334,728,4,1234630256
51699,334,106,3,1225476620
51700,334,5563,4,1292093632
51701,334,379,4,1225477796
51702,334,3501,3,1232308790
51703,334,1171,3,1234630051
51704,334,135,2,1232308353
51705,334,167,4,1225478025
51706,334,172,3,1232308387
51707,334,1179,3,1234630122
51708,334,1648,3,1225476715
51709,334,402,4,1225480844
51710,334,406,4,1225477982
51711,334,193,3,1225478139
51712,334,1669,3,1225477260
51713,334,198,4,1234629474
51714,334,1118,3,1225477580
51715,334,2041,2,1225477250
51716,334,1041,2,1225477291
51717,334,220,4,1267813495
51718,334,229,3,1234630092
51719,334,3722,1,1354983704
51720,334,432,3,1234630105
51721,334,437,4,1229960271
51722,334,744,2,1225477313
51723,334,4932,3,1260653428
51724,334,445,3,1229960397
51725,334,2102,3,1225478937
51726,334,745,4,1225479071
51727,334,1044,3,1237060570
51728,334,455,3,1225479186
51729,334,1125,3,1292093828
51730,334,752,3,1225478135
51731,334,458,3,1225476637
51732,334,753,3,1229960358
51733,334,1126,4,1225478717
51734,334,754,3,1225479027
51735,334,758,3,1232308397
51736,334,1199,3,1234629601
51737,334,760,3,1232308282
51738,334,763,3,1225477587
51739,334,856,3,1225480486
51740,334,765,3,1225479031
51741,334,1045,3,1225478554
51742,334,1147,4,1225478541
51743,334,2478,2,1225476898
51744,334,1128,3,1225477583
51745,334,876,4,1225477517
51746,334,2047,4,1225476658
51747,334,2241,3,1260653384
51748,334,1218,4,1225480961
51749,334,775,3,1225479029
51750,334,883,4,1225477809
51751,334,1130,4,1225478956
51752,334,885,3,1229959397
51753,334,779,3,1225479089
51754,334,2266,3,1225478193
51755,334,792,3,1225479374
51756,334,793,0,1232308475
51757,334,795,3,1225477620
51758,334,4857,4,1267812862
51759,334,5012,3,1229960279
51760,334,1132,3,1225477716
51761,334,891,2,1225481243
51762,334,3150,2,1354983624
51763,334,6954,3,1260653585
51764,334,1150,3,1234629781
51765,334,809,3,1232308392
51766,334,1242,4,1225479050
51767,334,1246,4,1229959497
51768,334,1248,4,1225477440
51769,334,897,3,1237061007
51770,334,5934,3,1260653345
51771,334,2307,3,1225480458
51772,334,818,3,1229959548
51773,334,1256,3,1232304746
51774,334,6955,3,1266680591
51775,334,1133,4,1225476769
51776,334,1052,3,1229960346
51777,334,824,2,1267813559
51778,334,3514,3,1260653326
51779,334,1053,4,1225477505
51780,334,2328,3,1229959289
51781,334,2332,3,1225481309
51782,334,1905,3,1266680408
51783,334,3154,3,1225479047
51784,334,3414,3,1260653291
51785,334,1272,3,1225476990
51786,334,3420,3,1260653468
51787,334,1275,3,1245944679
51788,334,2059,3,1292093805
51789,334,1054,3,1229959334
51790,334,5968,3,1267814078
51791,334,239,3,1225478052
51792,334,6956,3,1260653701
51793,334,1055,3,1225477611
51794,334,1282,3,1232308348
51795,334,1283,3,1229960282
51796,334,1056,3,1225477572
51797,334,3082,3,1260653628
51798,334,909,2,1232304761
51799,334,2130,3,1232304329
51800,334,6517,3,1234627139
51801,334,6518,3,1260653520
51802,334,1916,3,1237059205
51803,334,1290,3,1260653548
51804,334,1297,4,1267044000
51805,334,3520,4,1266697817
51806,334,927,3,1266680651
51807,334,243,2,1292093763
51808,334,1926,4,1290273727
51809,335,5,5,1261542414
51810,335,8,4,1261542354
51811,335,11,4,1261541255
51812,335,17,5,1261542334
51813,335,233,5,1261542349
51814,335,19,4,1261541351
51815,335,21,4,1261542338
51816,335,473,4,1261542421
51817,335,635,0,1261541263
51818,335,643,3,1261541271
51819,335,479,5,1261542367
51820,335,34,5,1261542361
51821,335,35,3,1261542343
51822,335,690,1,1261541336
51823,335,43,4,1261542369
51824,335,697,3,1261541293
51825,335,2444,3,1261541314
51826,335,69,5,1261542410
51827,335,1009,4,1261541259
51828,335,2461,3,1261541289
51829,335,1034,3,1261541284
51830,335,1594,3,1261541252
51831,335,274,3,1261541331
51832,335,167,5,1261542406
51833,335,1641,2,1261541267
51834,335,404,1,1261541341
51835,335,223,4,1261541376
51836,335,430,4,1261541364
51837,336,1,4,1122227329
51838,336,3,4,1122227549
51839,336,4,4,1122227343
51840,336,5,5,1120568496
51841,336,6,4,1120568169
51842,336,8,4,1122227307
51843,336,464,4,1122227547
51844,336,11,5,1120567987
51845,336,533,4,1120568038
51846,336,541,4,1120568049
51847,336,589,5,1122227437
51848,336,17,5,1122227568
51849,336,233,5,1120568521
51850,336,21,4,1122227399
51851,336,320,5,1126182658
51852,336,29,4,1120568509
51853,336,31,3,1120568085
51854,336,479,5,1122227440
51855,336,35,5,1122227331
51856,336,675,4,1122227333
51857,336,1028,4,1120568513
51858,336,726,4,1139046758
51859,336,1110,3,1121639122
51860,336,1474,2,1120567995
51861,336,106,3,1120568104
51862,336,234,4,1122227323
51863,336,1514,4,1120568202
51864,336,730,5,1122227597
51865,336,1034,3,1120568116
51866,336,122,4,1122227314
51867,336,145,4,1122227316
51868,336,392,5,1122227453
51869,336,148,4,1122227326
51870,336,150,3,1120568096
51871,336,3548,5,1122227242
51872,336,163,5,1122227584
51873,336,167,5,1122227310
51874,336,1641,3,1120568026
51875,336,402,4,1122227252
51876,336,185,5,1122227606
51877,336,193,4,1122227531
51878,336,736,4,1122227347
51879,336,204,4,1122227255
51880,336,1121,5,1126221530
51881,336,738,4,1120568128
51882,336,1797,5,1120568193
51883,336,752,5,1120568141
51884,336,1126,5,1120568518
51885,336,759,5,1120568123
51886,336,775,4,1120568492
51887,336,807,4,1139046729
51888,336,2288,4,1139046157
51889,336,1892,4,1139046805
51890,336,1244,4,1139046225
51891,336,1246,2,1139047287
51892,336,5928,3,1139047258
51893,337,1,4,860255715
51894,337,2,4,860255784
51895,337,484,4,860255784
51896,337,3,5,860255784
51897,337,485,3,860255784
51898,337,5018,5,860255929
51899,337,1400,3,860255992
51900,337,3679,3,860255866
51901,337,491,4,860256120
51902,337,492,4,860255716
51903,337,495,5,860256119
51904,337,496,4,860255716
51905,337,498,5,860256159
51906,337,260,5,860256120
51907,337,293,4,860255715
51908,337,462,4,860255783
51909,337,499,3,860255992
51910,337,4,5,860256118
51911,337,5,3,860256158
51912,337,505,3,860255716
51913,337,506,3,860255929
51914,337,507,4,860255992
51915,337,2421,5,860255992
51916,337,508,5,860256043
51917,337,509,4,860255867
51918,337,516,5,860255716
51919,337,517,3,860255992
51920,337,519,5,860255830
51921,337,1403,3,860255992
51922,337,8,5,860256119
51923,337,521,3,860255830
51924,337,523,4,860255867
51925,337,525,3,860255716
51926,337,526,4,860256119
51927,337,533,4,860256119
51928,337,543,5,860256159
51929,337,1024,4,860256159
51930,337,16,5,860255830
51931,337,468,5,860256120
51932,337,581,4,860256120
51933,337,3052,4,860256159
51934,337,233,5,860256159
51935,337,609,5,860256159
51936,337,614,3,860256159
51937,337,973,4,860255830
51938,337,639,5,860256159
51939,337,653,5,860255784
51940,337,32,3,860256158
51941,337,1158,5,860256119
51942,337,675,5,860255867
51943,337,677,4,860255867
51944,337,38,5,860255716
51945,337,1159,4,860255830
51946,337,680,5,860256043
51947,337,3004,3,860255992
51948,337,326,5,860255830
51949,337,687,4,860255992
51950,337,688,3,860255929
51951,337,1426,5,860255992
51952,337,41,5,860255784
51953,337,42,5,860255715
51954,337,2660,5,860255929
51955,337,1428,3,860255929
51956,337,690,5,860255866
51957,337,1160,4,860255929
51958,337,43,5,860255715
51959,337,1026,3,860255830
51960,337,2427,5,860255784
51961,337,1431,4,860255830
51962,337,697,5,860255866
51963,337,2444,4,860255866
51964,337,1435,4,860255929
51965,337,706,4,860255929
51966,337,61,5,860255784
51967,337,74,5,860255992
51968,337,1166,3,860255866
51969,337,2420,5,860256043
51970,338,5,4,1530148314
51971,338,17,4,1530148321
51972,338,233,5,1530148309
51973,338,29,5,1530148425
51974,338,35,4,1530148318
51975,338,1028,4,1530148305
51976,338,352,5,1530148436
51977,338,1137,5,1530148346
51978,338,193,4,1530148426
51979,338,757,3,1530148456
51980,338,759,2,1530148457
51981,338,765,3,1530148450
51982,338,235,4,1530148453
51983,338,775,2,1530148449
51984,338,1228,4,1530148361
51985,338,1132,4,1530148366
51986,338,891,3,1530148355
51987,338,1237,2,1530148341
51988,338,1242,3,1530148351
51989,338,2135,1,1530148370
51990,338,2136,1,1530148466
51991,338,2873,2,1530148439
51992,338,3127,5,1530148430
51993,338,6124,1,1530148469
51994,338,2137,1,1530148373
51995,338,1396,5,1530148460
51996,338,4027,2,1530148369
51997,338,5682,1,1530148463
51998,338,5633,1,1530148471
51999,338,2138,1,1530148375
52000,338,2139,1,1530148465
52001,338,6957,2,1530148447
52002,338,6958,3,1530148343
52003,338,6959,1,1530148481
52004,338,6960,4,1530148487
52005,338,6961,1,1530148478
52006,338,6962,1,1530148477
52007,338,6963,1,1530148473
52008,338,6964,1,1530148473
52009,339,1,4,1460183470
52010,339,3,4,1460345729
52011,339,491,4,1460794139
52012,339,293,3,1460518918
52013,339,4,4,1460186377
52014,339,1094,4,1460518498
52015,339,464,4,1460182140
52016,339,17,2,1460868473
52017,339,2434,3,1461051766
52018,339,2435,4,1461797376
52019,339,233,4,1460519031
52020,339,309,5,1460518598
52021,339,21,4,1460182081
52022,339,472,4,1460182472
52023,339,639,4,1481945279
52024,339,26,4,1460868566
52025,339,27,4,1460186748
52026,339,29,5,1460519029
52027,339,1095,5,1460182103
52028,339,34,2,1460182570
52029,339,35,5,1460519027
52030,339,37,5,1460182094
52031,339,38,4,1460518367
52032,339,723,5,1460519033
52033,339,5293,4,1460183692
52034,339,1028,4,1460186715
52035,339,333,4,1460519035
52036,339,334,4,1460519002
52037,339,724,5,1460182148
52038,339,342,4,1460182710
52039,339,66,3,1460182491
52040,339,725,2,1460183145
52041,339,4262,4,1460868619
52042,339,1102,5,1460519025
52043,339,71,5,1460518945
52044,339,352,4,1460182155
52045,339,72,5,1460182461
52046,339,75,4,1460182421
52047,339,76,4,1460868485
52048,339,77,4,1460182818
52049,339,1137,4,1460346330
52050,339,1164,5,1460772152
52051,339,1106,4,1460970881
52052,339,2416,5,1460518764
52053,339,2079,4,1460970827
52054,339,2397,3,1460518788
52055,339,865,3,1460182534
52056,339,1107,4,1460182053
52057,339,84,5,1460186271
52058,339,356,5,1460182209
52059,339,85,5,1460518931
52060,339,86,4,1460186721
52061,339,269,4,1500604883
52062,339,90,4,1460182427
52063,339,364,4,1460517435
52064,339,1031,2,1460182459
52065,339,102,2,1460182455
52066,339,727,5,1460346477
52067,339,6316,4,1460868372
52068,339,104,5,1460182958
52069,339,106,4,1460354557
52070,339,1032,5,1460182152
52071,339,834,4,1460184013
52072,339,729,4,1494129636
52073,339,988,4,1460346592
52074,339,109,5,1460443878
52075,339,1516,4,1460518583
52076,339,730,4,1460346454
52077,339,2039,4,1460183129
52078,339,1543,2,1460182667
52079,339,2905,4,1460868604
52080,339,383,4,1460346308
52081,339,122,5,1460182401
52082,339,2040,5,1460518612
52083,339,273,4,1506987559
52084,339,3598,5,1460885688
52085,339,392,5,1460519159
52086,339,1601,3,1460183512
52087,339,163,4,1460519194
52088,339,1179,5,1460183806
52089,339,401,5,1460532875
52090,339,181,2,1460182487
52091,339,402,4,1460183259
52092,339,405,3,1460182239
52093,339,185,5,1460519017
52094,339,193,4,1460519022
52095,339,410,3,1504908961
52096,339,2041,4,1460345897
52097,339,204,5,1460868639
52098,339,1786,3,1460345958
52099,339,415,4,1461797383
52100,339,206,5,1461877407
52101,339,1012,4,1460345942
52102,339,1186,4,1460182248
52103,339,5613,5,1460868934
52104,339,1722,4,1460518878
52105,339,1041,5,1460185218
52106,339,220,5,1460182396
52107,339,1124,5,1460518486
52108,339,1187,4,1460183508
52109,339,278,3,1460182438
52110,339,431,3,1460868541
52111,339,432,3,1460185156
52112,339,1190,4,1461877735
52113,339,1043,5,1460183256
52114,339,4929,4,1503953575
52115,339,3552,4,1460518800
52116,339,744,4,1460183602
52117,339,445,4,1460868616
52118,339,1191,4,1460182797
52119,339,1813,4,1460518813
52120,339,745,4,1460185160
52121,339,746,3,1460182204
52122,339,1817,3,1460185266
52123,339,747,5,1460185201
52124,339,1823,3,1460345905
52125,339,1044,5,1460185212
52126,339,1829,5,1460686055
52127,339,751,4,1460184358
52128,339,1125,4,1460182423
52129,339,752,4,1460183483
52130,339,458,2,1460183489
52131,339,1126,5,1460182923
52132,339,2717,5,1460183811
52133,339,754,3,1460182388
52134,339,755,5,1460183309
52135,339,2220,4,1460518871
52136,339,756,4,1460185460
52137,339,759,5,1460184297
52138,339,761,5,1460183035
52139,339,762,4,1460183254
52140,339,2045,4,1460183946
52141,339,763,5,1460183478
52142,339,1203,3,1460184485
52143,339,1851,4,1460346288
52144,339,2772,3,1460185314
52145,339,764,2,1460183492
52146,339,765,4,1460186708
52147,339,766,5,1460183188
52148,339,767,2,1460182567
52149,339,1206,5,1460518996
52150,339,1147,5,1460519019
52151,339,2233,4,1460185320
52152,339,876,4,1460185151
52153,339,1046,4,1460184312
52154,339,771,3,1460185149
52155,339,3659,4,1460186015
52156,339,2047,4,1460183268
52157,339,6965,4,1460184431
52158,339,3670,5,1460346571
52159,339,2243,5,1460185853
52160,339,3597,4,1461140013
52161,339,774,4,1460518910
52162,339,775,4,1460186702
52163,339,2405,5,1460184180
52164,339,3342,3,1460184192
52165,339,4286,4,1460184528
52166,339,1130,4,1460183279
52167,339,886,3,1460183599
52168,339,3577,4,1460518796
52169,339,1226,4,1460185276
52170,339,780,2,1460183498
52171,339,3146,4,1460185270
52172,339,2048,4,1460794282
52173,339,887,4,1460183233
52174,339,1049,4,1460518854
52175,339,3147,3,1460185892
52176,339,2266,3,1460185453
52177,339,1230,4,1503953598
52178,339,793,3,1460184483
52179,339,795,4,1460183484
52180,339,891,3,1460183596
52181,339,801,5,1460182198
52182,339,2051,5,1460183605
52183,339,808,4,1460183612
52184,339,895,3,1460185250
52185,339,810,3,1460186754
52186,339,812,4,1460184321
52187,339,1892,3,1460182925
52188,339,2127,4,1460182927
52189,339,1244,5,1460518851
52190,339,814,4,1460346362
52191,339,2053,4,1460518822
52192,339,1894,2,1460183491
52193,339,898,5,1503882999
52194,339,1895,3,1460185253
52195,339,2300,3,1460185292
52196,339,2054,5,1460183724
52197,339,1251,4,1460185170
52198,339,5940,4,1461139974
52199,339,1253,4,1460183210
52200,339,1896,4,1460518378
52201,339,5586,4,1460183777
52202,339,1898,5,1460183419
52203,339,3385,3,1460183388
52204,339,1255,3,1460185193
52205,339,899,5,1460185341
52206,339,4518,5,1460184199
52207,339,2316,4,1460182143
52208,339,1133,2,1460183593
52209,339,238,4,1460182050
52210,339,1051,3,1460868463
52211,339,1052,5,1460183043
52212,339,2320,4,1460183084
52213,339,2323,4,1460183630
52214,339,2326,2,1460183156
52215,339,1262,5,1460518671
52216,339,4728,4,1460183616
52217,339,2979,3,1460185329
52218,339,3153,4,1460346482
52219,339,1264,3,1460185280
52220,339,2335,5,1460518633
52221,339,2519,2,1460183493
52222,339,2058,4,1460182142
52223,339,2338,5,1460186153
52224,339,1272,3,1460185286
52225,339,1273,4,1460518581
52226,339,2520,4,1460185992
52227,339,2344,4,1460346414
52228,339,1275,5,1460183203
52229,339,2059,5,1460183299
52230,339,2346,4,1460186034
52231,339,1054,4,1460185476
52232,339,904,3,1460346323
52233,339,2347,3,1460183277
52234,339,2061,5,1460185294
52235,339,6966,4,1494291473
52236,339,2129,2,1460184346
52237,339,6785,3,1460184217
52238,339,239,3,1460182391
52239,339,6967,4,1494291470
52240,339,3435,3,1460184202
52241,339,1055,3,1460186751
52242,339,1056,4,1460183473
52243,339,909,3,1460346752
52244,339,2130,2,1460182566
52245,339,2064,3,1460182514
52246,339,5974,4,1494288951
52247,339,3083,4,1460182268
52248,339,1916,5,1460183376
52249,339,912,4,1460518409
52250,339,5027,4,1460518877
52251,339,1058,4,1460346387
52252,339,2383,4,1460519299
52253,339,1290,4,1460183321
52254,339,914,3,1460185926
52255,339,2386,4,1460183647
52256,339,241,3,1460183590
52257,339,1059,5,1460182901
52258,339,1152,4,1460185425
52259,339,916,3,1460183472
52260,339,1297,3,1460185208
52261,339,917,4,1460183432
52262,339,2991,4,1460518981
52263,339,3459,4,1460183906
52264,339,918,2,1460183490
52265,339,1061,3,1460184287
52266,339,2068,4,1460436456
52267,339,922,4,1460183411
52268,339,1922,4,1460346433
52269,339,5271,3,1460183737
52270,339,927,3,1460182400
52271,339,243,5,1460182816
52272,339,6303,5,1461140168
52273,339,4773,4,1460346679
52274,339,1926,2,1460183502
52275,339,6968,4,1460184259
52276,339,1134,4,1460183480
52277,339,932,4,1460183496
52278,339,245,5,1460518998
52279,339,4543,4,1460184261
52280,339,1153,3,1460185442
52281,339,4202,4,1460519208
52282,339,6721,3,1460184234
52283,339,2816,4,1460518893
52284,339,1320,4,1460183987
52285,339,1934,2,1460183497
52286,339,935,4,1460183707
52287,339,1154,3,1460185923
52288,339,6969,5,1460957320
52289,339,1155,4,1460518615
52290,339,6031,3,1460186175
52291,339,1064,4,1460184470
52292,339,1065,4,1460518951
52293,339,5861,4,1460346355
52294,339,2526,4,1460184176
52295,339,1325,2,1460182467
52296,339,3159,5,1460325299
52297,339,2132,4,1460183803
52298,339,2410,3,1460185968
52299,339,1939,2,1460183488
52300,339,1330,3,1460185362
52301,339,942,4,1460518823
52302,339,3095,4,1460346554
52303,339,1067,3,1460186759
52304,339,3096,4,1460185917
52305,339,3161,4,1460518749
52306,339,6970,4,1460354276
52307,339,3630,4,1460518890
52308,339,6077,3,1503953517
52309,339,6078,3,1494291381
52310,339,5279,3,1460518560
52311,339,250,3,1460182397
52312,339,1944,4,1460518420
52313,339,251,5,1460518991
52314,339,6080,4,1460519333
52315,339,6971,4,1494291484
52316,339,945,4,1460794226
52317,339,2530,3,1460518900
52318,339,951,3,1460185464
52319,339,2531,4,1461797405
52320,339,2830,4,1460346654
52321,339,1340,4,1460868550
52322,339,2532,3,1460518563
52323,339,2734,3,1460518555
52324,339,953,4,1461878500
52325,339,252,3,1460182087
52326,339,2133,4,1460183214
52327,339,3101,2,1460184332
52328,339,1072,2,1460182501
52329,339,1349,3,1460182188
52330,339,3639,4,1460186229
52331,339,1073,3,1460868538
52332,339,1352,4,1460183033
52333,339,1074,4,1460794268
52334,339,1970,4,1460518837
52335,339,1971,4,1460346026
52336,339,1353,2,1460182191
52337,339,2736,5,1460518906
52338,339,1354,3,1460182449
52339,339,253,5,1460182409
52340,339,3106,2,1460182550
52341,339,6110,3,1460183636
52342,339,962,4,1460185421
52343,339,254,5,1460182070
52344,339,6972,5,1460184244
52345,339,1076,3,1460184288
52346,339,1991,4,1460518426
52347,339,2538,4,1460186006
52348,339,1077,3,1460518596
52349,339,1995,3,1460518979
52350,339,3109,4,1460518984
52351,339,3112,4,1460518949
52352,339,2539,4,1460183184
52353,339,6973,4,1494291480
52354,339,1362,4,1460868494
52355,339,1082,2,1460868414
52356,339,4387,4,1460183753
52357,339,6535,4,1460183998
52358,339,2542,4,1481945332
52359,339,1085,4,1460518845
52360,339,1086,5,1460183474
52361,339,4723,3,1460183732
52362,339,1373,4,1460185562
52363,339,6974,4,1460185594
52364,339,6975,3,1460185575
52365,339,2858,4,1460518643
52366,339,1087,4,1460518660
52367,339,1379,4,1488326700
52368,339,6976,2,1494291850
52369,339,4606,3,1481945488
52370,339,1391,3,1506987497
52371,339,2033,5,1494291540
52372,339,6482,4,1500506228
52373,339,2749,4,1507760159
52374,339,6977,4,1504908952
52375,339,2873,5,1500604838
52376,339,3127,4,1503953624
52377,339,2879,5,1507760155
52378,339,2137,4,1507502471
52379,339,6978,5,1506987433
52380,340,487,4,848666415
52381,340,8,5,848666415
52382,340,464,5,848666338
52383,340,465,4,848666356
52384,340,531,4,848666415
52385,340,532,4,848666356
52386,340,540,3,848666415
52387,340,550,3,848666415
52388,340,466,4,848666436
52389,340,585,4,848666436
52390,340,588,4,848666393
52391,340,17,4,848666338
52392,340,18,4,848666375
52393,340,233,5,848666393
52394,340,600,5,848666393
52395,340,471,4,848666356
52396,340,20,4,848666375
52397,340,21,3,848666375
52398,340,639,3,848666436
52399,340,26,5,848666356
52400,340,27,5,848666393
52401,340,479,4,848666436
52402,340,33,5,848666338
52403,340,34,5,848666337
52404,340,324,4,848666375
52405,340,38,4,848666212
52406,340,43,5,848666212
52407,340,1166,5,848666265
52408,341,1,5,1439750939
52409,341,21,3,1439750914
52410,341,473,4,1483908843
52411,341,635,3,1439751309
52412,341,27,2,1439750926
52413,341,1431,3,1487196415
52414,341,1135,4,1487196203
52415,341,86,3,1439750933
52416,341,978,4,1487283827
52417,341,1599,3,1439751392
52418,341,163,4,1487284796
52419,341,1003,4,1439751267
52420,341,1645,3,1522174554
52421,341,1014,3,1487285107
52422,341,1187,3,1487285050
52423,341,1800,3,1487285132
52424,341,1805,4,1439751021
52425,341,868,4,1487285091
52426,341,1195,4,1487285104
52427,341,756,3,1487285057
52428,341,760,3,1487285079
52429,341,764,4,1487285065
52430,341,3191,3,1487285119
52431,341,1209,3,1487285075
52432,341,2235,4,1487285094
52433,341,772,3,1487285084
52434,341,883,4,1439751261
52435,341,1898,4,1439751289
52436,341,899,4,1522174577
52437,341,1054,4,1440872004
52438,341,1914,5,1487275987
52439,341,4192,4,1439751294
52440,341,1297,2,1522174598
52441,341,243,5,1440871964
52442,341,1928,4,1439751325
52443,341,4549,3,1439751349
52444,341,4208,3,1439751340
52445,341,6979,4,1439751003
52446,341,1947,4,1522174516
52447,341,4566,3,1439751359
52448,341,962,4,1440878182
52449,341,1989,4,1439751285
52450,341,3109,4,1487285140
52451,341,1079,3,1487203165
52452,341,257,4,1440970020
52453,341,2001,4,1439751048
52454,341,967,4,1522174570
52455,341,4590,4,1440969937
52456,341,1086,4,1446895888
52457,341,4592,3,1487285189
52458,341,2019,4,1440871979
52459,341,969,4,1522174614
52460,342,495,3,1042822170
52461,342,13,5,1042821962
52462,342,585,3,1042821145
52463,342,673,2,1042821145
52464,342,41,4,1042821145
52465,342,1430,3,1042822111
52466,342,1771,2,1042821145
52467,342,71,4,1042821230
52468,342,3013,3,1042821231
52469,342,86,4,1042821145
52470,342,2563,2,1042822202
52471,342,2462,3,1042821231
52472,342,1534,3,1042821991
52473,342,3502,3,1042822170
52474,342,130,2,1042822202
52475,342,6980,3,1042821871
52476,342,1596,2,1042821145
52477,342,1601,4,1042821962
52478,342,1602,2,1042821991
52479,342,6981,3,1042821231
52480,342,154,3,1042822234
52481,342,1615,2,1042822039
52482,342,2577,3,1042821962
52483,342,1115,3,1042822170
52484,342,1002,3,1042822138
52485,342,2583,3,1042822202
52486,342,399,2,1042822039
52487,342,1632,3,1042822039
52488,342,6982,4,1042822091
52489,342,400,3,1042821871
52490,342,733,2,1042822068
52491,342,1641,3,1042821871
52492,342,734,2,1042822262
52493,342,1179,4,1042821871
52494,342,1646,3,1042821991
52495,342,1117,2,1042822138
52496,342,1865,3,1042822234
52497,342,404,2,1042821919
52498,342,2589,3,1042822138
52499,342,2590,3,1042821871
52500,342,1658,3,1042822234
52501,342,2591,3,1042822068
52502,342,3298,4,1042821991
52503,342,840,1,1042822170
52504,342,2189,3,1042821962
52505,342,193,4,1042822039
52506,342,3035,3,1042822234
52507,342,6983,3,1042821919
52508,342,195,3,1042822262
52509,342,2686,3,1042821919
52510,342,1672,2,1042821991
52511,342,1786,3,1042822234
52512,342,1121,4,1042822111
52513,342,416,1,1042822068
52514,342,1691,3,1042821991
52515,342,1693,4,1042822170
52516,342,2603,4,1042821919
52517,342,4918,3,1042822248
52518,342,221,3,1042822202
52519,342,1757,4,1042822111
52520,342,1758,2,1042821872
52521,342,2611,2,1042821872
52522,342,1765,3,1042822091
52523,342,1019,4,1042821962
52524,342,1835,5,1042821231
52525,342,6627,1,1042821231
52526,343,5,4,1202061253
52527,343,16,3,1202060817
52528,343,17,4,1202061332
52529,343,233,4,1202060845
52530,343,29,5,1202061421
52531,343,1095,4,1202061336
52532,343,35,4,1202060833
52533,343,1028,3,1202061265
52534,343,63,4,1202061357
52535,343,69,3,1202060819
52536,343,71,4,1202060835
52537,343,1029,3,1202061382
52538,343,352,4,1202060847
52539,343,75,5,1202060780
52540,343,76,4,1202061362
52541,343,1137,3,1202061269
52542,343,1456,3,1202060229
52543,343,104,4,1202061345
52544,343,148,4,1202061289
52545,343,167,5,1202060813
52546,343,2583,4,1202060315
52547,343,185,4,1202060809
52548,343,193,5,1202060766
52549,343,1118,3,1202061324
52550,343,2603,4,1202060309
52551,343,5334,3,1202060389
52552,343,445,5,1202060782
52553,343,1818,4,1202060391
52554,343,1125,4,1202061387
52555,343,754,5,1202060823
52556,343,1881,2,1202060345
52557,343,763,3,1202061272
52558,343,3186,5,1202060811
52559,343,765,5,1202060837
52560,343,1045,4,1202060799
52561,343,1147,5,1202061256
52562,343,775,4,1202060839
52563,343,2516,2,1202060499
52564,343,3342,4,1202061306
52565,343,5524,5,1202061343
52566,343,2788,1,1202060695
52567,343,795,4,1202061367
52568,343,890,4,1202060531
52569,343,1150,3,1202061348
52570,343,2974,4,1202060601
52571,343,2127,5,1202060306
52572,343,237,3,1202060562
52573,343,1133,2,1202061283
52574,343,238,4,1202061297
52575,343,1053,3,1202060923
52576,343,2326,4,1202060430
52577,343,2331,5,1202060657
52578,343,2332,4,1202060912
52579,343,2058,5,1202060553
52580,343,3414,5,1202060755
52581,343,2343,5,1202061165
52582,343,1275,2,1202061310
52583,343,2059,4,1202060941
52584,343,904,4,1202060716
52585,344,8,4,1420497375
52586,344,16,5,1420495238
52587,344,18,3,1420496788
52588,344,233,5,1420497366
52589,344,21,5,1420496439
52590,344,473,5,1420496514
52591,344,828,5,1420496646
52592,344,42,4,1420496779
52593,344,74,5,1420497000
52594,344,76,1,1420496980
52595,344,85,5,1420497469
52596,344,86,5,1420496497
52597,344,120,5,1420496566
52598,344,122,4,1420496069
52599,344,150,5,1420496553
52600,344,1010,2,1420497323
52601,344,167,5,1420495243
52602,344,171,2,1420496680
52603,344,172,5,1420496085
52604,344,734,4,1420497125
52605,344,401,4,1420497247
52606,344,402,3,1420496073
52607,344,185,5,1420495388
52608,344,188,5,1420496511
52609,344,1118,4,1420496854
52610,344,1684,4,1420497319
52611,344,204,5,1420496152
52612,344,415,3,1420495433
52613,344,229,5,1420496860
52614,344,429,3,1420497205
52615,344,1797,2,1420496725
52616,344,278,0,1420495413
52617,344,432,3,1420496122
52618,344,1022,4,1420497222
52619,344,434,2,1420497282
52620,344,1043,3,1420497208
52621,344,440,2,1420497229
52622,344,445,1,1420496088
52623,344,745,5,1420496110
52624,344,1044,1,1420497290
52625,344,1829,1,1420497334
52626,344,1125,2,1420497211
52627,344,1126,4,1420496126
52628,344,2220,2,1420497286
52629,344,1842,1,1420497150
52630,344,1199,4,1420497197
52631,344,760,4,1420497307
52632,344,762,1,1420497143
52633,344,763,4,1420497259
52634,344,766,4,1420497217
52635,344,1129,4,1420496867
52636,344,779,5,1420496644
52637,344,1241,4,1420496923
52638,344,1055,4,1420496991
52639,344,1056,3,1420497379
52640,344,1286,5,1420496016
52641,344,916,5,1420496954
52642,344,936,4,1420497410
52643,344,1064,5,1420497433
52644,344,1325,4,1420497413
52645,344,1067,4,1420496997
52646,344,1334,4,1420497427
52647,344,1980,3,1420495322
52648,344,1357,5,1420495291
52649,344,6911,3,1420495337
52650,344,2536,3,1420495320
52651,344,1076,4,1420495295
52652,344,1078,5,1420495288
52653,344,1995,3,1420495332
52654,345,488,2,1342828883
52655,345,293,3,1342827269
52656,345,471,3,1342827706
52657,345,628,4,1342828277
52658,345,644,3,1342826769
52659,345,4665,5,1342827179
52660,345,702,5,1342826728
52661,345,330,4,1342826827
52662,345,724,4,1342827347
52663,345,3543,5,1342828555
52664,345,3280,5,1342827848
52665,345,2143,4,1342827857
52666,345,3282,3,1342826819
52667,345,266,3,1342826717
52668,345,67,3,1342827653
52669,345,1101,3,1342826752
52670,345,1029,4,1342828544
52671,345,352,5,1342827258
52672,345,76,5,1342828521
52673,345,2901,4,1342826733
52674,345,4057,3,1342828904
52675,345,6186,3,1342828937
52676,345,3224,3,1342827795
52677,345,1510,4,1342828537
52678,345,2575,4,1342826832
52679,345,395,5,1342826784
52680,345,151,3,1342826788
52681,345,1627,4,1342828994
52682,345,1646,3,1342826760
52683,345,405,4,1342828329
52684,345,185,4,1342828817
52685,345,189,4,1342826791
52686,345,5313,5,1342828599
52687,345,208,4,1342826796
52688,345,1706,3,1342826800
52689,345,2403,3,1342826749
52690,345,1712,3,1342826810
52691,345,218,4,1342826722
52692,345,1733,4,1342827387
52693,345,5133,3,1342828835
52694,345,3306,3,1342827547
52695,345,5204,4,1342829007
52696,345,6984,3,1342827619
52697,345,6985,4,1342828595
52698,345,3242,3,1342827680
52699,345,4697,3,1342827294
52700,345,870,3,1342827633
52701,345,6986,4,1342827537
52702,345,6987,3,1342827643
52703,345,3652,3,1342828981
52704,345,856,4,1342827783
52705,345,5092,4,1342827218
52706,345,1214,4,1342828632
52707,345,5219,5,1342827777
52708,345,883,4,1342827485
52709,345,6541,4,1342827410
52710,345,2265,4,1342827563
52711,345,6988,5,1342827199
52712,345,6043,3,1342828944
52713,345,2127,3,1342827455
52714,345,6989,4,1342828611
52715,345,905,4,1342827382
52716,346,492,4,1155066710
52717,346,4,3,1172693170
52718,346,5,4,1125857414
52719,346,1094,4,1094646949
52720,346,307,4,1133799697
52721,346,466,3,1094646536
52722,346,589,4,1125859259
52723,346,17,3,1125857435
52724,346,2508,4,1094645835
52725,346,2434,3,1094645884
52726,346,309,2,1094645847
52727,346,604,3,1094646519
52728,346,611,3,1094651676
52729,346,314,4,1172693221
52730,346,639,2,1094646509
52731,346,27,2,1125858149
52732,346,319,4,1125858978
52733,346,320,3,1125859266
52734,346,6990,3,1094646292
52735,346,29,3,1125859184
52736,346,478,2,1094645880
52737,346,37,3,1125857533
52738,346,2172,3,1125859142
52739,346,723,4,1125857842
52740,346,1160,3,1125857678
52741,346,1028,4,1094646955
52742,346,332,3,1094645760
52743,346,1438,4,1125857608
52744,346,333,4,1125857473
52745,346,336,4,1125857764
52746,346,46,4,1155066626
52747,346,62,4,1094650658
52748,346,2174,3,1094646772
52749,346,3699,4,1172692764
52750,346,3700,3,1172692739
52751,346,3499,3,1172692911
52752,346,1102,4,1125857385
52753,346,72,4,1094650866
52754,346,73,4,1094646952
52755,346,1163,4,1125857669
52756,346,77,5,1125857425
52757,346,1137,3,1094646958
52758,346,354,4,1125859287
52759,346,1106,4,1094650654
52760,346,2080,5,1094646270
52761,346,82,2,1172693230
52762,346,2082,4,1125857630
52763,346,2755,3,1125857334
52764,346,1107,4,1125857504
52765,346,84,3,1125857665
52766,346,1461,3,1172692434
52767,346,1462,2,1094645801
52768,346,1464,4,1155066851
52769,346,92,4,1094651388
52770,346,4263,4,1172693080
52771,346,6991,2,1125857345
52772,346,104,3,1094646198
52773,346,106,2,1094645736
52774,346,234,3,1125858192
52775,346,2401,3,1125857720
52776,346,382,4,1155066727
52777,346,2905,4,1125859006
52778,346,384,3,1094645857
52779,346,4146,3,1155066865
52780,346,4264,4,1094646985
52781,346,2040,4,1125859034
52782,346,1597,3,1125858160
52783,346,393,3,1125857863
52784,346,3548,4,1125857695
52785,346,154,4,1125858176
52786,346,1609,3,1094651587
52787,346,6992,3,1094646355
52788,346,397,4,1125858366
52789,346,400,2,1125858166
52790,346,401,4,1125859330
52791,346,402,3,1125859222
52792,346,185,4,1094646472
52793,346,193,3,1125857709
52794,346,198,2,1125857586
52795,346,3062,4,1125858109
52796,346,414,4,1125858344
52797,346,415,4,1094645785
52798,346,1121,3,1094646665
52799,346,2599,3,1125858352
52800,346,418,2,1094645817
52801,346,2494,4,1155066633
52802,346,2403,3,1094646994
52803,346,1717,3,1172692466
52804,346,215,3,1094645805
52805,346,1041,3,1094646631
52806,346,5515,4,1155066835
52807,346,843,3,1125857988
52808,346,1124,4,1155066654
52809,346,3722,3,1172693057
52810,346,278,3,1125857412
52811,346,435,3,1094646897
52812,346,1805,1,1125858314
52813,346,1191,3,1125858321
52814,346,6993,3,1094646445
52815,346,6994,4,1125857453
52816,346,6995,4,1125859116
52817,346,454,3,1094651056
52818,346,455,4,1125857783
52819,346,1195,3,1125857879
52820,346,1830,3,1094646878
52821,346,1125,4,1094650862
52822,346,2768,4,1094651258
52823,346,1126,3,1094645854
52824,346,6342,4,1125857419
52825,346,848,2,1094646585
52826,346,763,4,1133799678
52827,346,1203,4,1094646575
52828,346,3559,3,1094646851
52829,346,3187,4,1094651062
52830,346,6996,3,1125858412
52831,346,1206,4,1094650999
52832,346,6997,3,1125859125
52833,346,2478,4,1094651413
52834,346,6998,3,1125857676
52835,346,6999,4,1125858091
52836,346,2236,4,1094651069
52837,346,4283,4,1172692115
52838,346,2047,3,1172692415
52839,346,3569,4,1133799772
52840,346,235,4,1094646208
52841,346,4885,4,1125857440
52842,346,2247,4,1155066579
52843,346,4751,5,1094646563
52844,346,5780,4,1155066817
52845,346,4240,4,1125857357
52846,346,2113,3,1125857481
52847,346,7000,4,1094650645
52848,346,7001,2,1125857583
52849,346,7002,3,1094646539
52850,346,7003,2,1094646829
52851,346,3572,3,1125857750
52852,346,1221,3,1125857683
52853,346,2781,4,1125857651
52854,346,4287,4,1094651051
52855,346,3144,4,1094650666
52856,346,2782,4,1155066811
52857,346,1048,4,1094646285
52858,346,1149,3,1094646977
52859,346,2784,4,1125857731
52860,346,7004,3,1133799346
52861,346,7005,3,1172692108
52862,346,7006,4,1125857331
52863,346,2119,3,1133799543
52864,346,7007,4,1125859107
52865,346,4142,3,1094651381
52866,346,2049,4,1094646804
52867,346,4292,4,1125857600
52868,346,2791,4,1133799776
52869,346,792,4,1125858289
52870,346,4856,4,1125857372
52871,346,2518,4,1125858461
52872,346,2408,4,1172692081
52873,346,4306,3,1125857350
52874,346,6433,4,1125857618
52875,346,7008,4,1172692130
52876,346,807,2,1125857645
52877,346,1253,4,1172692089
52878,346,1256,4,1172692266
52879,346,1133,4,1172692161
52880,347,1,5,847645986
52881,347,482,3,847645925
52882,347,487,4,847645690
52883,347,488,4,847645925
52884,347,493,4,847645789
52885,347,293,3,847645812
52886,347,461,4,847645761
52887,347,463,4,847645812
52888,347,4,3,847645738
52889,347,8,3,847645690
52890,347,464,4,847645537
52891,347,465,3,847645591
52892,347,530,3,847645839
52893,347,532,3,847645591
52894,347,540,3,847645690
52895,347,550,3,847645690
52896,347,14,4,847645635
52897,347,466,4,847645719
52898,347,468,3,847645839
52899,347,588,3,847645664
52900,347,18,3,847645635
52901,347,598,4,847645839
52902,347,605,4,847645719
52903,347,471,3,847645591
52904,347,21,4,847645635
52905,347,314,3,847645812
52906,347,472,4,847645738
52907,347,622,4,847645738
52908,347,473,3,847645537
52909,347,634,3,847645664
52910,347,635,3,847645925
52911,347,639,3,847645719
52912,347,26,4,847645591
52913,347,27,4,847645664
52914,347,28,3,847645738
52915,347,322,4,847645789
52916,347,671,4,847645761
52917,347,323,4,847645591
52918,347,479,3,847645719
52919,347,33,3,847645537
52920,347,34,3,847645537
52921,347,324,4,847645635
52922,347,481,4,847645761
52923,347,38,4,847645986
52924,347,43,5,847645986
52925,348,5,5,1378850183
52926,348,1094,5,1378850748
52927,348,16,4,1378850273
52928,348,17,5,1378850640
52929,348,233,5,1378850179
52930,348,29,5,1378850186
52931,348,1095,5,1378850657
52932,348,33,4,1378851576
52933,348,35,5,1378850297
52934,348,37,5,1378850760
52935,348,723,4,1378850230
52936,348,1028,5,1378850181
52937,348,1438,5,1378850653
52938,348,336,5,1378850197
52939,348,1441,4,1378849927
52940,348,68,4,1378850310
52941,348,69,5,1378850299
52942,348,73,5,1378850772
52943,348,75,4,1378850307
52944,348,1137,5,1378850200
52945,348,355,4,1378850776
52946,348,1110,4,1378850708
52947,348,987,4,1378849938
52948,348,2398,4,1378850037
52949,348,2463,3,1378849912
52950,348,3501,4,1378849943
52951,348,2092,5,1378849870
52952,348,383,5,1378850189
52953,348,1559,5,1378849996
52954,348,392,5,1378850284
52955,348,4221,5,1378850142
52956,348,148,5,1378850546
52957,348,2468,5,1378850758
52958,348,151,4,1378849865
52959,348,2580,4,1378849984
52960,348,170,4,1378849901
52961,348,185,5,1378850304
52962,348,193,5,1378850241
52963,348,414,4,1378851558
52964,348,445,5,1378850294
52965,348,4939,3,1378850125
52966,348,1830,5,1378849974
52967,348,2695,4,1378850051
52968,348,1126,5,1378850245
52969,348,754,5,1378850645
52970,348,3184,4,1378850270
52971,348,1202,4,1378851566
52972,348,765,5,1378850762
52973,348,1147,5,1378850204
52974,348,3338,4,1378850092
52975,348,2244,4,1378851541
52976,348,236,4,1378851570
52977,348,239,4,1378850219
52978,348,245,5,1378850281
52979,348,945,5,1378850264
52980,349,487,4,834750699
52981,349,461,5,834750842
52982,349,520,5,834751138
52983,349,526,4,834751386
52984,349,531,4,834750699
52985,349,532,4,834750363
52986,349,559,3,834751321
52987,349,14,2,834750625
52988,349,466,3,834750723
52989,349,468,3,834750868
52990,349,581,3,834751177
52991,349,17,4,834750311
52992,349,604,4,834750979
52993,349,471,4,834750363
52994,349,20,5,834750363
52995,349,611,3,834751321
52996,349,21,5,834750979
52997,349,314,4,834751235
52998,349,472,4,834750907
52999,349,23,4,834750979
53000,349,622,5,834751107
53001,349,624,3,834751344
53002,349,634,3,834750699
53003,349,27,3,834751024
53004,349,28,3,834751177
53005,349,320,3,834751107
53006,349,29,4,834751177
53007,349,322,3,834751261
53008,349,1158,3,834751082
53009,349,828,3,834751344
53010,349,671,3,834751321
53011,349,323,4,834750363
53012,349,479,4,834751082
53013,349,33,4,834750598
53014,349,35,5,834750723
53015,349,324,3,834750625
53016,349,481,5,834751321
53017,350,1,4,864940931
53018,350,485,3,864941017
53019,350,1400,3,864941118
53020,350,492,2,864940932
53021,350,293,4,864940930
53022,350,506,3,864941118
53023,350,516,3,864940931
53024,350,521,3,864941018
53025,350,525,3,864940931
53026,350,16,4,864940972
53027,350,973,2,864941017
53028,350,653,4,864940972
53029,350,37,3,864940972
53030,350,677,3,864941053
53031,350,38,3,864940931
53032,350,1159,3,864941018
53033,350,39,3,864941080
53034,350,2659,3,864941229
53035,350,1424,4,864941229
53036,350,40,3,864941161
53037,350,326,3,864941017
53038,350,688,3,864941080
53039,350,41,3,864940972
53040,350,42,3,864940930
53041,350,2996,4,864941229
53042,350,1430,4,864941161
53043,350,2427,4,864940972
53044,350,1431,3,864941017
53045,350,695,3,864941249
53046,350,697,3,864941053
53047,350,2444,3,864941053
53048,350,1435,3,864941080
53049,350,2662,3,864941284
53050,350,264,3,864941301
53051,350,706,3,864941080
53052,350,1028,3,864941118
53053,350,61,3,864940972
53054,350,74,4,864941053
53055,350,1166,5,864941018
53056,350,2420,4,864941118
53057,351,1400,5,1325978665
53058,351,4,4,1326027964
53059,351,17,4,1325979182
53060,351,471,3,1326106788
53061,351,21,4,1326062543
53062,351,624,3,1325978096
53063,351,27,4,1328287926
53064,351,4743,3,1326210798
53065,351,35,4,1326028138
53066,351,481,3,1326106838
53067,351,1160,4,1326028015
53068,351,61,4,1326106755
53069,351,1102,3,1326027949
53070,351,234,4,1325979966
53071,351,1512,2,1325977918
53072,351,988,4,1326106611
53073,351,4669,4,1328625543
53074,351,3502,3,1325978085
53075,351,2680,1,1325977864
53076,351,2184,4,1326210934
53077,351,149,2,1325978590
53078,351,167,4,1326106654
53079,351,6322,3,1326209706
53080,351,402,4,1325979560
53081,351,193,4,1328296914
53082,351,1670,2,1325978863
53083,351,2200,4,1325979981
53084,351,1019,2,1325977875
53085,351,278,5,1325980090
53086,351,3309,3,1325978798
53087,351,1799,4,1325978465
53088,351,3176,4,1325978457
53089,351,3312,2,1325978760
53090,351,445,4,1333037489
53091,351,446,4,1326062021
53092,351,447,3,1326061797
53093,351,1191,3,1326062202
53094,351,1823,2,1325977891
53095,351,1044,3,1328290577
53096,351,1830,4,1325978650
53097,351,2950,2,1328296249
53098,351,1125,3,1333037601
53099,351,753,4,1328289069
53100,351,754,4,1328288166
53101,351,755,4,1325979956
53102,351,3647,4,1328296068
53103,351,761,4,1328889117
53104,351,1201,4,1325979525
53105,351,765,4,1328288187
53106,351,857,4,1325979477
53107,351,766,4,1326106763
53108,351,1147,4,1325979340
53109,351,3190,4,1328625708
53110,351,7009,4,1326062061
53111,351,7010,3,1326210662
53112,351,876,3,1328288338
53113,351,6225,2,1328296195
53114,351,771,4,1326106624
53115,351,235,3,1328288200
53116,351,878,3,1326061771
53117,351,775,4,1328288160
53118,351,1047,4,1325979910
53119,351,1130,3,1326027999
53120,351,888,4,1326061828
53121,351,2267,3,1328290627
53122,351,1230,4,1325980447
53123,351,797,3,1328288287
53124,351,1132,3,1328625583
53125,351,2050,3,1325979998
53126,351,6045,3,1328296137
53127,351,7011,4,1328889065
53128,351,4759,2,1328296323
53129,351,238,5,1325979388
53130,351,1052,4,1325979868
53131,351,2978,3,1328296297
53132,351,5953,2,1328387594
53133,351,900,4,1326106824
53134,351,7012,3,1326210634
53135,351,7013,3,1329655779
53136,351,3415,4,1328290669
53137,351,1271,4,1328360318
53138,351,7014,3,1328296505
53139,351,3601,3,1328296301
53140,351,2059,4,1333037647
53141,351,2521,3,1326061843
53142,351,1279,3,1328642419
53143,351,7015,4,1326061944
53144,351,239,3,1328642280
53145,351,1912,4,1325978903
53146,351,1283,3,1328296549
53147,351,1056,4,1328288176
53148,351,7016,3,1328722820
53149,351,7017,3,1328889084
53150,351,910,4,1326061888
53151,351,1916,3,1328288149
53152,351,3446,3,1328290649
53153,351,1293,4,1328625658
53154,351,241,3,1326028264
53155,351,1297,3,1328289267
53156,351,921,4,1328889180
53157,351,927,2,1328290595
53158,351,6935,4,1325979268
53159,351,6720,3,1328889154
53160,351,6058,3,1325980212
53161,351,245,4,1326027878
53162,351,1153,4,1326028151
53163,351,6553,3,1326210744
53164,351,3624,3,1328296463
53165,351,2816,4,1325980042
53166,351,1933,4,1325980079
53167,351,1320,4,1328889405
53168,351,3479,3,1326026394
53169,351,1064,3,1328269439
53170,351,1322,4,1326210884
53171,351,5861,3,1325979370
53172,351,4342,3,1325980108
53173,351,2527,5,1326027901
53174,351,2132,3,1328296749
53175,351,941,3,1328296552
53176,351,2410,2,1328269358
53177,351,1330,4,1325979227
53178,351,942,4,1326061752
53179,351,7018,3,1328296816
53180,351,7019,3,1328987979
53181,351,1940,3,1328296798
53182,351,1941,3,1325980260
53183,351,7020,4,1328296843
53184,351,7021,2,1328296849
53185,351,3486,3,1328296792
53186,351,3095,4,1326027883
53187,351,7022,3,1328296409
53188,351,249,4,1326027557
53189,351,7023,4,1328889324
53190,351,6528,3,1326026325
53191,351,7024,3,1326218739
53192,351,6032,2,1328296721
53193,351,6529,3,1328296577
53194,351,251,4,1328625626
53195,351,3632,3,1328296633
53196,351,7025,4,1328296773
53197,351,6840,3,1329655749
53198,352,4,5,1493931953
53199,352,5,5,1493931911
53200,352,16,4,1493931941
53201,352,17,5,1493931922
53202,352,233,5,1493931907
53203,352,600,4,1493932056
53204,352,21,5,1493932086
53205,352,29,5,1493931921
53206,352,1095,4,1493932047
53207,352,33,5,1493932117
53208,352,35,4,1493931966
53209,352,724,4,1493931975
53210,352,62,5,1493932092
53211,352,63,5,1493932013
53212,352,69,4,1493931935
53213,352,71,4,1493932037
53214,352,1029,4,1493931972
53215,352,72,3,1493931988
53216,352,75,3,1493931948
53217,352,76,5,1493931915
53218,352,79,4,1493931984
53219,352,84,5,1493932040
53220,352,2087,3,1493673973
53221,352,364,4,1493673687
53222,352,1484,3,1493673755
53223,352,1031,3,1493673515
53224,352,1168,3,1493673618
53225,352,100,4,1493673630
53226,352,102,2,1493673490
53227,352,1007,4,1493673819
53228,352,365,3,1493673680
53229,352,984,4,1493673624
53230,352,1008,5,1493673930
53231,352,106,4,1493673572
53232,352,366,3,1493673615
53233,352,108,3,1493673596
53234,352,729,3,1493673518
53235,352,1510,4,1493673658
53236,352,987,3,1493673937
53237,352,1511,2,1493673968
53238,352,234,3,1493673497
53239,352,1512,3,1493673806
53240,352,988,4,1493673487
53241,352,1169,4,1493673653
53242,352,109,4,1493673550
53243,352,1518,4,1493673861
53244,352,2463,3,1493673871
53245,352,2567,3,1493673893
53246,352,990,2,1493673758
53247,352,1532,3,1493673900
53248,352,379,3,1493673542
53249,352,1543,5,1493932110
53250,352,2905,4,1493932105
53251,352,1777,3,1493673635
53252,352,122,4,1493673474
53253,352,2184,4,1493673833
53254,352,1580,4,1493673846
53255,352,1037,4,1493673699
53256,352,273,5,1493932026
53257,352,2573,4,1493673978
53258,352,392,5,1493932019
53259,352,148,4,1493673530
53260,352,3290,4,1493673890
53261,352,150,2,1493673609
53262,352,2469,3,1493673850
53263,352,1607,4,1493673730
53264,352,1115,3,1493673744
53265,352,166,5,1493673590
53266,352,167,4,1493673464
53267,352,4154,4,1493673917
53268,352,1632,3,1493673722
53269,352,172,3,1493673510
53270,352,400,1,1493673538
53271,352,734,2,1493673663
53272,352,1179,4,1493673548
53273,352,401,5,1493673604
53274,352,402,4,1493673479
53275,352,185,5,1493673470
53276,352,2189,4,1493673760
53277,352,193,5,1493673467
53278,352,3231,4,1493674012
53279,352,198,3,1493673521
53280,352,201,4,1493673594
53281,352,414,4,1493673955
53282,352,1688,4,1493673901
53283,352,204,5,1493673534
53284,352,210,3,1493673840
53285,352,2511,3,1493673866
53286,352,737,3,1493673829
53287,352,1705,4,1493674005
53288,352,422,4,1493673586
53289,352,1012,4,1493673872
53290,352,1722,5,1494709981
53291,352,423,3,1493673601
53292,352,1040,3,1493673747
53293,352,1041,4,1493673704
53294,352,1042,4,1493673804
53295,352,220,4,1493673483
53296,352,1015,3,1493673694
53297,352,228,2,1493673963
53298,352,1187,3,1493673564
53299,352,1795,4,1493673671
53300,352,1188,3,1493673707
53301,352,229,3,1493673507
53302,352,1019,4,1493673735
53303,352,431,4,1493673752
53304,352,741,2,1493673575
53305,352,3309,3,1493674017
53306,352,1799,3,1493673924
53307,352,1022,5,1494710032
53308,352,434,4,1493673667
53309,352,743,3,1493673701
53310,352,1805,3,1493673676
53311,352,440,4,1493673584
53312,352,445,5,1493673494
53313,352,745,3,1493675362
53314,352,1126,3,1493931944
53315,352,754,5,1493675357
53316,352,765,5,1493675358
53317,352,1206,5,1493932042
53318,352,1046,5,1493931956
53319,352,771,4,1493675365
53320,352,1148,4,1493932097
53321,352,775,5,1493675360
53322,352,4989,3,1493674960
53323,352,2050,4,1493932060
53324,352,1237,3,1493674165
53325,352,807,3,1493674082
53326,352,809,4,1493674114
53327,352,812,4,1493674254
53328,352,1892,3,1493674230
53329,352,813,3,1493674368
53330,352,2052,3,1493674648
53331,352,4313,3,1493674782
53332,352,5753,2,1493675214
53333,352,1246,4,1493674363
53334,352,1248,3,1493674438
53335,352,1249,3,1493674342
53336,352,3372,4,1493674824
53337,352,1894,4,1493674128
53338,352,1895,3,1493674162
53339,352,2300,3,1493674299
53340,352,2976,1,1493674924
53341,352,1251,4,1493674062
53342,352,4516,3,1493675151
53343,352,5253,4,1493674893
53344,352,1897,3,1493674273
53345,352,820,3,1493675309
53346,352,2311,3,1493674415
53347,352,2128,4,1493674219
53348,352,1133,3,1493674108
53349,352,238,4,1493674070
53350,352,1052,3,1493674091
53351,352,825,3,1493674508
53352,352,2320,5,1493674158
53353,352,3079,4,1493674902
53354,352,5957,3,1493675000
53355,352,1262,4,1493674376
53356,352,900,4,1493674121
53357,352,2331,5,1493674557
53358,352,1905,3,1493674325
53359,352,3153,4,1493674448
53360,352,1264,4,1493674237
53361,352,1907,4,1493674370
53362,352,2335,4,1493674660
53363,352,2519,4,1493674144
53364,352,3154,3,1493674395
53365,352,903,3,1493674105
53366,352,3421,4,1493675018
53367,352,2059,3,1493674131
53368,352,2345,5,1493674768
53369,352,2346,5,1493674751
53370,352,2060,2,1493674788
53371,352,2347,4,1493674709
53372,352,1276,3,1493674420
53373,352,1909,3,1493674636
53374,352,2129,4,1493674445
53375,352,239,3,1493931929
53376,352,1055,3,1493674079
53377,352,1912,3,1493674242
53378,352,1056,5,1493674064
53379,352,1285,3,1493674388
53380,352,2064,3,1493674345
53381,352,2372,4,1493675078
53382,352,3083,4,1493674779
53383,352,913,2,1493674486
53384,352,2382,3,1493675121
53385,352,1058,5,1493674142
53386,352,914,3,1493674514
53387,352,2387,3,1493675129
53388,352,2066,3,1493674461
53389,352,5977,3,1493674963
53390,352,4326,1,1493675092
53391,352,241,5,1493674096
53392,352,1918,3,1493674611
53393,352,916,4,1493674074
53394,352,918,4,1493674211
53395,352,1299,4,1493675082
53396,352,1062,4,1493674801
53397,352,1301,3,1493674972
53398,352,4730,4,1493674845
53399,352,242,5,1493674169
53400,352,4173,2,1493675105
53401,352,922,4,1493674434
53402,352,927,5,1493674084
53403,352,1304,3,1493674517
53404,352,243,5,1493932050
53405,352,1308,4,1493674423
53406,352,1311,2,1493675009
53407,352,932,4,1493674322
53408,352,245,5,1493674058
53409,352,1315,4,1493674686
53410,352,1317,2,1493674736
53411,352,1931,3,1493674563
53412,352,2816,4,1493674457
53413,352,1933,2,1493674152
53414,352,1934,4,1493674211
53415,352,1935,3,1493675305
53416,352,3479,4,1493675013
53417,352,1065,2,1493674618
53418,352,1066,3,1493674311
53419,352,1327,4,1493674625
53420,352,2410,4,1493674643
53421,352,1939,4,1493674221
53422,352,3630,3,1493674663
53423,352,2821,4,1493674916
53424,352,3097,4,1493674691
53425,352,1333,2,1493675208
53426,352,1068,4,1493674208
53427,352,250,4,1493932030
53428,352,1943,3,1493674829
53429,352,251,4,1493674355
53430,352,6083,2,1493675096
53431,352,1945,2,1493674530
53432,352,2530,4,1493674497
53433,352,1069,4,1493674430
53434,352,3491,4,1493674402
53435,352,951,4,1493674295
53436,352,1070,3,1493674313
53437,352,2830,4,1493674351
53438,352,4734,3,1493674968
53439,352,1340,5,1493674533
53440,352,953,4,1493932034
53441,352,1343,5,1493674282
53442,352,4561,4,1493675300
53443,352,252,4,1493931978
53444,352,1071,4,1493674640
53445,352,3100,2,1493674993
53446,352,6938,4,1493675196
53447,352,1347,4,1493932102
53448,352,1960,4,1493674676
53449,352,1072,4,1493674543
53450,352,1349,3,1493920212
53451,352,3102,2,1493674934
53452,352,3639,4,1493675166
53453,352,1967,4,1493674949
53454,352,1073,5,1493932022
53455,352,1352,5,1493932082
53456,352,1074,4,1493674683
53457,352,3104,4,1493674810
53458,352,960,2,1493674468
53459,352,253,5,1493674204
53460,352,3106,4,1493674746
53461,352,1980,2,1493674775
53462,352,254,5,1493674112
53463,352,4710,3,1493675317
53464,352,6115,2,1493675147
53465,352,1076,5,1493932009
53466,352,1993,2,1493674859
53467,352,255,4,1493674304
53468,352,1077,4,1493674235
53469,352,1995,4,1493674704
53470,352,3111,4,1493674835
53471,352,1079,4,1493674729
53472,352,3112,4,1493674763
53473,352,1998,4,1493674292
53474,352,257,4,1493674289
53475,352,1363,4,1493674526
53476,352,2001,3,1493920235
53477,352,3114,5,1493674673
53478,352,967,4,1493674412
53479,352,258,3,1493674251
53480,352,1082,2,1493674280
53481,352,2542,4,1493674689
53482,352,4799,2,1493675273
53483,352,5041,1,1493675191
53484,352,1085,5,1493674140
53485,352,2016,4,1493674839
53486,352,2848,4,1493931961
53487,352,1372,4,1493932113
53488,352,1373,5,1493674538
53489,352,1088,4,1493675263
53490,352,1391,3,1493674742
53491,352,1092,4,1493675059
53492,353,1,5,831939685
53493,353,482,4,831939875
53494,353,484,3,831939914
53495,353,3,4,831939947
53496,353,5018,3,831940313
53497,353,487,3,831939669
53498,353,488,4,831939792
53499,353,493,4,831939775
53500,353,494,5,831939991
53501,353,496,4,831939875
53502,353,293,5,831939731
53503,353,461,5,831939731
53504,353,463,1,831939750
53505,353,4,5,831939731
53506,353,2664,3,831940600
53507,353,6,4,831940127
53508,353,8,3,831939713
53509,353,521,5,831940093
53510,353,2544,3,831940167
53511,353,2545,4,831940193
53512,353,526,3,831940036
53513,353,465,3,831939590
53514,353,528,3,831939843
53515,353,530,2,831939750
53516,353,531,5,831939685
53517,353,11,3,831939991
53518,353,532,5,831939669
53519,353,533,3,831939843
53520,353,1027,2,831939875
53521,353,1405,3,831939826
53522,353,538,4,831940495
53523,353,540,4,831939699
53524,353,541,5,831939806
53525,353,545,3,831939826
53526,353,3001,3,831940193
53527,353,547,2,831939843
53528,353,12,3,831940012
53529,353,305,1,831939970
53530,353,13,5,831939914
53531,353,558,3,831939713
53532,353,5556,3,831940234
53533,353,14,4,831939685
53534,353,560,2,831940012
53535,353,561,3,831939775
53536,353,562,4,831939914
53537,353,2425,5,831939897
53538,353,466,3,831939699
53539,353,571,3,831939897
53540,353,468,3,831939731
53541,353,575,3,831940144
53542,353,5693,2,831940260
53543,353,3052,5,831940050
53544,353,585,3,831939713
53545,353,588,4,831939699
53546,353,589,5,831939875
53547,353,17,5,831939568
53548,353,597,3,831939792
53549,353,18,3,831939669
53550,353,233,5,831939590
53551,353,309,5,831940108
53552,353,1408,4,831940220
53553,353,601,2,831940409
53554,353,19,5,831939914
53555,353,606,3,831940286
53556,353,471,5,831939590
53557,353,20,4,831939590
53558,353,611,3,831940468
53559,353,613,2,831940569
53560,353,472,4,831940209
53561,353,23,3,831940260
53562,353,473,3,831939568
53563,353,2548,2,831940050
53564,353,1414,1,831939775
53565,353,1156,4,831940012
53566,353,633,3,831939750
53567,353,634,3,831939685
53568,353,635,2,831939792
53569,353,1157,2,831940398
53570,353,639,4,831940220
53571,353,26,5,831940127
53572,353,320,3,831940286
53573,353,31,2,831940625
53574,353,32,4,831939806
53575,353,1158,4,831939934
53576,353,2501,2,831940432
53577,353,323,3,831939590
53578,353,33,4,831939568
53579,353,34,4,831939568
53580,353,35,5,831940167
53581,353,324,4,831939669
53582,354,487,3,1200870391
53583,354,293,4,1200870157
53584,354,461,3,1200870571
53585,354,972,3,1200865357
53586,354,4,4,1200870867
53587,354,5,4,1200869832
53588,354,6,4,1200953640
53589,354,1094,4,1200870694
53590,354,464,4,1200870197
53591,354,532,4,1200870149
53592,354,540,3,1200870520
53593,354,558,3,1200953374
53594,354,16,4,1200870112
53595,354,17,4,1200870076
53596,354,233,4,1200869826
53597,354,471,2,1200870094
53598,354,611,3,1200953102
53599,354,21,4,1200869968
53600,354,314,4,1200870537
53601,354,622,4,1200870226
53602,354,473,4,1200870155
53603,354,639,3,1200870757
53604,354,26,3,1200870101
53605,354,643,3,1200953389
53606,354,27,4,1200870194
53607,354,320,4,1200952954
53608,354,29,4,1200869818
53609,354,477,4,1200865454
53610,354,828,3,1200870590
53611,354,323,3,1200870144
53612,354,479,4,1200870466
53613,354,34,4,1200870234
53614,354,35,4,1200870268
53615,354,481,3,1200870472
53616,354,38,4,1200870229
53617,354,41,4,1200870448
53618,354,723,3,1200953061
53619,354,43,3,1200941483
53620,354,1028,4,1200869809
53621,354,1438,4,1200953304
53622,354,724,3,1200870595
53623,354,1775,4,1200953203
53624,354,1135,4,1200870351
53625,354,832,3,1200865449
53626,354,63,4,1200870772
53627,354,65,3,1200953474
53628,354,266,4,1200865438
53629,354,66,4,1200870671
53630,354,725,4,1200870886
53631,354,69,4,1200870600
53632,354,1103,4,1200953294
53633,354,2396,4,1200953210
53634,354,73,3,1200870664
53635,354,74,4,1200870086
53636,354,76,4,1200870323
53637,354,77,4,1200952862
53638,354,79,3,1200952972
53639,354,354,4,1200941432
53640,354,2079,4,1200953127
53641,354,82,4,1200870553
53642,354,85,4,1200866267
53643,354,86,4,1200870461
53644,354,1461,4,1200865348
53645,354,1472,3,1200865486
53646,354,1474,4,1200952938
53647,354,2420,3,1200870529
53648,354,94,2,1200953282
53649,354,1476,4,1200870846
53650,354,1031,4,1200870372
53651,354,100,3,1200941467
53652,354,1494,4,1200953483
53653,354,101,4,1200870911
53654,354,102,3,1200870190
53655,354,727,4,1200870455
53656,354,984,3,1200870943
53657,354,728,3,1200869983
53658,354,106,3,1200869913
53659,354,1009,4,1200941471
53660,354,1501,3,1200953160
53661,354,108,4,1200941446
53662,354,729,4,1200870543
53663,354,234,4,1200870221
53664,354,988,4,1200870242
53665,354,1514,3,1200865334
53666,354,109,4,1200941462
53667,354,1516,4,1200953491
53668,354,996,3,1200952896
53669,354,731,3,1200870325
53670,354,379,4,1200870532
53671,354,116,4,1200870921
53672,354,1171,4,1200870443
53673,354,382,4,1200870788
53674,354,2905,4,1200952925
53675,354,118,3,1200870581
53676,354,1544,4,1200953077
53677,354,1777,3,1200941437
53678,354,836,3,1200941533
53679,354,122,3,1200870105
53680,354,134,3,1200953453
53681,354,135,3,1200870626
53682,354,141,4,1200953392
53683,354,1575,3,1200953001
53684,354,145,3,1200869880
53685,354,1037,4,1200953461
53686,354,1597,4,1200870858
53687,354,392,4,1200870723
53688,354,148,4,1200870720
53689,354,1861,3,1200865587
53690,354,274,4,1200953137
53691,354,1618,3,1200953299
53692,354,160,3,1200953106
53693,354,163,4,1200870675
53694,354,1010,4,1200953582
53695,354,167,4,1200870395
53696,354,1001,4,1200953334
53697,354,1632,3,1200865393
53698,354,172,3,1200870733
53699,354,179,4,1200870668
53700,354,1641,3,1200941489
53701,354,180,2,1200870658
53702,354,734,3,1200953119
53703,354,1179,4,1200870341
53704,354,1643,3,1200870401
53705,354,181,4,1200870168
53706,354,402,3,1200870343
53707,354,403,4,1200871011
53708,354,185,4,1200870259
53709,354,188,3,1200870407
53710,354,190,4,1200869887
53711,354,192,3,1200865477
53712,354,193,4,1200870129
53713,354,194,4,1200941508
53714,354,195,4,1200870212
53715,354,198,3,1200870179
53716,354,199,3,1200952984
53717,354,204,3,1200869917
53718,354,206,4,1200870814
53719,354,1185,4,1200869950
53720,354,211,3,1200865464
53721,354,1722,2,1200870804
53722,354,218,3,1200953457
53723,354,219,4,1200870806
53724,354,220,3,1200869975
53725,354,221,3,1200953619
53726,354,738,2,1200870496
53727,354,1015,3,1200953132
53728,354,229,4,1200870200
53729,354,1017,3,1200865508
53730,354,1765,3,1200953532
53731,354,278,4,1200952921
53732,354,741,3,1200870298
53733,354,742,3,1200870697
53734,354,432,4,1200870204
53735,354,743,3,1200953046
53736,354,437,3,1200870386
53737,354,446,4,1200953449
53738,354,447,3,1200870637
53739,354,1191,4,1200953037
53740,354,745,4,1200870124
53741,354,1814,4,1200953516
53742,354,868,3,1200953026
53743,354,1823,3,1200953007
53744,354,1825,4,1200953144
53745,354,1125,4,1200870508
53746,354,753,3,1200870312
53747,354,1126,4,1200870239
53748,354,755,4,1200870376
53749,354,756,3,1200870918
53750,354,757,4,1200870136
53751,354,758,3,1200870646
53752,354,1199,4,1200869944
53753,354,759,3,1200870121
53754,354,760,3,1200870824
53755,354,1202,4,1200870549
53756,354,1203,4,1200870783
53757,354,1204,4,1200869908
53758,354,857,4,1200953065
53759,354,766,4,1200870427
53760,354,3616,3,1200952541
53761,354,3189,2,1200953469
53762,354,3191,3,1200941414
53763,354,769,1,1200865320
53764,354,1209,3,1200952932
53765,354,2235,3,1200953018
53766,354,235,4,1200865291
53767,354,773,2,1200870898
53768,354,3261,4,1200953525
53769,354,1218,4,1200870482
53770,354,1047,3,1200869959
53771,354,1130,4,1200870302
53772,354,1048,4,1200870294
53773,354,885,3,1200953597
53774,354,886,3,1200953359
53775,354,779,3,1200870514
53776,354,1226,3,1200953356
53777,354,2048,4,1200870730
53778,354,887,4,1200953152
53779,354,2049,3,1200870503
53780,354,1049,3,1200870738
53781,354,784,4,1200870331
53782,354,1229,2,1200953319
53783,354,793,4,1200953312
53784,354,795,4,1200870587
53785,354,2050,4,1200865500
53786,354,801,4,1200952960
53787,354,2286,4,1200870924
53788,354,809,4,1200870775
53789,354,895,3,1200953032
53790,354,1892,3,1200952977
53791,354,813,4,1200953377
53792,354,2127,3,1200870714
53793,354,2975,3,1200865668
53794,354,2300,2,1200941397
53795,354,1251,3,1200870680
53796,354,1896,4,1200953554
53797,354,3385,4,1200953521
53798,354,2316,3,1200870263
53799,354,238,4,1200870273
53800,354,824,4,1200870318
53801,354,3395,0,1200870015
53802,354,900,3,1200869930
53803,354,2979,4,1200941421
53804,354,1905,4,1200870751
53805,354,2057,4,1200869855
53806,354,1269,4,1200870629
53807,354,1054,3,1200941403
53808,355,503,3,974966167
53809,355,18,4,974965550
53810,355,598,3,974966225
53811,355,23,3,974966167
53812,355,27,3,974965550
53813,355,40,3,974966167
53814,355,3694,5,974965256
53815,355,3728,5,974966389
53816,355,335,4,974966389
53817,355,1441,4,974966389
53818,355,2997,4,974966389
53819,355,1444,5,974966389
53820,355,71,5,974965256
53821,355,102,4,974965636
53822,355,988,4,974965199
53823,355,1526,3,974966225
53824,355,272,3,974966389
53825,355,131,4,974965782
53826,355,172,5,974965782
53827,355,1667,3,974965256
53828,355,188,5,974965550
53829,355,1181,4,974965307
53830,355,1676,3,974966389
53831,355,416,4,974965550
53832,355,1700,4,974965782
53833,355,1735,4,974966389
53834,356,292,3,1229140823
53835,356,5,3,1229142733
53836,356,505,4,1229142896
53837,356,7,3,1229139373
53838,356,519,3,1232430472
53839,356,525,4,1229143606
53840,356,528,3,1232430731
53841,356,533,3,1232430755
53842,356,538,4,1229140778
53843,356,2424,3,1228072684
53844,356,550,4,1229142846
53845,356,12,3,1228072586
53846,356,13,3,1229140093
53847,356,468,4,1232430506
53848,356,18,4,1232430002
53849,356,233,4,1229142703
53850,356,604,4,1232430496
53851,356,471,1,1229143217
53852,356,20,3,1229143220
53853,356,21,4,1229140516
53854,356,473,3,1229143204
53855,356,25,4,1229140337
53856,356,639,3,1232430065
53857,356,26,4,1229143106
53858,356,648,2,1232430711
53859,356,28,4,1232430007
53860,356,975,4,1232431020
53861,356,1095,4,1229142859
53862,356,30,5,1232430749
53863,356,32,4,1232430574
53864,356,263,5,1228072581
53865,356,41,4,1229142779
53866,356,1097,5,1228073145
53867,356,1160,4,1229139323
53868,356,697,2,1232430722
53869,356,332,4,1232431178
53870,356,336,5,1228072996
53871,356,2997,4,1228072704
53872,356,56,5,1228072769
53873,356,1135,3,1232430070
53874,356,62,5,1229139859
53875,356,63,5,1228073067
53876,356,68,4,1229139732
53877,356,1100,5,1228073147
53878,356,70,4,1229139792
53879,356,71,4,1229142749
53880,356,72,4,1229142952
53881,356,73,5,1228073085
53882,356,78,5,1229140166
53883,356,79,4,1229143535
53884,356,1105,5,1228073162
53885,356,1139,4,1228073039
53886,356,2900,4,1228072625
53887,356,726,5,1229143549
53888,356,865,5,1228073157
53889,356,1454,5,1229139409
53890,356,356,3,1229139840
53891,356,85,4,1229140015
53892,356,86,5,1229140089
53893,356,90,4,1229142830
53894,356,866,4,1229140292
53895,356,978,4,1232430629
53896,356,1479,4,1228072671
53897,356,364,4,1232431150
53898,356,1484,5,1228072609
53899,356,98,5,1229140068
53900,356,1031,5,1229143251
53901,356,101,4,1229143391
53902,356,727,3,1232430302
53903,356,728,4,1229143257
53904,356,1009,4,1229140704
53905,356,366,4,1229140345
53906,356,1032,4,1229143682
53907,356,108,3,1232430643
53908,356,729,3,1229143455
53909,356,234,4,1229142888
53910,356,109,5,1229139389
53911,356,369,4,1229139416
53912,356,1515,4,1229140949
53913,356,110,4,1232430704
53914,356,730,4,1229140504
53915,356,2091,4,1229139637
53916,356,379,3,1229141038
53917,356,382,3,1229142958
53918,356,119,4,1232431186
53919,356,836,4,1232430491
53920,356,120,4,1232430460
53921,356,122,4,1229142773
53922,356,135,3,1229143460
53923,356,1572,3,1228072598
53924,356,2570,4,1229142976
53925,356,1584,4,1229139867
53926,356,147,4,1232430467
53927,356,1597,3,1229139650
53928,356,150,3,1229143513
53929,356,395,4,1229142095
53930,356,154,3,1229139922
53931,356,163,3,1229139911
53932,356,166,4,1229139906
53933,356,167,4,1229142739
53934,356,1001,4,1232431172
53935,356,168,4,1229140184
53936,356,169,4,1229139560
53937,356,399,3,1229143520
53938,356,178,5,1229143683
53939,356,732,3,1232430923
53940,356,179,5,1232430617
53941,356,1179,3,1229142931
53942,356,401,3,1229143556
53943,356,181,5,1229140308
53944,356,735,4,1228072628
53945,356,402,4,1229143158
53946,356,183,4,1229143324
53947,356,1653,4,1229139853
53948,356,185,4,1229142744
53949,356,1180,5,1229139958
53950,356,193,5,1229142810
53951,356,1669,5,1229140448
53952,356,198,4,1229139807
53953,356,201,4,1229140805
53954,356,412,3,1229140060
53955,356,3139,4,1229139767
53956,356,204,4,1229143342
53957,356,415,4,1232431038
53958,356,1121,3,1229139627
53959,356,2196,3,1228072745
53960,356,2599,4,1228072741
53961,356,277,4,1229140298
53962,356,209,4,1229141088
53963,356,2494,4,1229139741
53964,356,2403,4,1228072634
53965,356,1718,5,1229140036
53966,356,1122,4,1228073165
53967,356,1144,5,1228072749
53968,356,215,4,1229140762
53969,356,1722,3,1232430688
53970,356,1724,5,1229142527
53971,356,423,4,1229139965
53972,356,2606,5,1228072894
53973,356,220,4,1229142826
53974,356,738,3,1229143338
53975,356,1016,4,1229143508
53976,356,229,3,1229143154
53977,356,230,5,1242881849
53978,356,4687,4,1229140730
53979,356,1796,5,1242881753
53980,356,429,5,1229139953
53981,356,278,5,1228073019
53982,356,741,2,1229143200
53983,356,742,4,1229143431
53984,356,432,3,1232430107
53985,356,1022,4,1229139981
53986,356,437,4,1229139935
53987,356,440,4,1232430556
53988,356,445,5,1228072953
53989,356,2631,4,1229139457
53990,356,2634,5,1229140394
53991,356,747,3,1229143565
53992,356,454,3,1229139962
53993,356,5354,5,1229139425
53994,356,1125,5,1229143293
53995,356,1126,5,1228073344
53996,356,1832,4,1229139434
53997,356,754,3,1229142838
53998,356,755,3,1229143096
53999,356,2220,3,1229143592
54000,356,7026,3,1229139708
54001,356,1837,5,1229140559
54002,356,1838,3,1229141082
54003,356,3183,4,1229141960
54004,356,757,3,1229143321
54005,356,870,3,1229140027
54006,356,1199,3,1229143452
54007,356,759,3,1229143312
54008,356,762,3,1229143480
54009,356,2227,4,1229140613
54010,356,2045,4,1229139406
54011,356,763,4,1229143475
54012,356,4114,4,1229140388
54013,356,5392,5,1229142420
54014,356,2046,3,1229139558
54015,356,4165,5,1242881688
54016,356,856,4,1229139365
54017,356,765,3,1229142865
54018,356,766,3,1229143174
54019,356,4851,5,1229142626
54020,356,4504,4,1229139513
54021,356,3189,3,1229141077
54022,356,768,3,1229143177
54023,356,769,4,1229143287
54024,356,6155,4,1229139533
54025,356,1210,4,1229143470
54026,356,771,3,1232430475
54027,356,4123,2,1229139803
54028,356,3258,3,1229140491
54029,356,2514,4,1229140359
54030,356,1215,3,1229139358
54031,356,772,3,1229143438
54032,356,5421,3,1229140192
54033,356,773,4,1229143345
54034,356,878,3,1229140355
54035,356,7027,5,1229140045
54036,356,3341,4,1229140542
54037,356,774,3,1229143596
54038,356,775,3,1229142925
54039,356,1221,5,1229139783
54040,356,5430,4,1232429848
54041,356,1130,5,1229139748
54042,356,3573,4,1231029929
54043,356,1048,3,1232430761
54044,356,3348,5,1229140637
54045,356,783,2,1232430933
54046,356,1049,4,1229143441
54047,356,784,4,1229143570
54048,356,1228,4,1229143427
54049,356,4245,5,1229139553
54050,356,2266,5,1229139941
54051,356,3354,4,1229139694
54052,356,1229,3,1229141085
54053,356,792,4,1229140022
54054,356,3150,4,1229140476
54055,356,3364,3,1229140623
54056,356,803,4,1229139447
54057,356,807,3,1229143136
54058,356,2286,3,1229143531
54059,356,810,5,1229143098
54060,356,5190,3,1229139523
54061,356,7028,3,1229140814
54062,356,2052,3,1229140295
54063,356,6510,2,1229139671
54064,356,2127,5,1229140585
54065,356,5025,4,1229139927
54066,356,3780,5,1229142463
54067,356,1246,2,1229139539
54068,356,1249,5,1228073804
54069,356,2294,4,1229140144
54070,356,897,4,1229143501
54071,356,6772,4,1229140656
54072,356,2300,2,1229143525
54073,356,1251,3,1229143126
54074,356,2307,5,1229139889
54075,356,7029,5,1229140843
54076,356,4248,4,1229140974
54077,356,817,3,1229143369
54078,356,1256,5,1228072663
54079,356,2055,4,1229139819
54080,356,3512,2,1242881864
54081,356,4860,3,1229139485
54082,356,3393,5,1231363184
54083,356,2316,2,1229140596
54084,356,238,4,1229143231
54085,356,7030,4,1229140932
54086,356,1051,5,1229142601
54087,356,824,4,1229143238
54088,356,2326,4,1229139877
54089,356,900,3,1229143264
54090,356,3404,1,1228073339
54091,356,1905,3,1229140430
54092,356,3407,3,1229141061
54093,356,6679,3,1229140216
54094,356,2058,5,1229140108
54095,356,6513,3,1229142299
54096,356,1271,4,1229143046
54097,356,3806,4,1229140273
54098,356,2520,5,1229140239
54099,356,3423,3,1229142136
54100,356,904,3,1229143083
54101,356,5026,4,1229140001
54102,356,2062,4,1229140058
54103,356,2349,5,1229143164
54104,356,1279,4,1229139813
54105,356,3432,3,1229142321
54106,356,7031,3,1231363780
54107,356,239,5,1229143278
54108,356,1911,3,1229140223
54109,356,7032,5,1229140136
54110,356,1056,3,1231363697
54111,356,6355,5,1229151894
54112,356,240,3,1229142356
54113,356,2130,4,1229140372
54114,356,2131,3,1229140573
54115,356,2064,5,1228073421
54116,356,1287,5,1228073384
54117,356,1916,4,1231987537
54118,356,1288,4,1228073446
54119,356,1290,3,1231028655
54120,356,914,4,1242881742
54121,356,6293,3,1231028759
54122,356,3084,3,1242881182
54123,357,1,5,1348610184
54124,357,482,3,1348611277
54125,357,488,3,1348612270
54126,357,491,3,1348610125
54127,357,492,5,1348612178
54128,357,493,2,1348612202
54129,357,461,4,1348611388
54130,357,462,3,1348610447
54131,357,463,4,1348612128
54132,357,5,5,1348610163
54133,357,505,3,1348612191
54134,357,1403,3,1348627093
54135,357,8,4,1348611162
54136,357,1094,3,1348611104
54137,357,525,3,1348612150
54138,357,464,3,1348610242
54139,357,465,2,1348611273
54140,357,545,2,1348628318
54141,357,550,3,1348612100
54142,357,13,3,1348612168
54143,357,2425,4,1348610492
54144,357,466,4,1348612110
54145,357,16,4,1348611022
54146,357,574,4,1348627634
54147,357,581,4,1348627089
54148,357,17,4,1348609971
54149,357,470,3,1348611695
54150,357,591,3,1348627086
54151,357,233,4,1348610455
54152,357,604,3,1348612285
54153,357,605,3,1348628220
54154,357,21,3,1348611168
54155,357,314,4,1348612114
54156,357,472,3,1348610280
54157,357,474,3,1348612260
54158,357,637,3,1348612254
54159,357,25,5,1348627681
54160,357,2426,3,1348627082
54161,357,475,4,1348612266
54162,357,27,4,1348612039
54163,357,28,3,1348612073
54164,357,657,4,1348612257
54165,357,320,3,1348612288
54166,357,661,4,1348627077
54167,357,29,5,1348611147
54168,357,975,3,1348611719
54169,357,322,3,1348611573
54170,357,1420,5,1348610694
54171,357,32,5,1348611206
54172,357,828,4,1348612117
54173,357,671,3,1348611267
54174,357,323,4,1348610257
54175,357,479,3,1348611029
54176,357,33,3,1348612053
54177,357,34,3,1348612045
54178,357,35,4,1348610433
54179,357,480,4,1348612277
54180,357,324,4,1348610704
54181,357,36,4,1348627644
54182,357,481,4,1348611264
54183,357,37,4,1348610389
54184,357,675,4,1348612365
54185,357,1424,4,1348627071
54186,357,1096,3,1348611091
54187,357,326,3,1348627065
54188,357,1426,3,1348628308
54189,357,1160,3,1348612182
54190,357,43,4,1348612049
54191,357,1431,3,1348612237
54192,357,328,3,1348609796
54193,357,1028,5,1348610443
54194,357,330,4,1348609811
54195,357,331,5,1348610852
54196,357,265,4,1348610398
54197,357,1441,3,1348610981
54198,357,3730,5,1348611846
54199,357,45,4,1348610304
54200,357,337,5,1348610673
54201,357,3543,5,1348610665
54202,357,2395,5,1348610697
54203,357,3010,3,1348610984
54204,357,1774,4,1348627557
54205,357,2446,3,1348627043
54206,357,863,4,1348610883
54207,357,54,4,1348627649
54208,357,1775,4,1348610855
54209,357,58,4,1348628300
54210,357,1162,4,1348627227
54211,357,60,4,1348611862
54212,357,61,3,1348610339
54213,357,62,5,1348610370
54214,357,344,4,1348627752
54215,357,63,3,1348610159
54216,357,3170,3,1348611991
54217,357,66,3,1348611260
54218,357,725,4,1348612212
54219,357,2428,5,1348610658
54220,357,68,4,1348610396
54221,357,3608,3,1348610501
54222,357,69,4,1348611032
54223,357,70,4,1348610271
54224,357,71,4,1348610298
54225,357,72,4,1348610009
54226,357,1104,5,1348611733
54227,357,73,3,1348611143
54228,357,74,4,1348610216
54229,357,75,5,1348612143
54230,357,77,4,1348611077
54231,357,78,3,1348612245
54232,357,1137,5,1348610451
54233,357,80,3,1348611833
54234,357,354,5,1348611750
54235,357,2416,3,1348609767
54236,357,2900,4,1348612385
54237,357,2397,5,1348611151
54238,357,726,5,1348612240
54239,357,865,4,1348610996
54240,357,1107,3,1348610764
54241,357,1454,4,1348626877
54242,357,84,5,1348610154
54243,357,356,4,1348610232
54244,357,85,4,1348610392
54245,357,1110,4,1348611109
54246,357,1455,4,1348610926
54247,357,86,4,1348610205
54248,357,2177,4,1348628295
54249,357,1111,5,1348611793
54250,357,89,3,1348611698
54251,357,1456,5,1348627812
54252,357,2146,4,1348612339
54253,357,90,3,1348610275
54254,357,866,4,1348611547
54255,357,1461,3,1348610795
54256,357,1464,4,1348610631
54257,357,2903,4,1348610792
54258,357,977,2,1348628292
54259,357,2418,4,1348610508
54260,357,1472,3,1348609786
54261,357,1474,4,1348611892
54262,357,3284,2,1348628794
54263,357,2147,4,1348612206
54264,357,2420,4,1348612186
54265,357,1475,5,1348611821
54266,357,1476,3,1348612303
54267,357,3016,4,1348609851
54268,357,363,5,1348609821
54269,357,98,2,1348610465
54270,357,2563,3,1348628126
54271,357,99,3,1348612173
54272,357,102,3,1348612069
54273,357,727,3,1348611254
54274,357,1498,4,1348611648
54275,357,729,3,1348611902
54276,357,234,5,1348611876
54277,357,988,4,1348611252
54278,357,4060,2,1348628750
54279,357,110,3,1348628277
54280,357,730,3,1348610336
54281,357,375,4,1348627919
54282,357,731,3,1348612188
54283,357,379,4,1348612146
54284,357,380,5,1348610861
54285,357,4878,4,1348611771
54286,357,3225,4,1348612018
54287,357,4175,4,1348627695
54288,357,1171,4,1348612135
54289,357,3503,2,1348611984
54290,357,382,4,1348610406
54291,357,1543,3,1348610798
54292,357,7033,2,1348628820
54293,357,2905,4,1348610803
54294,357,119,4,1348628273
54295,357,836,4,1348612248
54296,357,120,4,1348611249
54297,357,3060,4,1348611745
54298,357,122,4,1348612063
54299,357,126,3,1348612300
54300,357,2678,4,1348610488
54301,357,3024,5,1348609829
54302,357,384,3,1348610015
54303,357,272,3,1348627530
54304,357,1035,5,1348627575
54305,357,1780,3,1348609778
54306,357,998,3,1348611566
54307,357,135,4,1348612216
54308,357,1570,3,1348609834
54309,357,137,4,1348627549
54310,357,1572,4,1348627028
54311,357,2040,5,1348609771
54312,357,142,4,1348612219
54313,357,1584,5,1348610350
54314,357,147,4,1348610342
54315,357,392,4,1348611158
54316,357,148,4,1348610472
54317,357,2575,3,1348609806
54318,357,1601,3,1348610328
54319,357,1609,3,1348610326
54320,357,4147,4,1348611367
54321,357,999,3,1348628259
54322,357,1000,3,1348609840
54323,357,2471,3,1348612319
54324,357,163,4,1348610363
54325,357,1784,3,1348610865
54326,357,1002,4,1348627944
54327,357,399,4,1348627836
54328,357,172,3,1348612089
54329,357,178,3,1348628256
54330,357,400,3,1348612139
54331,357,2094,5,1348609824
54332,357,180,4,1348612295
54333,357,1179,3,1348612165
54334,357,1643,4,1348612234
54335,357,181,4,1348610402
54336,357,3068,5,1348609848
54337,357,1648,3,1348627014
54338,357,402,5,1348610119
54339,357,183,4,1348610345
54340,357,1653,5,1348610367
54341,357,185,3,1348611800
54342,357,5066,4,1348610889
54343,357,1180,4,1348610353
54344,357,193,4,1348610002
54345,357,1669,3,1348627008
54346,357,195,3,1348610422
54347,357,1142,3,1348627005
54348,357,5772,4,1348611394
54349,357,2192,5,1348609844
54350,357,736,5,1348610261
54351,357,204,4,1348612242
54352,357,207,3,1348628096
54353,357,208,3,1348628242
54354,357,2200,3,1348612350
54355,357,418,3,1348611300
54356,357,2492,4,1348611585
54357,357,2690,3,1348610067
54358,357,2205,3,1348611742
54359,357,2403,3,1348609755
54360,357,1712,3,1348609792
54361,357,215,3,1348612553
54362,357,423,3,1348610385
54363,357,1792,4,1348610904
54364,357,2122,4,1348610949
54365,357,220,4,1348610220
54366,357,429,5,1348611871
54367,357,430,4,1348610322
54368,357,740,3,1348626997
54369,357,743,2,1348628236
54370,357,1043,4,1348610652
54371,357,437,5,1348610227
54372,357,440,3,1348610130
54373,357,1875,3,1348628038
54374,357,3312,2,1348611623
54375,357,6361,3,1348628146
54376,357,3241,4,1348611597
54377,357,447,4,1348628421
54378,357,745,4,1348610191
54379,357,7034,2,1348610074
54380,357,2634,4,1348612024
54381,357,747,4,1348628615
54382,357,868,4,1348626994
54383,357,6614,2,1348628089
54384,357,7035,3,1348628075
54385,357,4229,3,1348628066
54386,357,749,4,1348627975
54387,357,1044,4,1348610635
54388,357,1829,4,1348610020
54389,357,4950,4,1348610880
54390,357,1125,5,1348610025
54391,357,752,4,1348610188
54392,357,458,3,1348611787
54393,357,753,4,1348612199
54394,357,1832,3,1348610375
54395,357,755,4,1348612227
54396,357,1198,3,1348610049
54397,357,1842,4,1348628230
54398,357,759,4,1348610418
54399,357,761,4,1348610439
54400,357,762,3,1348611289
54401,357,2045,3,1348611380
54402,357,871,3,1348611630
54403,357,1202,2,1348610496
54404,357,764,4,1348627457
54405,357,1204,4,1348611042
54406,357,873,2,1348611617
54407,357,766,4,1348610475
54408,357,767,4,1348626984
54409,357,874,3,1348611612
54410,357,3192,4,1348610640
54411,357,2958,3,1348610043
54412,357,3193,4,1348612791
54413,357,876,4,1348610194
54414,357,5285,5,1348610540
54415,357,5213,1,1348628713
54416,357,1046,4,1348610808
54417,357,3662,4,1348627995
54418,357,7036,4,1348612802
54419,357,1148,3,1348610427
54420,357,5423,3,1348612650
54421,357,878,4,1348610655
54422,357,2247,1,1348627713
54423,357,6650,3,1348628083
54424,357,5218,5,1348628496
54425,357,1218,3,1348610709
54426,357,775,3,1348612121
54427,357,1047,4,1348611285
54428,357,1130,5,1348611054
54429,357,2517,4,1348627951
54430,357,885,4,1348627895
54431,357,3599,5,1348611002
54432,357,6159,4,1348612868
54433,357,779,3,1348610869
54434,357,780,4,1348610726
54435,357,2048,4,1348612620
54436,357,7037,5,1348610734
54437,357,1228,4,1348610331
54438,357,5007,4,1348612839
54439,357,1230,4,1348610032
54440,357,795,4,1348610199
54441,357,7038,4,1348612877
54442,357,4888,5,1348610898
54443,357,6660,4,1348627535
54444,357,4300,5,1348612851
54445,357,6942,5,1348628382
54446,357,7039,4,1348612595
54447,357,1237,3,1348626978
54448,357,892,3,1348611641
54449,357,1150,5,1348610202
54450,357,3367,5,1348612625
54451,357,810,4,1348611280
54452,357,814,4,1348627729
54453,357,5860,5,1348610524
54454,357,896,5,1348611359
54455,357,1894,4,1348626973
54456,357,2307,3,1348628416
54457,357,818,3,1348627506
54458,357,1256,4,1348610358
54459,357,2055,4,1348610741
54460,357,3392,5,1348612612
54461,357,238,4,1348610145
54462,357,1052,4,1348610141
54463,357,824,3,1348610237
54464,357,2320,4,1348627473
54465,357,1262,4,1348610460
54466,357,3404,3,1348610895
54467,357,1905,4,1348628341
54468,357,7040,4,1348612860
54469,357,2519,4,1348627419
54470,357,2338,4,1348611193
54471,357,1274,5,1348627110
54472,357,2343,5,1348611232
54473,357,1054,4,1348628330
54474,357,3427,4,1348610831
54475,357,904,4,1348611894
54476,357,4524,4,1348627288
54477,357,905,3,1348611606
54478,357,239,4,1348626968
54479,357,7041,3,1348612638
54480,357,2063,3,1348612843
54481,357,3447,5,1348610515
54482,357,2066,4,1348610717
54483,357,916,3,1348610290
54484,357,1297,3,1348628428
54485,357,1060,3,1348611527
54486,357,918,4,1348612014
54487,357,922,4,1348612664
54488,357,927,4,1348627480
54489,357,7042,4,1348627627
54490,357,7043,5,1348627622
54491,357,243,4,1348610036
54492,357,1134,4,1348610285
54493,357,5627,4,1348627522
54494,357,245,4,1348610148
54495,357,1153,4,1348612658
54496,357,246,4,1348627749
54497,357,933,4,1348627859
54498,357,2816,4,1348627438
54499,357,1934,5,1348611823
54500,357,1939,5,1348612400
54501,357,942,4,1348611538
54502,357,1068,4,1348626935
54503,357,250,4,1348626808
54504,357,7044,4,1348610504
54505,357,7045,4,1348611468
54506,358,2413,3,1339539265
54507,358,332,4,1339546344
54508,358,988,5,1339546519
54509,358,1572,3,1339539145
54510,358,7046,1,1339545476
54511,358,149,1,1339539232
54512,358,1609,4,1339546353
54513,358,1001,4,1339546490
54514,358,1183,4,1339546454
54515,358,867,3,1339539236
54516,358,451,4,1339546137
54517,358,869,5,1339546521
54518,358,1047,3,1339546402
54519,358,5005,4,1339539563
54520,358,883,4,1339546508
54521,358,1130,4,1339546298
54522,358,888,4,1339546364
54523,358,7047,0,1339545947
54524,358,895,2,1339546548
54525,358,5009,4,1339546475
54526,358,5934,5,1339546228
54527,358,2128,4,1339546220
54528,358,5255,3,1339539604
54529,358,3076,4,1339546496
54530,358,2331,4,1339546154
54531,358,3415,5,1339546102
54532,358,5026,4,1339546338
54533,358,1911,1,1339546397
54534,358,1056,4,1339546309
54535,358,7048,0,1339545973
54536,358,915,4,1339546537
54537,358,1060,4,1339546356
54538,358,918,3,1339539311
54539,358,4729,4,1339546465
54540,358,7049,1,1339540045
54541,358,921,4,1339546377
54542,358,1933,2,1339539299
54543,358,7050,0,1339546025
54544,358,7051,2,1339545615
54545,358,942,4,1339546383
54546,358,7052,0,1339545805
54547,359,1,4,1198112023
54548,359,482,3,1198112829
54549,359,461,2,1198112136
54550,359,296,4,1198113196
54551,359,464,3,1198111999
54552,359,557,3,1198113804
54553,359,17,4,1193179224
54554,359,619,2,1198113079
54555,359,627,2,1192499687
54556,359,27,4,1198111978
54557,359,29,4,1198112043
54558,359,1095,1,1198112228
54559,359,671,4,1198112169
54560,359,479,3,1198112012
54561,359,33,4,1198112005
54562,359,35,4,1198111963
54563,359,38,3,1198112063
54564,359,42,3,1198112116
54565,359,43,3,1198112030
54566,359,61,4,1198112183
54567,359,65,3,1198113573
54568,359,66,4,1198112150
54569,359,725,3,1198112870
54570,359,3499,4,1198114384
54571,359,71,3,1198112070
54572,359,354,5,1198112888
54573,359,82,2,1198112178
54574,359,726,5,1198112964
54575,359,86,3,1198112087
54576,359,3014,4,1192499629
54577,359,3284,1,1192499717
54578,359,3016,3,1192499568
54579,359,1168,3,1198113176
54580,359,102,2,1198112158
54581,359,729,3,1198112917
54582,359,234,4,1193179323
54583,359,988,4,1198112164
54584,359,2092,4,1192499427
54585,359,1171,4,1198112767
54586,359,120,2,1198112932
54587,359,392,5,1198113117
54588,359,3642,3,1192499586
54589,359,1609,3,1198112749
54590,359,1610,3,1192499103
54591,359,274,3,1192499119
54592,359,1618,2,1198113825
54593,359,160,3,1198113389
54594,359,5838,0,1192500200
54595,359,2153,3,1192499889
54596,359,167,2,1198112109
54597,359,734,3,1198113647
54598,359,3068,4,1192499560
54599,359,185,4,1198112078
54600,359,2713,3,1192499711
54601,359,195,3,1198112808
54602,359,1867,3,1192499697
54603,359,4845,2,1192499846
54604,359,1722,3,1198113237
54605,359,1039,3,1198114431
54606,359,738,2,1198113051
54607,359,440,4,1198113022
54608,359,745,5,1198112239
54609,359,755,5,1198113093
54610,359,876,4,1198113099
54611,359,888,4,1194402776
54612,359,7053,3,1196791636
54613,359,1253,4,1192742162
54614,359,2311,3,1193178747
54615,359,5957,3,1193197884
54616,359,1263,4,1193184851
54617,359,3589,3,1196791268
54618,359,3154,1,1194402847
54619,359,903,2,1192500215
54620,359,1272,2,1196791300
54621,360,1476,4,884997534
54622,360,3711,2,884997666
54623,360,4863,3,884997881
54624,360,980,2,884997881
54625,360,1484,1,884997822
54626,360,1485,3,884997587
54627,360,2562,4,884997735
54628,360,3285,2,884997881
54629,360,727,4,884997666
54630,360,365,2,884997735
54631,360,1499,1,884997925
54632,360,984,5,884997534
54633,360,985,5,884997587
54634,360,104,5,884997491
54635,360,105,5,884997768
54636,360,106,5,884997491
54637,360,5709,2,884997976
54638,360,1009,2,884997666
54639,360,3019,1,884997952
54640,360,7054,2,884997699
54641,360,986,5,884997735
54642,360,2088,5,884997735
54643,360,988,4,884997534
54644,360,1515,5,884997491
54645,360,1517,5,884997768
54646,361,487,3,1204045505
54647,361,6,2,1204046026
54648,361,526,3,1204047769
54649,361,464,3,1204045255
54650,361,14,3,1204045485
54651,361,16,2,1204045245
54652,361,233,3,1204047569
54653,361,21,3,1204045204
54654,361,619,3,1204045873
54655,361,622,3,1204045311
54656,361,1414,3,1204045823
54657,361,643,3,1204045900
54658,361,28,3,1204047803
54659,361,29,2,1204047564
54660,361,479,3,1204045263
54661,361,35,2,1204045229
54662,361,1097,2,1204047580
54663,361,43,3,1204045269
54664,361,1028,2,1204047542
54665,361,1775,2,1204045936
54666,361,1449,3,1204040659
54667,361,1029,3,1204048158
54668,361,74,2,1204045281
54669,361,76,3,1204048155
54670,361,268,1,1204046158
54671,361,978,3,1204047961
54672,361,1167,2,1204045808
54673,361,2420,3,1204047992
54674,361,1485,3,1204047885
54675,361,100,3,1204047642
54676,361,102,3,1204047900
54677,361,103,1,1204040712
54678,361,988,2,1204045530
54679,361,109,1,1204045847
54680,361,2398,3,1204041221
54681,361,379,3,1204045627
54682,361,992,3,1204046258
54683,361,1575,2,1204046094
54684,361,1178,2,1204041073
54685,361,163,2,1204045760
54686,361,165,2,1204046002
54687,361,1003,3,1204046247
54688,361,180,4,1204045756
54689,361,1179,4,1204045344
54690,361,185,2,1204048178
54691,361,4909,3,1204048019
54692,361,1684,4,1204046309
54693,361,1013,4,1204041186
54694,361,221,4,1204047741
54695,361,1016,4,1204045997
54696,361,740,5,1204045164
54697,361,1797,3,1204045948
54698,361,741,3,1204045868
54699,361,1876,3,1204046174
54700,361,1023,3,1204047974
54701,361,447,3,1204046106
54702,361,1823,4,1204045343
54703,361,753,4,1204045831
54704,361,1832,1,1204046146
54705,361,754,2,1204045588
54706,361,3647,1,1204041890
54707,361,756,3,1204047983
54708,361,3648,3,1204041679
54709,361,1199,4,1204046012
54710,361,3328,1,1204041029
54711,361,760,4,1204046409
54712,361,766,2,1204046052
54713,361,3189,4,1204045396
54714,361,769,3,1204048003
54715,361,1209,3,1204047706
54716,361,1210,4,1204047791
54717,361,771,3,1204045778
54718,361,3142,2,1204048251
54719,361,886,4,1204047750
54720,361,779,3,1204046138
54721,361,1049,3,1204047873
54722,361,3356,3,1204047839
54723,361,798,4,1204047815
54724,361,2285,3,1204047931
54725,361,893,4,1204047871
54726,361,5914,4,1204041913
54727,361,807,2,1204046238
54728,361,810,4,1204046165
54729,361,1892,3,1204047923
54730,361,4511,2,1204045129
54731,361,1250,4,1204041587
54732,361,1897,4,1204047647
54733,361,2311,3,1204048231
54734,361,1899,5,1204047677
54735,361,899,4,1204041708
54736,361,824,4,1204048367
54737,361,825,4,1204047717
54738,361,2321,1,1204041826
54739,361,900,3,1204047764
54740,361,1905,4,1204041380
54741,361,1264,4,1204041392
54742,361,1909,4,1204047629
54743,362,3,4,1530637587
54744,362,491,4,1530640994
54745,362,260,4,1530642798
54746,362,4,4,1530640109
54747,362,5,3,1530637009
54748,362,6,4,1530637651
54749,362,8,4,1530640073
54750,362,1094,5,1530640247
54751,362,16,4,1530640059
54752,362,589,4,1530640194
54753,362,17,5,1530637210
54754,362,233,4,1530640041
54755,362,21,4,1530640048
54756,362,23,4,1530640164
54757,362,1412,4,1531787025
54758,362,1156,4,1530638163
54759,362,479,4,1530637370
54760,362,34,4,1530640121
54761,362,35,5,1530637220
54762,362,37,5,1530637256
54763,362,677,1,1530644228
54764,362,1028,5,1530636989
54765,362,724,5,1532214407
54766,362,63,4,1530637278
54767,362,1102,5,1530637098
54768,362,69,4,1530640083
54769,362,1103,5,1530641077
54770,362,72,5,1530640263
54771,362,73,5,1530640297
54772,362,1136,5,1532214433
54773,362,1163,4,1530643915
54774,362,75,4,1530640211
54775,362,1137,5,1530637014
54776,362,79,4,1530640321
54777,362,1107,4,1530637224
54778,362,84,5,1530637319
54779,362,268,4,1530642669
54780,362,357,4,1530641277
54781,362,2146,4,1530643290
54782,362,1497,4,1530638157
54783,362,104,4,1530637301
54784,362,106,4,1530637473
54785,362,1501,5,1530641485
54786,362,729,4,1530640222
54787,362,109,5,1532214411
54788,362,2401,4,1530654530
54789,362,837,4,1530637846
54790,362,5200,4,1530638262
54791,362,1141,4,1530637739
54792,362,146,3,1530637571
54793,362,273,5,1530642805
54794,362,147,4,1530640361
54795,362,148,4,1530640231
54796,362,167,4,1530640053
54797,362,172,4,1530640182
54798,362,193,4,1530640094
54799,362,2041,3,1530643068
54800,362,204,4,1530640244
54801,362,220,4,1530639770
54802,362,1023,4,1530637659
54803,362,1191,4,1532214516
54804,362,745,4,1530639776
54805,362,754,5,1530639759
54806,362,755,3,1530640232
54807,362,757,4,1530640272
54808,362,1849,4,1530643980
54809,362,6038,4,1530638481
54810,362,765,5,1530639765
54811,362,766,3,1530640313
54812,362,769,4,1530637380
54813,362,876,4,1530639794
54814,362,771,4,1530639782
54815,362,1148,4,1530637550
54816,362,235,4,1530639797
54817,362,773,4,1530639898
54818,362,4885,5,1532214154
54819,362,775,5,1530639761
54820,362,1048,4,1530639820
54821,362,779,4,1530639843
54822,362,795,4,1530639812
54823,362,2126,4,1530643839
54824,362,810,4,1530639807
54825,362,1246,4,1530643945
54826,362,897,4,1530643637
54827,362,1254,4,1530643659
54828,362,238,4,1530637231
54829,362,1052,4,1530637285
54830,362,1262,4,1530643941
54831,362,2346,4,1530637681
54832,362,5760,3,1530638135
54833,362,2061,5,1530643451
54834,362,3081,3,1530637636
54835,362,1286,4,1530642794
54836,362,1058,4,1530639990
54837,362,241,4,1530637339
54838,362,245,4,1530637213
54839,362,3625,3,1530638489
54840,362,4740,3,1530637996
54841,362,6722,4,1530638193
54842,362,1067,3,1530641225
54843,362,6970,4,1532214956
54844,362,250,4,1530641097
54845,362,1343,4,1530643143
54846,362,3639,4,1530637644
54847,362,1352,4,1532214626
54848,362,2539,4,1530637438
54849,362,7055,4,1530638451
54850,362,6939,3,1530637926
54851,362,3128,3,1530637462
54852,363,5,4,1502584540
54853,363,516,3,1502584443
54854,363,525,4,1502584439
54855,363,16,2,1502584358
54856,363,17,5,1502584547
54857,363,233,4,1502584380
54858,363,1159,2,1502584576
54859,363,326,3,1502584572
54860,363,1435,2,1502584585
54861,363,69,1,1502584356
54862,363,71,4,1502584376
54863,363,726,4,1502584557
54864,363,99,4,1502584426
54865,363,100,3,1502584578
54866,363,366,4,1502584568
54867,363,234,5,1502584543
54868,363,109,4,1502584422
54869,363,730,3,1502584446
54870,363,731,2,1502584438
54871,363,1171,3,1502584555
54872,363,1609,3,1502584434
54873,363,167,2,1502584382
54874,363,1179,3,1502584424
54875,363,754,3,1502584387
54876,363,775,3,1502584386
54877,363,1368,5,1502584592
54878,363,3122,4,1502584469
54879,363,1393,4,1502584462
54880,363,7056,2,1502584409
54881,363,7057,1,1502584404
54882,364,1,5,869443366
54883,364,5018,3,869443802
54884,364,293,3,869443366
54885,364,516,5,869443367
54886,364,525,4,869443367
54887,364,16,4,869443424
54888,364,973,5,869443802
54889,364,653,5,869443424
54890,364,675,5,869443772
54891,364,38,3,869443367
54892,364,41,4,869443424
54893,364,42,4,869443366
54894,364,43,5,869443366
54895,364,693,3,869443802
54896,364,2427,4,869443424
54897,364,2444,4,869443773
54898,364,1435,5,869443772
54899,364,1028,5,869443772
54900,364,61,5,869443424
54901,364,74,3,869443773
54902,364,1166,4,869443772
54903,365,519,3,1488333416
54904,365,538,0,1491088177
54905,365,12,3,1489796972
54906,365,16,3,1488333364
54907,365,233,4,1488332338
54908,365,19,3,1491088213
54909,365,21,4,1488332884
54910,365,657,2,1488594826
54911,365,1095,1,1489016618
54912,365,35,0,1488332713
54913,365,69,4,1488332785
54914,365,70,1,1488594765
54915,365,356,4,1488332744
54916,365,85,2,1488332858
54917,365,1474,2,1488333307
54918,365,2420,3,1488332764
54919,365,1031,2,1488333241
54920,365,728,0,1488332796
54921,365,234,5,1488332347
54922,365,110,3,1489796804
54923,365,1171,1,1488332851
54924,365,382,4,1488333258
54925,365,119,3,1488333357
54926,365,1572,4,1491088198
54927,365,147,3,1488332799
54928,365,392,2,1488333328
54929,365,1001,4,1488333453
54930,365,181,3,1488332755
54931,365,1653,3,1488594793
54932,365,185,1,1488332711
54933,365,1180,3,1488332732
54934,365,1183,1,1489796868
54935,365,204,4,1489796957
54936,365,2200,1,1489796964
54937,365,1718,3,1489796954
54938,365,220,1,1488333251
54939,365,1757,2,1488332661
54940,365,1016,3,1488332534
54941,365,1188,3,1488332610
54942,365,229,3,1488332415
54943,365,867,1,1491088180
54944,365,1797,3,1488332471
54945,365,432,1,1488333530
54946,365,1043,5,1488333549
54947,365,437,3,1488333553
54948,365,1807,0,1491088194
54949,365,445,0,1488333521
54950,365,446,2,1488594776
54951,365,745,1,1488332406
54952,365,868,3,1488332591
54953,365,748,2,1488332646
54954,365,752,4,1488332427
54955,365,458,2,1488333556
54956,365,753,2,1488333524
54957,365,1126,1,1488333520
54958,365,754,3,1488332396
54959,365,755,4,1488333532
54960,365,1838,2,1488333213
54961,365,756,1,1488332501
54962,365,1842,1,1488332578
54963,365,757,3,1488332442
54964,365,758,2,1488332461
54965,365,1199,2,1488332450
54966,365,759,1,1488333527
54967,365,761,1,1488594774
54968,365,848,3,1488332637
54969,365,1202,0,1488332557
54970,365,1203,0,1488332586
54971,365,764,2,1488332473
54972,365,765,3,1488332400
54973,365,766,5,1488333548
54974,365,1206,1,1488332538
54975,365,874,4,1491088139
54976,365,768,3,1488332478
54977,365,876,2,1488332425
54978,365,1046,2,1488333590
54979,365,771,3,1488332413
54980,365,235,2,1488333518
54981,365,775,3,1488332402
54982,365,3344,3,1489797308
54983,365,1048,3,1488333542
54984,365,885,4,1488333187
54985,365,780,3,1488332475
54986,365,3146,3,1488333389
54987,365,2048,2,1488332655
54988,365,888,2,1491088191
54989,365,783,3,1488332469
54990,365,1227,3,1488332847
54991,365,1049,3,1488332548
54992,365,3351,2,1488333207
54993,365,2266,4,1488332771
54994,365,795,2,1488332445
54995,365,3073,2,1489796863
54996,365,1237,3,1488332633
54997,365,1239,4,1489016862
54998,365,810,2,1488332447
54999,365,1894,3,1488332536
55000,365,897,2,1488673197
55001,365,1895,3,1488332626
55002,365,5250,1,1491088205
55003,365,3380,4,1491088131
55004,365,1898,3,1489797190
55005,365,1255,2,1488332552
55006,365,5755,2,1489796889
55007,365,1256,2,1488332739
55008,365,899,2,1488332802
55009,365,2316,1,1488333343
55010,365,1051,1,1488333209
55011,365,1053,2,1488332530
55012,365,2326,4,1488332596
55013,365,900,3,1488333581
55014,365,1905,3,1488332889
55015,365,3154,1,1491088183
55016,365,2058,3,1488332651
55017,365,3424,3,1488594771
55018,365,1054,3,1488332606
55019,365,904,3,1488333585
55020,365,905,0,1488594780
55021,365,239,3,1488332410
55022,365,1911,2,1488333194
55023,365,4189,2,1488333229
55024,365,1055,3,1488333564
55025,365,240,3,1488333218
55026,365,2130,5,1488332863
55027,365,2131,3,1488332877
55028,365,1287,4,1489796932
55029,365,1288,2,1488333199
55030,365,4192,2,1488333310
55031,365,5975,3,1489797030
55032,365,3084,2,1488333216
55033,365,4326,3,1488594822
55034,365,1152,2,1488332563
55035,365,3454,2,1489797020
55036,365,916,3,1488333570
55037,365,1297,3,1488332565
55038,365,918,2,1488332669
55039,365,1061,2,1488333600
55040,365,242,3,1488332647
55041,365,4536,2,1488673201
55042,365,927,4,1488332464
55043,365,928,3,1488332600
55044,365,6303,1,1489017053
55045,365,1310,4,1488333411
55046,365,1926,2,1488332639
55047,365,4541,3,1491088187
55048,365,3476,3,1488594783
55049,365,245,1,1488332431
55050,365,4174,3,1488333269
55051,365,1316,4,1488594797
55052,365,1318,2,1488332782
55053,365,933,4,1488333296
55054,365,3090,1,1488594777
55055,365,1931,2,1489016796
55056,365,1933,0,1488332628
55057,365,1934,3,1488332671
55058,365,3479,1,1488333462
55059,365,1321,4,1488333261
55060,365,3628,2,1488594763
55061,365,3481,4,1488333223
55062,365,4253,4,1489796885
55063,365,6066,2,1488594785
55064,365,3483,4,1489797261
55065,365,5040,1,1489796970
55066,365,3093,3,1488333419
55067,365,3524,3,1488333304
55068,365,2528,2,1488333313
55069,365,942,2,1488594759
55070,365,1067,2,1488332569
55071,365,5277,2,1488594788
55072,365,3096,4,1488333185
55073,365,6970,2,1489016615
55074,365,4550,3,1488673344
55075,365,250,2,1488333598
55076,365,3489,0,1488594755
55077,365,4552,0,1491088175
55078,365,4553,2,1489797253
55079,365,1945,4,1488333289
55080,365,4554,3,1489796796
55081,365,1947,3,1488333300
55082,365,1336,5,1488333253
55083,365,4557,4,1488333405
55084,365,3495,3,1488594832
55085,365,1953,1,1489797255
55086,365,4733,1,1489016806
55087,365,2412,1,1488594752
55088,365,7058,1,1489796949
55089,365,2829,2,1488333353
55090,365,4561,2,1488333466
55091,365,3527,3,1489797053
55092,365,4705,2,1489796951
55093,365,252,3,1488333594
55094,365,3877,4,1489796820
55095,365,4791,2,1488333361
55096,365,7059,1,1489016787
55097,365,6102,2,1489797240
55098,365,3100,4,1488333197
55099,365,3880,4,1488673349
55100,365,1957,2,1489796873
55101,365,1348,3,1488333470
55102,365,3638,3,1488333397
55103,365,1072,3,1489796908
55104,365,1961,2,1488594806
55105,365,1350,3,1489796879
55106,365,1964,2,1489016803
55107,365,1967,3,1488333272
55108,365,1351,4,1488333238
55109,365,957,1,1488594747
55110,365,1352,2,1489797251
55111,365,1968,3,1488333244
55112,365,7060,2,1489797266
55113,365,253,3,1489797184
55114,365,1974,2,1488673201
55115,365,3105,3,1488858031
55116,365,3106,1,1489796748
55117,365,7061,1,1489796912
55118,365,1979,3,1489796855
55119,365,1980,2,1488333315
55120,365,254,3,1488332505
55121,365,7062,1,1489796955
55122,365,6112,3,1488333331
55123,365,1988,4,1488333367
55124,365,1989,4,1489016969
55125,365,1990,4,1488673205
55126,365,1993,4,1489797012
55127,365,6563,3,1489016745
55128,365,1078,3,1488332657
55129,365,6564,2,1488333293
55130,365,3897,3,1491088217
55131,365,7063,2,1489796770
55132,365,7064,1,1489016511
55133,365,3111,2,1489796753
55134,365,1079,4,1488673193
55135,365,3112,4,1488594819
55136,365,1362,3,1488332615
55137,365,2003,3,1488673347
55138,365,2006,5,1488594804
55139,365,1080,2,1489796871
55140,365,1082,3,1489017279
55141,365,1083,3,1489016514
55142,365,4588,3,1489796974
55143,365,3935,2,1488333351
55144,365,3539,3,1489016669
55145,365,3949,1,1489796865
55146,365,7065,3,1489797059
55147,365,1085,3,1488332624
55148,365,2014,3,1488594849
55149,365,4592,3,1489017065
55150,365,4593,2,1489016507
55151,365,2017,4,1488945298
55152,365,1372,2,1489016788
55153,365,2018,5,1488333481
55154,365,2019,1,1489796877
55155,365,4597,3,1489716230
55156,365,4725,1,1489796760
55157,365,3971,3,1489016772
55158,365,3117,1,1489796758
55159,365,4598,5,1488673223
55160,365,7066,1,1489796981
55161,365,2746,3,1488858009
55162,365,7067,3,1489016598
55163,365,1379,2,1488332872
55164,365,3993,2,1489016613
55165,365,3541,2,1489796764
55166,365,3542,3,1488858021
55167,365,4818,3,1489796774
55168,365,7068,1,1489796751
55169,365,7069,3,1488945263
55170,365,4604,4,1488858017
55171,365,4606,3,1489796760
55172,365,1090,4,1489797050
55173,365,1386,4,1489016738
55174,365,4609,2,1489017272
55175,365,6586,0,1488945273
55176,365,4827,2,1489016807
55177,365,6121,1,1489796765
55178,365,1390,2,1489796755
55179,365,4624,2,1489796824
55180,366,8,4,1445546522
55181,366,479,4,1445546504
55182,366,1135,4,1445546510
55183,366,63,5,1445546542
55184,366,122,4,1445546520
55185,366,193,4,1445546512
55186,366,220,4,1445546566
55187,366,278,4,1445546553
55188,366,754,4,1445546419
55189,366,848,2,1445546446
55190,366,2235,3,1445546444
55191,366,771,4,1445546557
55192,366,235,4,1445546535
55193,366,878,3,1445546443
55194,366,775,4,1445546416
55195,366,1048,4,1445546536
55196,366,780,4,1445546595
55197,366,795,4,1445546555
55198,366,807,3,1445546573
55199,366,810,4,1445546517
55200,366,1251,3,1445546583
55201,366,238,4,1445546548
55202,366,239,4,1445546414
55203,366,1055,3,1445546607
55204,366,241,4,1445546633
55205,366,245,4,1445546506
55206,366,250,4,1445546549
55207,366,254,5,1445546456
55208,366,1998,3,1445546468
55209,366,1362,4,1445546462
55210,366,258,2,1445546624
55211,367,1,5,997811550
55212,367,461,3,997811126
55213,367,463,4,997812337
55214,367,464,4,997811490
55215,367,16,5,997810956
55216,367,592,5,997813416
55217,367,233,5,997811194
55218,367,21,5,997810956
55219,367,314,2,997812337
55220,367,637,4,997812283
55221,367,1417,4,997813431
55222,367,28,5,997812555
55223,367,1419,4,997812202
55224,367,29,3,997810980
55225,367,1420,2,997812312
55226,367,671,4,997812575
55227,367,35,5,997811156
55228,367,1028,5,997811235
55229,367,330,4,997811870
55230,367,331,5,997811393
55231,367,332,3,997812946
55232,367,335,4,997811632
55233,367,336,5,997812810
55234,367,1441,4,997812240
55235,367,45,5,997811194
55236,367,46,5,997812715
55237,367,3543,4,997813545
55238,367,3053,4,997811450
55239,367,2665,4,997812459
55240,367,2395,5,997812874
55241,367,863,5,997812099
55242,367,66,5,997811632
55243,367,68,3,997811251
55244,367,69,4,997812715
55245,367,71,5,997811126
55246,367,1104,5,997811156
55247,367,77,4,997811331
55248,367,1137,4,997812715
55249,367,726,5,997812656
55250,367,1454,5,997812439
55251,367,84,4,997811354
55252,367,356,4,997811790
55253,367,85,4,997811750
55254,367,86,4,997811587
55255,367,88,2,997811813
55256,367,89,2,997811354
55257,367,2146,4,997811450
55258,367,270,5,997812914
55259,367,361,5,997811508
55260,367,866,3,997811567
55261,367,2147,4,997811377
55262,367,1485,3,997812532
55263,367,99,1,997812079
55264,367,7070,4,997812260
55265,367,1494,4,997812483
55266,367,102,4,997812260
55267,367,5435,3,997811067
55268,367,234,5,997811431
55269,367,110,4,997812510
55270,367,730,4,997812079
55271,367,116,5,997812874
55272,367,4175,2,997812356
55273,367,382,5,997811942
55274,367,7033,3,997810886
55275,367,121,5,997811313
55276,367,128,5,997812119
55277,367,272,5,997811963
55278,367,1564,2,997812459
55279,367,385,3,997812220
55280,367,1572,4,997812240
55281,367,1141,4,997812914
55282,367,1584,5,997811923
55283,367,1597,2,997812079
55284,367,1601,5,997811890
55285,367,3642,3,997812337
55286,367,1609,4,997811235
55287,367,4147,5,997812892
55288,367,1610,4,997812283
55289,367,1783,4,997810886
55290,367,165,3,997811550
55291,367,732,5,997812312
55292,367,7071,2,997811471
55293,367,180,1,997812283
55294,367,181,5,997811377
55295,367,5826,3,997812555
55296,367,402,5,997811157
55297,367,183,5,997811848
55298,367,1653,5,997811790
55299,367,1667,4,997812140
55300,367,1180,5,997811632
55301,367,1142,3,997812079
55302,367,3736,5,997812510
55303,367,1683,4,997812005
55304,367,3139,5,997811731
55305,367,736,5,997811731
55306,367,1786,5,997812439
55307,367,416,4,997812532
55308,367,1788,4,997812140
55309,367,1694,1,997813922
55310,367,209,3,997812202
55311,367,5045,1,997813860
55312,367,4684,4,997810980
55313,367,7072,3,997813308
55314,367,1704,1,997814281
55315,367,4225,1,997813277
55316,367,5080,4,997811790
55317,367,420,3,997812510
55318,367,2205,5,997811377
55319,367,2403,3,997811606
55320,367,1714,5,997812337
55321,367,1144,4,997813382
55322,367,7073,4,997813241
55323,367,1721,5,997811870
55324,367,1722,5,997811632
55325,367,1725,2,997813797
55326,367,1726,5,997814031
55327,367,3041,4,997812005
55328,367,1040,5,997813038
55329,367,1791,4,997813092
55330,367,1733,3,997813923
55331,367,1734,2,997812312
55332,367,1735,4,997811750
55333,367,1793,4,997813223
55334,367,426,4,997812575
55335,367,1739,4,997813223
55336,367,1794,4,997813992
55337,367,5132,4,997814008
55338,367,5047,3,997812483
55339,367,738,4,997813940
55340,367,1014,4,997813701
55341,367,2607,4,997814081
55342,367,1015,3,997813923
55343,367,1755,3,997812510
55344,367,1756,3,997813895
55345,367,1187,5,997811942
55346,367,1795,4,997813797
55347,367,1761,5,997813960
55348,367,229,5,997813682
55349,367,1762,4,997814281
55350,367,1017,5,997813923
55351,367,230,5,997812612
55352,367,2611,1,997813277
55353,367,1764,4,997813277
55354,367,867,4,997813760
55355,367,6912,1,997814150
55356,367,6914,4,997813277
55357,367,740,5,997813060
55358,367,1797,3,997813760
55359,367,2715,4,997813206
55360,367,741,3,997813878
55361,367,3308,5,997813166
55362,367,2614,4,997813206
55363,367,742,4,997813060
55364,367,1804,5,997813021
55365,367,1043,3,997813060
55366,367,3176,5,997812140
55367,367,1805,5,997813797
55368,367,4926,2,997813206
55369,367,7074,3,997814246
55370,367,3312,4,997813960
55371,367,7075,4,997813382
55372,367,5164,5,997813330
55373,367,3238,3,997814114
55374,367,2622,3,997814114
55375,367,2623,4,997813330
55376,367,4846,2,997813590
55377,367,4495,2,997814031
55378,367,4936,4,997813960
55379,367,1812,4,997813923
55380,367,745,5,997813664
55381,367,451,4,997813021
55382,367,746,4,997813184
55383,367,2628,4,997812510
55384,367,2943,3,997814114
55385,367,868,5,997813741
55386,367,1877,4,997812532
55387,367,7076,3,997810980
55388,367,7077,3,997811528
55389,367,4941,4,997813512
55390,367,1146,4,997812439
55391,367,2647,3,997811980
55392,367,5352,2,997811731
55393,367,1822,4,997813992
55394,367,3320,2,997813682
55395,367,749,5,997813860
55396,368,2,3,971273951
55397,368,3,4,971275527
55398,368,487,3,971276726
55399,368,491,4,971275668
55400,368,292,3,975828964
55401,368,494,3,971276062
55402,368,5993,2,975828507
55403,368,4,4,971275475
55404,368,5,4,971275320
55405,368,6,3,971273705
55406,368,509,2,971276901
55407,368,4037,3,975828421
55408,368,516,2,971277081
55409,368,8,4,971274692
55410,368,1094,3,971275360
55411,368,4876,2,971277349
55412,368,9,3,971274866
55413,368,530,2,975830276
55414,368,531,4,971274866
55415,368,11,3,971275949
55416,368,3607,3,971275596
55417,368,532,2,971276156
55418,368,533,2,975830036
55419,368,534,2,971277279
55420,368,1027,2,971277242
55421,368,1405,2,975830160
55422,368,540,2,971277008
55423,368,3001,2,975828193
55424,368,550,3,975829650
55425,368,558,3,971276975
55426,368,2546,2,975829365
55427,368,559,3,971275863
55428,368,572,3,971276863
55429,368,16,4,975828806
55430,368,468,4,971274999
55431,368,585,3,971276675
55432,368,588,4,971273035
55433,368,589,4,971275431
55434,368,17,5,975827507
55435,368,591,1,975829889
55436,368,597,2,975830160
55437,368,18,2,975829531
55438,368,598,3,971273035
55439,368,20,4,971275815
55440,368,609,3,971276012
55441,368,611,2,971275863
55442,368,21,4,971274957
55443,368,23,3,975828193
55444,368,315,3,975829148
55445,368,619,3,971273995
55446,368,973,3,971276012
55447,368,622,3,971276111
55448,368,473,3,975829209
55449,368,629,2,971277008
55450,368,632,3,971276726
55451,368,1156,3,975827681
55452,368,634,3,975828314
55453,368,2552,2,971277132
55454,368,5695,2,975830312
55455,368,639,4,971275906
55456,368,26,3,975828861
55457,368,2553,3,975829531
55458,368,643,3,971275137
55459,368,475,3,971275697
55460,368,27,4,971273377
55461,368,2169,4,971273532
55462,368,2895,4,971273268
55463,368,648,2,975830036
55464,368,650,3,975805490
55465,368,653,3,971276156
55466,368,655,2,975830342
55467,368,5698,3,975829650
55468,368,6990,3,971276675
55469,368,29,5,971274603
55470,368,665,2,971277279
55471,368,2487,3,975829943
55472,368,668,2,975829943
55473,368,31,2,975829531
55474,368,1158,3,975827681
55475,368,671,3,971275906
55476,368,479,3,975805197
55477,368,34,3,975829046
55478,368,35,4,971275360
55479,368,37,4,971273222
55480,368,261,3,971274910
55481,368,38,3,975805490
55482,368,1159,3,975829365
55483,368,1096,4,971275320
55484,368,3004,2,971276975
55485,368,41,3,971275815
55486,368,42,3,971276934
55487,368,2996,2,975829889
55488,368,690,2,975828507
55489,368,43,2,971275047
55490,368,2556,2,971277181
55491,368,2427,3,971276863
55492,368,1432,2,971277040
55493,368,5701,2,975829609
55494,368,1435,3,971275815
55495,368,264,2,971277040
55496,368,1028,5,975828806
55497,368,1436,3,971275562
55498,368,708,1,971277349
55499,368,711,3,971273995
55500,368,1438,3,971275394
55501,368,333,3,971275394
55502,368,334,3,971273222
55503,368,337,4,971274910
55504,368,724,3,971275394
55505,368,716,2,975829943
55506,368,717,3,975828061
55507,368,1775,3,971273409
55508,368,1135,4,975828914
55509,368,832,3,971277081
55510,368,1449,3,971275863
55511,368,59,3,975829531
55512,368,720,3,975827681
55513,368,63,4,975827507
55514,368,64,5,971273268
55515,368,65,3,971276012
55516,368,346,3,971274866
55517,368,976,2,975830119
55518,368,725,4,975829472
55519,368,67,4,971275596
55520,368,1451,3,971275771
55521,368,348,3,975827507
55522,368,349,3,971274999
55523,368,1102,5,971273035
55524,368,69,3,971274603
55525,368,70,5,971273300
55526,368,71,4,975828806
55527,368,1029,5,971274603
55528,368,1103,4,975828964
55529,368,73,5,971274603
55530,368,74,4,971273072
55531,368,75,4,975827507
55532,368,76,4,975828806
55533,368,3221,3,971273705
55534,368,77,3,971275360
55535,368,78,3,975828914
55536,368,1137,4,975828806
55537,368,79,4,971274692
55538,368,2079,4,971274649
55539,368,82,4,971275431
55540,368,2397,4,971274649
55541,368,355,3,971274649
55542,368,1107,5,971275360
55543,368,356,4,971273300
55544,368,2145,4,971274603
55545,368,268,4,971274822
55546,368,269,3,971274725
55547,368,87,3,975829087
55548,368,90,2,975828861
55549,368,91,3,971274910
55550,368,361,3,975828861
55551,368,2751,3,971276761
55552,368,6186,2,971273756
55553,368,2558,3,971275698
55554,368,977,4,971275475
55555,368,978,3,971275949
55556,368,271,3,975829609
55557,368,1167,3,975828999
55558,368,1140,3,975829427
55559,368,93,2,975828236
55560,368,1472,3,975829472
55561,368,1473,2,975829828
55562,368,979,2,975829985
55563,368,2147,5,971273335
55564,368,3015,2,975830119
55565,368,6368,1,975830385
55566,368,362,2,971275093
55567,368,94,3,975827681
55568,368,1476,3,971275527
55569,368,95,3,971274725
55570,368,4863,3,971276831
55571,368,2559,2,975830160
55572,368,980,3,971277181
55573,368,96,2,971275239
55574,368,2179,3,971276156
55575,368,364,3,975805278
55576,368,1484,3,971277132
55577,368,1487,1,971277319
55578,368,98,3,975827633
55579,368,3285,2,971277132
55580,368,981,3,971276062
55581,368,1031,3,975829254
55582,368,1168,2,971273874
55583,368,100,3,975829650
55584,368,1491,1,971277412
55585,368,101,3,971275771
55586,368,102,3,971273448
55587,368,103,2,975829609
55588,368,4667,2,975828061
55589,368,1007,2,975830196
55590,368,365,3,971276156
55591,368,5297,2,975828507
55592,368,984,3,971276901
55593,368,728,5,971275527
55594,368,2670,4,971275815
55595,368,985,3,971275093
55596,368,104,4,971275360
55597,368,106,4,971275527
55598,368,1501,3,975828061
55599,368,1032,3,971275863
55600,368,2461,3,975805234
55601,368,834,3,971275562
55602,368,108,2,971274957
55603,368,5712,3,975828061
55604,368,986,3,971277081
55605,368,1510,2,975829943
55606,368,2088,2,975828236
55607,368,1514,3,971276156
55608,368,1169,3,975828061
55609,368,109,3,971275771
55610,368,2673,3,971276831
55611,368,2398,2,975830236
55612,368,1518,2,971276975
55613,368,2182,3,975828193
55614,368,2399,1,975829828
55615,368,2462,3,975827633
55616,368,2463,2,975829985
55617,368,112,2,975828421
55618,368,1524,1,971277181
55619,368,4220,2,975829568
55620,368,996,3,971276726
55621,368,374,3,971276111
55622,368,1033,3,971275771
55623,368,731,3,971276975
55624,368,991,1,975828421
55625,368,2400,3,971274692
55626,368,3059,3,971274822
55627,368,2039,3,971275527
55628,368,116,4,975828999
55629,368,4900,4,971273035
55630,368,2092,4,971274822
55631,368,3138,4,971273448
55632,368,382,3,971273072
55633,368,5112,2,971274103
55634,368,1543,3,971275562
55635,368,6372,2,971277279
55636,368,7033,1,971277439
55637,368,118,3,975829046
55638,368,1034,3,975829472
55639,368,992,1,975828314
55640,368,1777,2,975829531
55641,368,3023,3,971275906
55642,368,5199,4,975829427
55643,368,837,2,975828236
55644,368,993,2,975828507
55645,368,122,5,971274649
55646,368,127,3,971275979
55647,368,131,3,975829365
55648,368,134,2,975829472
55649,368,1565,3,971276111
55650,368,2465,4,975828193
55651,368,135,2,975829315
55652,368,1567,3,971275733
55653,368,2712,2,971277213
55654,368,4065,2,971277319
55655,368,5115,2,975828421
55656,368,1782,3,975828739
55657,368,1574,2,975830276
55658,368,1575,3,975829828
55659,368,143,2,975829315
55660,368,1141,3,975828964
55661,368,3026,3,971274910
55662,368,2184,4,975827633
55663,368,1588,3,971276831
55664,368,145,4,975827633
55665,368,146,2,971275949
55666,368,1037,3,971275863
55667,368,273,2,971275634
55668,368,147,3,971273377
55669,368,1594,3,971273448
55670,368,7078,3,975829365
55671,368,2910,3,971277181
55672,368,3289,2,971276761
55673,368,4903,3,971276793
55674,368,6383,3,975828964
55675,368,150,3,971275771
55676,368,151,4,975828914
55677,368,5121,2,975830036
55678,368,5720,2,975829889
55679,368,152,3,975828421
55680,368,2469,3,971275527
55681,368,7079,2,975805683
55682,368,1863,3,971275137
55683,368,1864,3,975830080
55684,368,2576,2,971275239
55685,368,2121,2,975829828
55686,368,155,3,975829148
55687,368,1173,3,975829889
55688,368,1174,2,975830036
55689,368,1176,2,975830312
55690,368,157,3,975828999
55691,368,1618,3,971273532
55692,368,4069,1,971274067
55693,368,5436,3,975829315
55694,368,1622,2,971277081
55695,368,3029,3,971275047
55696,368,1115,3,971275733
55697,368,2580,3,971276934
55698,368,2917,3,975829650
55699,368,5500,3,971275979
55700,368,164,2,975829209
55701,368,165,3,975829046
55702,368,2153,2,971273995
55703,368,5122,2,971274067
55704,368,2154,2,971273912
55705,368,2918,3,971273801
55706,368,5725,3,975829889
55707,368,166,3,971275527
55708,368,4904,2,975828621
55709,368,167,4,971275431
55710,368,168,3,975827633
55711,368,1632,3,971277181
55712,368,2921,3,975829315
55713,368,170,2,975828314
55714,368,171,2,971276901
55715,368,173,3,975829209
55716,368,174,2,975829531
55717,368,178,3,971273485
55718,368,3295,2,971274957
55719,368,1638,3,971273912
55720,368,5578,3,971274957
55721,368,1639,3,971276975
55722,368,733,3,971276901
55723,368,1641,3,971276062
55724,368,2489,1,975829985
55725,368,402,4,971275394
55726,368,403,3,971276062
55727,368,405,4,975805234
55728,368,3606,2,975805658
55729,368,1652,3,971276831
55730,368,3297,3,971276726
55731,368,1655,2,975830276
55732,368,5580,2,971275239
55733,368,5729,1,971275239
55734,368,4076,1,971275255
55735,368,5127,1,971275255
55736,368,4908,3,971275596
55737,368,185,4,975805197
55738,368,2592,3,971275596
55739,368,3298,2,971276934
55740,368,2593,3,971274822
55741,368,188,3,971275634
55742,368,1785,3,971274866
55743,368,189,4,971274822
55744,368,190,3,975828964
55745,368,191,3,975805278
55746,368,192,3,975828999
55747,368,194,3,975829254
55748,368,5129,1,975828421
55749,368,1867,3,975829365
55750,368,196,3,975829315
55751,368,197,3,975829209
55752,368,1671,3,971276111
55753,368,3232,2,975829046
55754,368,1676,3,971274866
55755,368,203,4,975829046
55756,368,1680,2,971277040
55757,368,2491,4,971274999
55758,368,1684,3,971276675
55759,368,4866,3,971275815
55760,368,1687,3,975828964
55761,368,2194,3,975829254
55762,368,1688,2,971277181
55763,368,7080,3,971273951
55764,368,204,4,971275527
55765,368,2929,4,971274291
55766,368,415,4,971277716
55767,368,7081,3,972106150
55768,368,841,3,975805658
55769,368,206,3,971275949
55770,368,3611,3,975829427
55771,368,1691,3,971275863
55772,368,417,3,971275863
55773,368,2600,3,975829889
55774,368,1693,3,971276863
55775,368,208,2,975828314
55776,368,2688,3,971276675
55777,368,2201,3,971275733
55778,368,1184,2,975829889
55779,368,4083,3,971275668
55780,368,2204,3,975828314
55781,368,2511,4,971273756
55782,368,5045,2,971274373
55783,368,2603,4,971273485
55784,368,1701,3,971274343
55785,368,1703,3,971274373
55786,368,737,3,971274034
55787,368,1707,3,971276062
55788,368,1717,3,975829046
55789,368,6944,3,971275949
55790,368,2931,3,975830036
55791,368,5737,2,975830385
55792,368,5738,2,975830385
55793,368,1790,2,975830036
55794,368,214,3,971275093
55795,368,216,3,971273874
55796,368,3301,3,971273995
55797,368,1723,3,971275634
55798,368,1730,3,971275698
55799,368,1013,4,972106114
55800,368,2160,2,971275047
55801,368,219,3,975829046
55802,368,5742,3,971276726
55803,368,7082,2,971274910
55804,368,1042,3,971274317
55805,368,4917,2,971277008
55806,368,220,3,972164892
55807,368,1738,2,971277132
55808,368,738,2,971276156
55809,368,3043,2,971274999
55810,368,1868,2,975829148
55811,368,1869,3,975829148
55812,368,1870,2,975829609
55813,368,222,3,975829365
55814,368,3045,3,971275047
55815,368,2161,3,971274866
55816,368,1744,3,971275815
55817,368,1871,1,971277132
55818,368,1747,2,975829828
55819,368,224,3,975829046
55820,368,225,3,975828861
55821,368,1750,2,975829427
55822,368,1751,2,971277383
55823,368,1752,3,971276111
55824,368,6494,1,975830236
55825,368,7083,1,975830312
55826,368,5616,2,971274957
55827,368,5439,3,971275475
55828,368,7084,3,971276793
55829,368,227,2,975829427
55830,368,1016,3,971274957
55831,368,1795,4,971276761
55832,368,7085,3,971277242
55833,368,1759,3,971275906
55834,368,2610,2,971277081
55835,368,2495,2,971275239
55836,368,6400,2,971275239
55837,368,4086,1,971275240
55838,368,3046,3,975829254
55839,368,230,3,971273222
55840,368,4087,3,971275906
55841,368,3049,3,971274649
55842,368,2163,4,971273448
55843,368,2612,3,975830276
55844,368,2714,3,971273801
55845,368,6404,4,971273951
55846,368,739,3,971273912
55847,368,6466,4,971273268
55848,368,4921,2,971273222
55849,368,5136,1,971274103
55850,368,2935,3,971273448
55851,368,2936,2,971273835
55852,368,7086,1,971274103
55853,368,5504,2,971273409
55854,368,6407,2,971273377
55855,368,6408,3,971273995
55856,368,2937,3,975805278
55857,368,1873,3,975828739
55858,368,4924,3,975805490
55859,368,6411,3,975805443
55860,368,433,4,975805278
55861,368,1190,3,975805443
55862,368,2615,2,975805443
55863,368,6412,3,975805314
55864,368,232,4,971274725
55865,369,493,4,1237081519
55866,369,4,3,1237083091
55867,369,464,3,1237081911
55868,369,532,3,1237082662
55869,369,540,3,1237082966
55870,369,12,3,1237081593
55871,369,567,2,1237082131
55872,369,16,3,1237082658
55873,369,611,3,1237082128
55874,369,315,3,1237082125
55875,369,619,4,1237082958
55876,369,622,2,1237081517
55877,369,1156,2,1237082122
55878,369,643,3,1237082947
55879,369,28,3,1237082946
55880,369,660,4,1237081588
55881,369,975,2,1237082951
55882,369,1095,2,1237083075
55883,369,1428,3,1236830399
55884,369,1160,4,1237081513
55885,369,1430,3,1237082940
55886,369,703,2,1237081708
55887,369,2665,3,1237081698
55888,369,4219,1,1237081893
55889,369,342,3,1237082932
55890,369,343,3,1237081579
55891,369,63,2,1237081509
55892,369,266,4,1237082928
55893,369,725,2,1237082926
55894,369,2998,4,1236830443
55895,369,68,3,1237083059
55896,369,69,4,1237081881
55897,369,73,3,1237082914
55898,369,78,3,1237081577
55899,369,354,2,1237083107
55900,369,83,4,1236830438
55901,369,2145,3,1237081570
55902,369,360,3,1237083097
55903,369,91,4,1236830423
55904,369,1166,3,1237082902
55905,369,271,3,1236830277
55906,369,1469,4,1237082095
55907,369,1470,3,1236830374
55908,369,2669,3,1237082899
55909,369,364,3,1237082089
55910,369,98,4,1237081565
55911,369,102,1,1237081508
55912,369,727,3,1237081501
55913,369,728,2,1237081499
55914,369,106,4,1237082077
55915,369,1504,3,1236830360
55916,369,729,4,1237082894
55917,369,988,1,1237081495
55918,369,109,5,1237082071
55919,369,2091,5,1237082324
55920,369,379,3,1237081492
55921,369,117,3,1236830369
55922,369,836,3,1237082062
55923,369,2183,3,1236830316
55924,369,124,3,1236830468
55925,369,5115,3,1237082313
55926,369,142,3,1237082876
55927,369,2184,3,1236830416
55928,369,395,4,1236830385
55929,369,1603,2,1236830407
55930,369,157,4,1236830355
55931,369,1627,3,1237082050
55932,369,167,4,1237083087
55933,369,172,2,1237081490
55934,369,179,4,1237083071
55935,369,1179,3,1237082046
55936,369,181,3,1237082866
55937,369,1650,4,1237083040
55938,369,1659,3,1236830498
55939,369,6148,3,1237082609
55940,369,5066,2,1236830503
55941,369,188,3,1237081552
55942,369,1180,3,1237082037
55943,369,191,3,1237081666
55944,369,193,4,1237083069
55945,369,199,4,1237081547
55946,369,1121,4,1237081544
55947,369,1041,4,1237081540
55948,369,1870,3,1236830508
55949,369,4271,3,1237082590
55950,369,1757,3,1237082832
55951,369,230,3,1237081641
55952,369,1019,3,1237082825
55953,369,1872,4,1237082267
55954,369,278,3,1237082020
55955,369,1022,4,1237083040
55956,369,440,3,1237082016
55957,369,1810,3,1237082257
55958,369,4091,3,1237081631
55959,369,445,4,1237082006
55960,369,1191,3,1237082810
55961,369,2632,3,1237081629
55962,369,1878,2,1237082247
55963,369,1125,4,1237083040
55964,369,5364,4,1237081995
55965,369,1832,3,1237081992
55966,369,5748,3,1237081793
55967,369,1199,3,1237082782
55968,369,856,4,1237081985
55969,369,3192,3,1237082209
55970,369,2775,3,1237082530
55971,369,235,3,1237082753
55972,369,773,3,1237081522
55973,369,3143,3,1237083089
55974,369,2780,2,1237082509
55975,369,1130,4,1237083057
55976,369,1227,4,1237082183
55977,369,784,4,1237082713
55978,369,3354,3,1237081611
55979,369,3149,5,1237081756
55980,369,1237,4,1237081606
55981,369,3150,3,1237081608
55982,369,7087,3,1237082470
55983,369,5752,3,1237081750
55984,369,2299,3,1237081747
55985,369,1251,3,1237081937
55986,369,3152,3,1237082459
55987,369,2722,3,1237081737
55988,369,4860,3,1237082456
55989,369,2316,4,1237082157
55990,369,1905,4,1237082988
55991,369,2058,4,1237082150
55992,369,3435,4,1237082441
55993,369,1056,3,1237082146
55994,370,463,3,1159162930
55995,370,4,3,1159162973
55996,370,5,4,1159161956
55997,370,521,3,1159161782
55998,370,13,4,1159162033
55999,370,466,3,1159162914
56000,370,16,2,1159162949
56001,370,589,3,1159161974
56002,370,17,5,1159161996
56003,370,233,3,1159162027
56004,370,611,1,1159161736
56005,370,23,3,1159162899
56006,370,473,4,1159162844
56007,370,1095,3,1159162739
56008,370,479,4,1159162840
56009,370,34,4,1159162833
56010,370,35,4,1159162622
56011,370,37,2,1159162782
56012,370,1160,4,1159162030
56013,370,62,4,1159162614
56014,370,63,2,1159162018
56015,370,68,2,1159162023
56016,370,69,2,1159162861
56017,370,70,2,1159162718
56018,370,71,4,1159162040
56019,370,74,2,1159162853
56020,370,82,4,1159162923
56021,370,356,3,1159162630
56022,370,1456,4,1159161869
56023,370,360,4,1159161768
56024,370,90,4,1159164147
56025,370,98,3,1159161759
56026,370,1009,4,1159161795
56027,370,2461,3,1159161812
56028,370,108,3,1159164388
56029,370,988,3,1159162916
56030,370,109,1,1159162796
56031,370,1516,2,1159161888
56032,370,110,4,1159161827
56033,370,382,4,1159164384
56034,370,1544,3,1159164385
56035,370,135,4,1159164152
56036,370,136,1,1159163455
56037,370,148,4,1159161821
56038,370,1609,3,1159164181
56039,370,163,4,1159162567
56040,370,167,4,1159162886
56041,370,1001,3,1159164372
56042,370,2187,4,1159163370
56043,370,172,1,1159162932
56044,370,179,3,1159161785
56045,370,181,3,1159164176
56046,370,402,4,1159162905
56047,370,185,3,1159162710
56048,370,1180,3,1159162641
56049,370,193,4,1159162964
56050,370,198,4,1159162652
56051,370,1183,3,1159161854
56052,370,423,4,1159162618
56053,370,741,3,1159164360
56054,370,1022,4,1159162976
56055,370,434,3,1159164363
56056,370,445,3,1159164366
56057,370,1191,2,1159162999
56058,370,745,4,1159163415
56059,370,1125,4,1159163478
56060,370,1126,4,1159161964
56061,370,754,4,1159163419
56062,370,758,1,1159161874
56063,370,763,4,1159163476
56064,370,1127,3,1159163483
56065,370,765,4,1159163439
56066,370,766,3,1159163380
56067,370,769,3,1159164201
56068,370,876,3,1159161838
56069,370,771,4,1159163431
56070,370,235,4,1159161893
56071,370,773,3,1159164206
56072,370,2251,4,1159317697
56073,370,775,4,1159161761
56074,370,1130,4,1159161969
56075,370,1048,3,1159163489
56076,370,2048,3,1159162773
56077,370,783,4,1159164350
56078,370,795,4,1159164344
56079,370,2272,4,1159163372
56080,370,807,4,1159317596
56081,370,810,3,1159163435
56082,370,1244,3,1159162808
56083,370,1249,4,1159162970
56084,370,896,3,1159162677
56085,370,1251,4,1159317230
56086,370,2307,4,1159163472
56087,371,1401,4,1407691602
56088,371,34,4,1407692720
56089,371,39,4,1407691681
56090,371,2073,5,1407692836
56091,371,724,5,1407692564
56092,371,351,5,1407692540
56093,371,72,5,1407692577
56094,371,84,5,1407692597
56095,371,2084,5,1407692391
56096,371,93,3,1407691648
56097,371,108,4,1407691581
56098,371,1516,5,1407692349
56099,371,2091,4,1407692899
56100,371,1571,3,1407691730
56101,371,2573,5,1407692510
56102,371,154,5,1407691610
56103,371,167,5,1407692313
56104,371,174,3,1407691722
56105,371,5513,5,1407692820
56106,371,195,4,1407692701
56107,371,1118,5,1407692427
56108,371,229,4,1407692706
56109,371,230,4,1407691803
56110,371,1019,4,1407691739
56111,371,1808,4,1407692220
56112,371,445,4,1407692697
56113,371,4495,4,1407692060
56114,371,754,4,1407692691
56115,371,4118,4,1407692888
56116,371,769,5,1407692315
56117,371,2047,5,1407691571
56118,371,773,5,1407692318
56119,371,775,4,1407692688
56120,371,1130,5,1407692473
56121,371,4302,4,1407692031
56122,371,2126,4,1407691892
56123,371,7088,5,1407692401
56124,371,5026,5,1407692489
56125,371,1934,4,1407691948
56126,371,6910,5,1407692554
56127,371,7089,5,1407692450
56128,372,1,3,874416443
56129,372,3,5,874415865
56130,372,486,2,874415441
56131,372,487,3,874416808
56132,372,488,4,874415285
56133,372,3679,4,874416949
56134,372,491,4,874415966
56135,372,292,3,874416570
56136,372,496,4,874415164
56137,372,260,2,874416808
56138,372,293,4,874415441
56139,372,461,4,874415934
56140,372,462,3,874414994
56141,372,463,3,874417086
56142,372,499,4,874415991
56143,372,4,5,874417240
56144,372,1401,2,874416616
56145,372,5,5,874414678
56146,372,295,4,874416234
56147,372,505,3,874415902
56148,372,6,3,874415199
56149,372,4664,2,874416544
56150,372,4037,2,874416280
56151,372,8,4,874415284
56152,372,1094,3,874416234
56153,372,521,2,874416492
56154,372,525,4,874416092
56155,372,2545,2,874415402
56156,372,464,3,874415328
56157,372,10,3,874416773
56158,372,529,2,874416196
56159,372,531,4,874415062
56160,372,11,3,874416773
56161,372,3607,3,874416058
56162,372,532,4,874417141
56163,372,4877,2,874415603
56164,372,3001,5,874417240
56165,372,548,2,874416493
56166,372,13,4,874414916
56167,372,5556,4,874416196
56168,372,15,2,874415560
56169,372,2433,4,874416571
56170,372,573,2,874416808
56171,372,2653,3,874416842
56172,372,16,4,874414749
56173,372,467,3,874416748
56174,372,577,2,874416493
56175,372,2071,3,874416280
56176,372,581,3,874415164
56177,372,3052,3,874416992
56178,372,583,4,874415062
56179,372,589,4,874415440
56180,372,17,4,874416907
56181,372,470,5,874414869
56182,372,18,5,874416615
56183,372,233,5,874417242
56184,372,2436,4,874415021
56185,372,1408,2,874416992
56186,372,7090,4,874415062
56187,372,604,2,874416748
56188,372,606,3,874416699
56189,372,611,2,874416544
56190,372,21,3,874415126
56191,372,314,4,874416338
56192,372,614,2,874416880
56193,372,617,3,874416992
56194,372,472,4,874415832
56195,372,622,5,874417242
56196,372,473,5,874417241
56197,372,2893,3,874416443
56198,372,628,2,874416092
56199,372,2548,2,874416842
56200,372,316,3,874416570
56201,372,2167,3,874415199
56202,372,637,4,874416443
56203,372,317,3,874416614
56204,372,2439,2,874416032
56205,372,26,5,874414994
56206,372,2426,3,874415126
56207,372,475,4,874416120
56208,372,654,4,874415991
56209,372,657,3,874416493
56210,372,476,4,874416317
56211,372,29,5,874417241
56212,372,975,4,874414947
56213,372,321,3,874416092
56214,372,1095,4,874415865
56215,372,32,4,874416880
56216,372,1158,4,874416615
56217,372,6310,3,874416493
56218,372,323,4,874415991
56219,372,479,4,874415666
56220,372,33,3,874417021
56221,372,34,3,874416699
56222,372,35,4,874414916
56223,372,324,4,874415516
56224,372,37,5,874415328
56225,372,674,2,874416615
56226,372,675,4,874416842
56227,372,261,2,874416808
56228,372,5700,2,874416545
56229,372,685,2,874416880
56230,372,686,2,874416389
56231,372,688,2,874415726
56232,372,41,4,874416493
56233,372,42,4,874416317
56234,372,1160,3,874415934
56235,372,695,4,874415517
56236,372,328,2,874415402
56237,372,702,4,874414806
56238,372,1028,5,874415441
56239,372,3006,2,874416032
56240,372,7091,2,874416992
56241,372,329,4,874416120
56242,372,1438,3,874414948
56243,372,333,4,874414749
56244,372,337,3,874417022
56245,372,724,2,874416443
56246,372,1443,4,874415062
56247,372,2395,4,874415666
56248,372,1772,2,874416661
56249,372,3282,3,874416120
56250,372,1774,3,874415832
56251,372,54,2,874416493
56252,372,56,3,874416699
56253,372,2667,2,874416661
56254,372,1135,5,874417240
56255,372,3545,4,874415199
56256,372,58,2,874416949
56257,372,1449,3,874416317
56258,372,5576,2,874414588
56259,372,341,3,874414409
56260,372,60,4,874416032
56261,372,720,3,874416949
56262,372,61,3,874416614
56263,372,343,4,874415251
56264,372,62,2,874415285
56265,372,344,3,874414678
56266,372,63,5,874414806
56267,372,64,4,874416661
56268,372,65,3,874416907
56269,372,833,3,874417087
56270,372,66,4,874414869
56271,372,67,4,874416949
56272,372,1451,2,874416338
56273,372,3699,4,874414749
56274,372,3700,4,874416234
56275,372,68,3,874415666
56276,372,2175,3,874416360
56277,372,3499,5,874415441
56278,372,349,5,874414409
56279,372,350,2,874415902
56280,372,69,4,874414869
56281,372,70,4,874414948
56282,372,71,5,874417242
56283,372,351,3,874414806
56284,372,1029,5,874415726
56285,372,1103,4,874415355
56286,372,352,4,874414749
56287,372,2396,5,874414948
56288,372,72,2,874416234
56289,372,73,5,874417241
56290,372,74,5,874415402
56291,372,75,5,874415832
56292,372,76,5,874417086
56293,372,1452,5,874415164
56294,372,77,3,874415516
56295,372,78,3,874415775
56296,372,1137,5,874415199
56297,372,79,3,874415355
56298,372,80,4,874415603
56299,372,1164,3,874416317
56300,372,2079,3,874416949
56301,372,82,3,874415328
56302,372,2397,5,874415164
56303,372,2081,3,874416443
56304,372,1165,3,874414916
56305,372,726,3,874415560
56306,372,2083,4,874415865
56307,372,1454,3,874415516
56308,372,84,4,874415560
56309,372,356,4,874414806
56310,372,1109,5,874416196
56311,372,85,4,874415833
56312,372,86,5,874417243
56313,372,2084,1,874415483
56314,372,87,3,874415727
56315,372,88,2,874417086
56316,372,1456,3,874415251
56317,372,3705,2,874415832
56318,372,90,5,874415776
56319,372,1457,4,874415199
56320,372,270,3,874415328
56321,372,2178,3,874416389
56322,372,5564,2,874416661
56323,372,866,4,874415603
56324,372,4894,4,874416773
56325,372,1030,2,874416842
56326,372,7092,3,874416280
56327,372,7093,2,874416058
56328,372,1166,4,874415164
56329,372,994,5,874414749
56330,372,977,3,874415901
56331,372,4050,5,874415328
56332,372,978,5,874417141
56333,372,1167,3,874415902
56334,372,1472,4,874416545
56335,372,2147,5,874416544
56336,372,2668,4,874415666
56337,372,2420,3,874415865
56338,372,1475,3,874415902
56339,372,4895,4,874416280
56340,372,1476,3,874414410
56341,372,95,5,874416908
56342,372,4051,5,874415021
56343,372,3711,3,874414449
56344,372,3016,2,874414409
56345,372,2429,2,874416808
56346,372,980,3,874414521
56347,372,2087,2,874414521
56348,372,1483,2,874414588
56349,372,1484,3,874414521
56350,372,4864,1,874414521
56351,372,3285,2,874414588
56352,372,727,4,874414409
56353,372,982,3,874414449
56354,372,4667,4,874414521
56355,372,1007,2,874414588
56356,372,365,3,874414521
56357,372,7094,2,874414409
56358,372,5708,2,874414409
56359,372,1499,3,874414521
56360,372,984,3,874414409
56361,372,728,4,874415865
56362,372,231,1,874415441
56363,372,232,2,874416032
56364,373,1,3,846830172
56365,373,482,3,846830111
56366,373,3,5,846830247
56367,373,488,2,846830094
56368,373,491,4,846830296
56369,373,493,1,846830035
56370,373,292,1,846830035
56371,373,494,3,846830333
56372,373,496,5,846830207
56373,373,293,4,846830055
56374,373,461,4,846830015
56375,373,972,1,846830190
56376,373,4,5,846829997
56377,373,5,5,846830055
56378,373,503,3,846830521
56379,373,516,2,846830128
56380,373,8,4,846829968
56381,373,1094,5,846830279
56382,373,525,4,846830149
56383,373,464,2,846829840
56384,373,465,3,846829862
56385,373,528,3,846830207
56386,373,530,1,846830073
56387,373,11,1,846830333
56388,373,533,2,846830207
56389,373,5288,2,846830488
56390,373,1405,1,846830094
56391,373,539,1,846830349
56392,373,540,3,846829949
56393,373,541,1,846830172
56394,373,545,2,846830149
56395,373,3001,4,846830503
56396,373,549,3,846830439
56397,373,550,2,846829949
56398,373,12,3,846830457
56399,373,557,3,846830279
56400,373,558,2,846830035
56401,373,559,4,846830364
56402,373,14,1,846829901
56403,373,15,4,846830191
56404,373,561,3,846830128
56405,373,2433,5,846830536
56406,373,466,5,846829968
56407,373,571,2,846830228
56408,373,308,5,846830228
56409,373,468,4,846830073
56410,373,578,5,846830316
56411,373,3052,4,846830424
56412,373,584,4,846830111
56413,373,585,3,846829968
56414,373,588,3,846829926
56415,373,17,5,846829840
56416,373,470,3,846830015
56417,373,1005,5,846830521
56418,373,233,5,846829926
56419,373,604,5,846830149
56420,373,1409,3,846830503
56421,373,471,3,846829862
56422,373,609,3,846830094
56423,373,611,3,846830228
56424,373,613,1,846830296
56425,373,21,4,846829926
56426,373,314,3,846830073
56427,373,22,1,846830403
56428,373,472,5,846829997
56429,373,23,1,846829997
56430,373,620,3,846830473
56431,373,622,2,846829997
56432,373,474,3,846829997
56433,373,1156,5,846830457
56434,373,634,3,846829926
56435,373,635,1,846830094
56436,373,637,3,846830073
56437,373,640,2,846830424
56438,373,26,3,846829901
56439,373,643,1,846830296
56440,373,2426,5,846830388
56441,373,318,5,846830457
56442,373,27,4,846829926
56443,373,28,2,846830016
56444,373,657,5,846830149
56445,373,320,4,846830111
56446,373,660,1,846830316
56447,373,29,5,846830055
56448,373,322,3,846830035
56449,373,665,3,846830458
56450,373,1420,5,846830190
56451,373,2501,1,846830247
56452,373,828,3,846830035
56453,373,671,3,846830015
56454,373,479,3,846829968
56455,373,33,4,846829840
56456,373,34,3,846829840
56457,373,35,5,846829884
56458,373,480,5,846830279
56459,373,36,5,846830457
56460,373,674,4,846830439
56461,373,38,4,846830246
56462,373,41,3,846830364
56463,373,42,3,846830149
56464,374,8,5,849089153
56465,374,464,3,849089035
56466,374,465,4,849089070
56467,374,531,4,849089153
56468,374,532,3,849089070
56469,374,540,3,849089153
56470,374,550,3,849089153
56471,374,14,4,849089104
56472,374,17,5,849089035
56473,374,18,3,849089103
56474,374,233,4,849089125
56475,374,600,3,849089125
56476,374,471,4,849089070
56477,374,20,3,849089103
56478,374,21,4,849089103
56479,374,473,5,849089035
56480,374,634,3,849089125
56481,374,26,3,849089070
56482,374,27,4,849089125
56483,374,323,3,849089070
56484,374,33,3,849089035
56485,374,34,3,849089035
56486,374,324,3,849089103
56487,374,1429,1,849089286
56488,374,43,4,849089184
56489,374,1452,5,849089401
56490,374,77,3,849089349
56491,374,84,4,849089349
56492,374,1461,4,849089401
56493,374,1462,3,849089401
56494,374,1464,4,849089401
56495,374,2903,5,849089401
56496,374,1166,5,849089245
56497,375,293,5,1225314381
56498,375,233,5,1225314378
56499,375,471,4,1225314371
56500,375,21,4,1225314369
56501,375,28,3,1225314367
56502,375,324,3,1225314365
56503,375,481,3,1225314361
56504,375,1774,3,1225230212
56505,375,2446,5,1225230145
56506,375,69,5,1225314356
56507,375,4051,5,1225230702
56508,375,980,2,1225230696
56509,375,2453,3,1225230713
56510,375,982,3,1225230673
56511,375,728,4,1225314353
56512,375,1518,3,1225230758
56513,375,2463,4,1225230780
56514,375,113,4,1225230152
56515,375,731,0,1225314350
56516,375,379,4,1225314346
56517,375,992,4,1225230234
56518,375,124,4,1225230807
56519,375,2682,4,1225230747
56520,375,170,3,1225230736
56521,375,172,1,1225314341
56522,375,1640,3,1225230848
56523,375,402,5,1225314338
56524,375,2589,4,1225230886
56525,375,2201,5,1225314397
56526,375,220,5,1225314336
56527,375,432,4,1225314333
56528,375,445,5,1225314330
56529,375,2316,5,1225230892
56530,376,487,4,1364994181
56531,376,493,2,1364994453
56532,376,293,5,1364994049
56533,376,516,3,1364994336
56534,376,8,3,1364993995
56535,376,464,5,1364933598
56536,376,531,5,1364993850
56537,376,532,3,1364994100
56538,376,540,4,1364994299
56539,376,561,4,1364932557
56540,376,569,3,1364932658
56541,376,16,4,1364933330
56542,376,588,4,1364994265
56543,376,605,4,1364994353
56544,376,471,2,1364994072
56545,376,20,4,1364994143
56546,376,21,3,1364993979
56547,376,973,4,1364932581
56548,376,473,3,1364958532
56549,376,474,4,1364994571
56550,376,639,4,1364994281
56551,376,26,4,1364933765
56552,376,27,4,1364993985
56553,376,29,4,1364932898
56554,376,322,4,1364994231
56555,376,1095,5,1364994224
56556,376,828,2,1364994249
56557,376,671,4,1364994218
56558,376,479,5,1364933317
56559,376,33,3,1364958528
56560,376,38,5,1364994087
56561,376,41,4,1364994137
56562,376,1097,5,1364933013
56563,376,723,4,1364994426
56564,376,43,4,1364994009
56565,376,264,3,1364932717
56566,376,1028,4,1364994077
56567,376,336,4,1364994347
56568,376,1098,4,1364933827
56569,376,66,3,1364933310
56570,376,725,4,1364994494
56571,376,1100,5,1364932995
56572,376,69,4,1364933358
56573,376,70,4,1364994154
56574,376,71,4,1364994056
56575,376,351,3,1364932841
56576,376,1029,3,1364994290
56577,376,74,4,1364933342
56578,376,76,5,1364994191
56579,376,1452,3,1364933655
56580,376,1137,4,1364932910
56581,376,1105,5,1364932833
56582,376,1139,4,1364933092
56583,376,82,4,1364933335
56584,376,2083,4,1364932686
56585,376,1107,4,1364933031
56586,376,84,4,1364994409
56587,376,2145,4,1364932636
56588,376,85,4,1364933800
56589,376,86,4,1364933313
56590,376,90,4,1364994188
56591,376,866,4,1364994443
56592,376,1166,4,1364994530
56593,376,271,3,1364932651
56594,376,1469,3,1364932606
56595,376,1140,3,1364932611
56596,376,2147,4,1364994473
56597,376,94,4,1364932574
56598,376,1484,4,1364932724
56599,376,99,2,1364994394
56600,376,1031,2,1364994269
56601,376,102,4,1364958569
56602,376,727,4,1364994506
56603,376,728,4,1364994463
56604,376,988,3,1364994119
56605,376,992,3,1364932675
56606,376,836,5,1364994564
56607,376,120,5,1364994520
56608,376,135,4,1364994487
56609,376,1037,4,1364932644
56610,376,157,4,1364932744
56611,376,160,3,1364932564
56612,376,167,3,1364994024
56613,376,172,4,1364994169
56614,376,400,2,1364994312
56615,376,180,3,1364994623
56616,376,1643,1,1364994544
56617,376,181,4,1364933305
56618,376,1865,2,1364932735
56619,376,402,4,1364994092
56620,376,403,4,1364932551
56621,376,183,4,1364994553
56622,376,188,4,1364933712
56623,376,195,4,1364994437
56624,376,3550,5,1364933098
56625,376,2201,4,1364958462
56626,376,219,4,1364933832
56627,376,741,4,1364994661
56628,376,445,5,1364933036
56629,376,745,4,1364994164
56630,376,458,4,1364994696
56631,376,1126,4,1364932968
56632,376,754,4,1364933127
56633,376,755,4,1364994501
56634,376,2220,5,1364994803
56635,376,758,4,1364994701
56636,376,1199,5,1364958369
56637,376,759,5,1364994389
56638,376,765,3,1364933227
56639,376,766,4,1364994668
56640,376,769,3,1364994684
56641,376,775,4,1364994243
56642,376,1047,4,1364933397
56643,376,1130,2,1364933155
56644,376,784,5,1364958410
56645,376,236,3,1364933479
56646,376,795,3,1364994610
56647,376,810,4,1364994643
56648,376,1242,4,1364933349
56649,376,1248,5,1364933430
56650,376,238,4,1364933220
56651,376,824,5,1364958316
56652,376,903,5,1364958413
56653,376,1912,5,1364994841
56654,376,1056,4,1364932826
56655,376,5626,4,1364993929
56656,376,245,4,1364932803
56657,376,1322,4,1364958295
56658,376,1943,5,1364958405
56659,376,951,4,1364994983
56660,376,2830,5,1364994775
56661,376,5282,5,1364958286
56662,376,2411,5,1364994754
56663,377,493,2,1340342704
56664,377,293,4,1340342216
56665,377,461,4,1340347654
56666,377,464,5,1340345170
56667,377,2071,4,1340341951
56668,377,471,3,1340342723
56669,377,474,4,1340342774
56670,377,2501,4,1340341855
56671,377,6707,5,1340343623
56672,377,2996,3,1340345459
56673,377,264,4,1340341886
56674,377,3694,2,1340344005
56675,377,2754,4,1340345156
56676,377,724,5,1340342347
56677,377,3543,4,1340343456
56678,377,3282,4,1340342317
56679,377,57,4,1340343403
56680,377,266,3,1340341947
56681,377,67,3,1340342681
56682,377,3499,4,1340341876
56683,377,1029,4,1340343440
56684,377,352,5,1340342211
56685,377,73,5,1340345165
56686,377,76,5,1340343421
56687,377,1452,5,1340345437
56688,377,354,4,1340343678
56689,377,1106,3,1340344449
56690,377,2901,4,1340341924
56691,377,2755,4,1340342565
56692,377,2145,4,1340341828
56693,377,1455,4,1340345468
56694,377,2084,5,1340343315
56695,377,1464,3,1340341890
56696,377,271,4,1340341846
56697,377,6188,4,1340342568
56698,377,99,4,1340347510
56699,377,115,3,1340343495
56700,377,4169,4,1340343549
56701,377,380,2,1340341895
56702,377,1547,3,1340342674
56703,377,997,3,1340342098
56704,377,134,4,1340341831
56705,377,4064,5,1340342291
56706,377,1568,3,1340343467
56707,377,2680,4,1340342782
56708,377,6379,2,1340347465
56709,377,2152,4,1340342352
56710,377,3642,4,1340347658
56711,377,1618,4,1340341839
56712,377,174,3,1340341901
56713,377,400,4,1340347518
56714,377,1641,3,1340345307
56715,377,405,5,1340343300
56716,377,3606,4,1340343303
56717,377,1651,3,1340343994
56718,377,184,4,1340342256
56719,377,185,4,1340343891
56720,377,5313,3,1340343501
56721,377,1682,4,1340342818
56722,377,4081,4,1340342559
56723,377,2403,5,1340343921
56724,377,5202,4,1340345650
56725,377,1718,5,1340344403
56726,377,5741,2,1340345499
56727,377,7095,4,1340342656
56728,377,1749,4,1340343428
56729,377,5439,4,1340345693
56730,377,2612,1,1340343278
56731,377,1019,2,1340341933
56732,377,6406,3,1340342631
56733,377,1806,0,1340344438
56734,377,4928,3,1340343345
56735,377,3237,4,1340343857
56736,377,6984,5,1340342648
56737,377,6923,5,1340342526
56738,377,747,3,1340342614
56739,377,7096,4,1340342196
56740,377,1146,3,1340341917
56741,377,2949,4,1340343627
56742,377,4697,4,1340342233
56743,377,7097,4,1340344368
56744,377,4160,3,1340344455
56745,377,3326,4,1340342499
56746,377,7098,2,1340342964
56747,377,7099,5,1340347427
56748,377,7100,5,1340342311
56749,377,848,3,1340347507
56750,377,7101,2,1340342120
56751,377,284,4,1340344298
56752,377,7102,3,1340347450
56753,377,7103,5,1340343910
56754,377,3563,4,1340343319
56755,377,3596,5,1340344302
56756,377,7104,3,1340347438
56757,377,7105,4,1340347472
56758,377,1214,5,1340343557
56759,377,7106,3,1340343864
56760,377,7107,3,1340343436
56761,377,2778,5,1340343282
56762,377,7108,2,1340342278
56763,377,7109,4,1340343594
56764,377,2406,4,1340343334
56765,377,2255,4,1340344393
56766,377,7110,5,1340343359
56767,377,7111,4,1340342977
56768,377,7112,4,1340347454
56769,377,7113,1,1340343541
56770,377,1227,4,1340344130
56771,377,5237,5,1340344293
56772,377,7114,2,1340344443
56773,377,6947,3,1340342092
56774,377,7115,3,1340344230
56775,377,801,4,1340347597
56776,377,7116,4,1340343100
56777,377,6668,2,1340342895
56778,377,2127,4,1340342479
56779,377,7117,5,1340342545
56780,377,900,3,1340342419
56781,377,5261,0,1340343642
56782,377,7118,3,1340345611
56783,377,4698,3,1340342327
56784,377,7119,4,1340347445
56785,377,7120,4,1340342914
56786,377,927,4,1340347557
56787,377,7121,4,1340343396
56788,377,7122,4,1340345653
56789,377,3158,3,1340344027
56790,377,7123,4,1340343926
56791,377,1067,5,1340347578
56792,377,7124,3,1340347424
56793,377,7125,3,1340347431
56794,378,1,4,1445347576
56795,378,462,4,1445347078
56796,378,233,4,1445345873
56797,378,472,4,1445347879
56798,378,29,4,1445345874
56799,378,35,4,1445345929
56800,378,1028,3,1445345918
56801,378,1102,4,1445347051
56802,378,75,4,1445346216
56803,378,729,4,1445347284
56804,378,148,4,1445345927
56805,378,193,3,1445345887
56806,378,736,4,1445347203
56807,378,278,3,1445347508
56808,378,1022,3,1445347138
56809,378,445,3,1445347927
56810,378,754,4,1445345881
56811,378,765,4,1445345919
56812,378,771,4,1445347884
56813,378,774,3,1445347057
56814,378,775,4,1445345878
56815,378,236,3,1445347485
56816,378,1230,4,1445347890
56817,378,795,4,1445347900
56818,378,810,4,1445347578
56819,378,1251,4,1445346981
56820,378,1133,3,1445347029
56821,378,238,4,1445347871
56822,378,1052,5,1445347573
56823,378,903,3,1445347583
56824,378,239,4,1445347569
56825,378,1916,3,1445346999
56826,378,2383,4,1445347416
56827,378,1152,4,1445347894
56828,378,916,4,1445346206
56829,378,2991,4,1445347310
56830,378,242,2,1445347912
56831,378,243,4,1445347007
56832,378,1134,4,1445346989
56833,378,245,5,1445345866
56834,378,1332,3,1445347243
56835,378,1068,2,1445347528
56836,378,250,4,1445346199
56837,378,2830,3,1445346976
56838,378,252,3,1445346195
56839,378,253,4,1445347279
56840,378,254,4,1445347872
56841,378,1362,4,1445346979
56842,379,493,2,847397556
56843,379,292,2,847397556
56844,379,461,5,847397499
56845,379,4,3,847397459
56846,379,8,5,847397381
56847,379,464,5,847397201
56848,379,465,3,847397247
56849,379,531,4,847397381
56850,379,532,2,847397247
56851,379,540,4,847397381
56852,379,550,3,847397381
56853,379,466,3,847397421
56854,379,588,4,847397342
56855,379,17,2,847397202
56856,379,18,3,847397292
56857,379,233,3,847397342
56858,379,605,3,847397421
56859,379,471,2,847397247
56860,379,20,4,847397292
56861,379,21,5,847397292
56862,379,472,3,847397459
56863,379,23,2,847397459
56864,379,622,2,847397459
56865,379,473,4,847397202
56866,379,634,3,847397342
56867,379,639,4,847397421
56868,379,26,5,847397247
56869,379,27,4,847397342
56870,379,28,3,847397459
56871,379,29,3,847397556
56872,379,322,4,847397556
56873,379,671,3,847397499
56874,379,479,4,847397421
56875,379,33,5,847397201
56876,379,34,3,847397201
56877,379,481,3,847397499
56878,380,1,5,1493420345
56879,380,482,5,1493420295
56880,380,3,5,1494278663
56881,380,487,5,1493419787
56882,380,1400,4,1493668065
56883,380,491,3,1494803499
56884,380,2658,4,1494278868
56885,380,493,5,1493667522
56886,380,292,2,1493422718
56887,380,293,5,1493494899
56888,380,461,4,1493420018
56889,380,972,4,1493667678
56890,380,4,5,1493494893
56891,380,1401,3,1493423481
56892,380,5,4,1493420347
56893,380,503,4,1494035896
56894,380,6,5,1493423196
56895,380,508,3,1494278971
56896,380,516,3,1493420301
56897,380,519,3,1493420135
56898,380,1403,5,1493667822
56899,380,8,4,1493419805
56900,380,526,3,1494035743
56901,380,7126,1,1494036422
56902,380,465,3,1493667398
56903,380,528,3,1493667610
56904,380,530,3,1493423480
56905,380,11,5,1493420576
56906,380,532,5,1493667390
56907,380,1027,4,1493667733
56908,380,1405,4,1493420577
56909,380,539,4,1493668147
56910,380,540,3,1493420292
56911,380,547,3,1494035868
56912,380,550,3,1493419790
56913,380,12,3,1494035850
56914,380,13,4,1494278665
56915,380,14,4,1494278654
56916,380,563,3,1494036015
56917,380,571,2,1508170166
56918,380,16,5,1493419753
56919,380,589,5,1493419784
56920,380,17,5,1493420341
56921,380,595,3,1494036261
56922,380,18,5,1494278656
56923,380,598,4,1493422855
56924,380,233,3,1493419865
56925,380,600,3,1493420030
56926,380,602,3,1494279073
56927,380,1409,3,1493668034
56928,380,471,5,1493494897
56929,380,611,5,1493420250
56930,380,613,2,1494035831
56931,380,21,5,1493420342
56932,380,472,5,1493474112
56933,380,618,3,1494036103
56934,380,23,5,1494278653
56935,380,619,4,1493420579
56936,380,622,5,1493494896
56937,380,1411,3,1494035914
56938,380,473,5,1493494895
56939,380,4861,2,1494036132
56940,380,627,3,1508170289
56941,380,474,3,1494803503
56942,380,634,3,1494803448
56943,380,1157,5,1494803501
56944,380,26,4,1493420352
56945,380,643,4,1494803594
56946,380,27,5,1493419900
56947,380,648,5,1494803592
56948,380,28,4,1494803423
56949,380,2655,2,1494035944
56950,380,1095,5,1493474355
56951,380,667,3,1494035920
56952,380,1420,5,1493420127
56953,380,1158,5,1493420567
56954,380,2501,2,1495234398
56955,380,828,4,1494803432
56956,380,671,3,1494803428
56957,380,323,5,1493474467
56958,380,479,5,1493473853
56959,380,34,3,1494803413
56960,380,35,5,1493473943
56961,380,480,4,1494803505
56962,380,324,4,1494803415
56963,380,36,4,1494803583
56964,380,37,4,1493494891
56965,380,673,4,1494279029
56966,380,674,3,1494803864
56967,380,676,4,1494279043
56968,380,38,4,1493667391
56969,380,1159,3,1493667559
56970,380,39,3,1494803683
56971,380,40,4,1494278735
56972,380,684,3,1495234943
56973,380,688,3,1494803916
56974,380,263,5,1493473914
56975,380,41,3,1493667403
56976,380,42,3,1493667400
56977,380,2660,2,1493668030
56978,380,1097,5,1493474061
56979,380,2996,3,1495234673
56980,380,723,5,1493474137
56981,380,1429,3,1493668074
56982,380,43,4,1493420350
56983,380,693,3,1493667686
56984,380,2427,3,1493419885
56985,380,1431,2,1493420133
56986,380,695,5,1494278842
56987,380,2662,2,1494278898
56988,380,701,4,1493667960
56989,380,703,2,1493668047
56990,380,264,3,1494803862
56991,380,1028,4,1493419869
56992,380,331,3,1494803693
56993,380,45,3,1493474195
56994,380,724,4,1508109502
56995,380,2395,4,1494803542
56996,380,1445,4,1494804728
56997,380,3169,5,1493474405
56998,380,716,3,1493668097
56999,380,1772,4,1494035992
57000,380,1161,3,1494804003
57001,380,1774,3,1494803762
57002,380,2446,4,1508437448
57003,380,863,4,1494803560
57004,380,54,4,1494803778
57005,380,2667,3,1494804481
57006,380,1775,3,1494803558
57007,380,1135,5,1493474088
57008,380,832,3,1494804015
57009,380,1449,4,1494278787
57010,380,721,4,1493668095
57011,380,61,4,1493473982
57012,380,343,5,1493422710
57013,380,62,5,1493474107
57014,380,63,4,1493419782
57015,380,66,4,1493419978
57016,380,725,3,1494803483
57017,380,2998,4,1494804195
57018,380,67,4,1493474012
57019,380,1451,4,1493473910
57020,380,68,5,1493473845
57021,380,1100,5,1493420569
57022,380,1102,4,1494803420
57023,380,69,5,1493419755
57024,380,70,3,1502325733
57025,380,71,5,1493419758
57026,380,351,5,1493474239
57027,380,1029,5,1493423198
57028,380,1103,5,1493473855
57029,380,1104,5,1494803535
57030,380,73,4,1493474214
57031,380,74,5,1493419767
57032,380,75,5,1493474014
57033,380,76,5,1493474048
57034,380,1452,5,1494035747
57035,380,77,4,1494803477
57036,380,78,5,1493474197
57037,380,1137,5,1493474216
57038,380,79,5,1493474209
57039,380,1105,5,1493473895
57040,380,1138,3,1494803739
57041,380,1139,5,1493474277
57042,380,82,5,1493473846
57043,380,83,4,1494804191
57044,380,84,4,1493420038
57045,380,1109,5,1494803890
57046,380,85,5,1493420459
57047,380,357,5,1493423478
57048,380,86,5,1493473813
57049,380,87,5,1493473999
57050,380,1111,4,1494803670
57051,380,88,5,1493474405
57052,380,1112,4,1494804503
57053,380,89,3,1494803608
57054,380,90,5,1493419770
57055,380,2751,4,1493423483
57056,380,4057,5,1501787160
57057,380,1461,4,1494803655
57058,380,1462,3,1494035825
57059,380,1030,5,1494803896
57060,380,92,4,1494804580
57061,380,2903,3,1494804165
57062,380,1166,5,1493420129
57063,380,1467,4,1493668068
57064,380,1468,4,1494803808
57065,380,978,4,1494803529
57066,380,93,3,1494035744
57067,380,1474,3,1494803516
57068,380,979,3,1494035899
57069,380,2147,4,1493473978
57070,380,3015,4,1494804382
57071,380,362,4,1493667550
57072,380,1476,2,1493419881
57073,380,1485,4,1494803493
57074,380,2562,3,1493668084
57075,380,5997,2,1495235358
57076,380,1487,2,1494278846
57077,380,3285,3,1494804545
57078,380,99,3,1493420298
57079,380,1031,4,1493420020
57080,380,1168,4,1493667555
57081,380,100,4,1494803555
57082,380,1491,1,1493667980
57083,380,1492,3,1493667753
57084,380,1493,4,1493667953
57085,380,101,5,1493667527
57086,380,102,5,1493473986
57087,380,1495,3,1495235630
57088,380,103,4,1494803993
57089,380,1496,3,1494278916
57090,380,4667,5,1493667997
57091,380,1007,3,1493667820
57092,380,728,4,1493474432
57093,380,104,5,1493420021
57094,380,1032,4,1494803474
57095,380,1505,4,1494278948
57096,380,834,3,1494803680
57097,380,108,5,1493419889
57098,380,1507,3,1493668192
57099,380,729,4,1493473812
57100,380,1510,3,1493667690
57101,380,1511,3,1494278922
57102,380,1512,2,1493667800
57103,380,988,2,1493667395
57104,380,1514,5,1493765184
57105,380,1169,2,1493667735
57106,380,5713,3,1495235300
57107,380,109,5,1493667467
57108,380,5744,2,1495234963
57109,380,4060,2,1494279006
57110,380,2673,3,1493668150
57111,380,110,3,1494932491
57112,380,1521,3,1495235126
57113,380,1524,3,1494803927
57114,380,4220,3,1495234830
57115,380,1526,3,1494279157
57116,380,996,3,1493765186
57117,380,990,3,1493667794
57118,380,3172,4,1494279122
57119,380,376,5,1493423190
57120,380,1033,4,1493667724
57121,380,1534,3,1494803955
57122,380,731,3,1493420299
57123,380,114,4,1494804542
57124,380,116,5,1493474242
57125,380,117,5,1494803843
57126,380,1538,4,1508436774
57127,380,4062,2,1494804515
57128,380,2999,5,1494804017
57129,380,6370,3,1536874792
57130,380,1543,4,1494803767
57131,380,2905,3,1494803575
57132,380,118,4,1493473965
57133,380,1034,4,1508109492
57134,380,992,3,1494035840
57135,380,1544,5,1494803657
57136,380,1545,4,1494804350
57137,380,119,3,1508784891
57138,380,1777,4,1494803566
57139,380,3547,4,1536873291
57140,380,836,4,1495475860
57141,380,120,4,1494803461
57142,380,121,3,1494803933
57143,380,837,3,1494803667
57144,380,122,5,1493473912
57145,380,2677,3,1494279027
57146,380,125,4,1536874755
57147,380,1556,3,1508170381
57148,380,1557,3,1494035965
57149,380,384,5,1494803781
57150,380,128,4,1494803764
57151,380,272,3,1494803700
57152,380,1035,4,1494803554
57153,380,1779,5,1494804695
57154,380,1036,3,1494803881
57155,380,1780,3,1494803942
57156,380,1562,2,1494036163
57157,380,131,5,1494803986
57158,380,132,3,1493423191
57159,380,998,3,1494803640
57160,380,134,3,1494803713
57161,380,135,5,1493474185
57162,380,2680,5,1493474212
57163,380,138,4,1494804361
57164,380,1571,4,1494803884
57165,380,141,4,1494803715
57166,380,1575,5,1493667726
57167,380,142,4,1494803480
57168,380,143,5,1493474398
57169,380,1580,2,1509058531
57170,380,146,4,1494803706
57171,380,1037,3,1494803711
57172,380,1592,4,1495476202
57173,380,273,5,1493474158
57174,380,1593,4,1495234349
57175,380,1595,3,1493668228
57176,380,1597,4,1494932495
57177,380,1598,3,1495234976
57178,380,3289,2,1509047561
57179,380,150,3,1494803531
57180,380,1601,5,1493422722
57181,380,151,5,1494803979
57182,380,1606,3,1494804670
57183,380,1861,3,1494804739
57184,380,5101,2,1509047666
57185,380,1608,5,1493420480
57186,380,3229,4,1495475805
57187,380,1863,4,1494804252
57188,380,1864,5,1493473882
57189,380,2576,3,1494804652
57190,380,1173,4,1494804156
57191,380,1175,5,1508777836
57192,380,1176,3,1494804665
57193,380,1614,4,1495475763
57194,380,2916,4,1494804716
57195,380,1618,5,1494803702
57196,380,160,5,1494803628
57197,380,6193,3,1509047808
57198,380,5500,4,1494804532
57199,380,164,3,1494804272
57200,380,165,5,1493473851
57201,380,2918,3,1494804710
57202,380,166,3,1493419882
57203,380,167,4,1493419763
57204,380,3549,4,1495234817
57205,380,171,5,1494803496
57206,380,172,4,1494803425
57207,380,173,4,1494803540
57208,380,174,3,1494803838
57209,380,176,5,1495475781
57210,380,7127,3,1536875205
57211,380,6454,3,1537040520
57212,380,400,3,1494803445
57213,380,1640,5,1493420261
57214,380,1003,2,1494803743
57215,380,180,5,1508109351
57216,380,734,4,1494803659
57217,380,1642,4,1495475688
57218,380,2585,3,1494804538
57219,380,181,5,1493473858
57220,380,735,3,1494803848
57221,380,1644,3,1494804330
57222,380,1645,3,1494804509
57223,380,1646,4,1494803915
57224,380,2489,3,1494804634
57225,380,1648,4,1494803840
57226,380,182,4,1493420312
57227,380,402,5,1493473932
57228,380,4696,4,1509047637
57229,380,1650,4,1493474361
57230,380,405,4,1508347027
57231,380,183,3,1494803485
57232,380,1653,4,1494803602
57233,380,2589,3,1494804318
57234,380,1658,3,1494804234
57235,380,2188,4,1494804442
57236,380,1659,3,1494804391
57237,380,1660,2,1509047630
57238,380,2592,4,1494803861
57239,380,840,4,1536875753
57240,380,188,5,1493474429
57241,380,1180,4,1493474087
57242,380,408,4,1493473863
57243,380,190,5,1493423209
57244,380,191,5,1493473806
57245,380,192,5,1493473806
57246,380,1181,5,1493473799
57247,380,1182,3,1494803963
57248,380,193,4,1494803410
57249,380,1669,4,1494803866
57250,380,194,5,1494803559
57251,380,5129,3,1494804241
57252,380,195,5,1493419980
57253,380,1866,4,1494804530
57254,380,1867,5,1494804474
57255,380,196,4,1494804280
57256,380,197,3,1493473818
57257,380,198,4,1493473888
57258,380,4080,4,1493474436
57259,380,199,5,1494803646
57260,380,200,3,1494804269
57261,380,2157,4,1536873228
57262,380,201,5,1508882909
57263,380,5746,3,1495234979
57264,380,1682,2,1494804753
57265,380,1183,4,1495476083
57266,380,1684,5,1502222411
57267,380,1688,4,1494804180
57268,380,736,5,1493473886
57269,380,1038,4,1494804502
57270,380,416,5,1493473941
57271,380,1692,5,1494036170
57272,380,2198,4,1494804366
57273,380,209,3,1494035741
57274,380,1697,3,1494804226
57275,380,3235,4,1494036120
57276,380,1699,3,1494035952
57277,380,2100,4,1494036091
57278,380,4083,4,1494804428
57279,380,2204,4,1494036265
57280,380,210,1,1509047475
57281,380,1185,4,1494803798
57282,380,1011,4,1493473910
57283,380,1701,3,1494613127
57284,380,4867,4,1502672887
57285,380,1705,2,1494804649
57286,380,2403,4,1494803931
57287,380,422,3,1493423336
57288,380,1718,5,1493474237
57289,380,1122,5,1493474150
57290,380,1790,4,1494804279
57291,380,213,1,1494036147
57292,380,3301,4,1494613204
57293,380,1722,3,1494803569
57294,380,1725,4,1493420425
57295,380,218,4,1494803803
57296,380,1039,5,1494803792
57297,380,424,5,1493473945
57298,380,1040,4,1494613064
57299,380,6198,3,1494613769
57300,380,219,5,1493474135
57301,380,1733,3,1494613189
57302,380,1041,5,1494613024
57303,380,1737,4,1494804750
57304,380,4084,2,1509047981
57305,380,5203,2,1494613433
57306,380,220,4,1493474154
57307,380,1794,3,1494613312
57308,380,738,4,1493423325
57309,380,1014,3,1508109559
57310,380,1868,4,1502233086
57311,380,1869,5,1494804458
57312,380,1870,4,1494804348
57313,380,222,3,1494804568
57314,380,2607,1,1494613300
57315,380,223,5,1493474062
57316,380,6200,3,1536874018
57317,380,5615,2,1495475964
57318,380,1871,4,1494804159
57319,380,1747,4,1495475915
57320,380,224,5,1493473834
57321,380,225,5,1493473860
57322,380,1750,4,1494804144
57323,380,1015,3,1494613014
57324,380,227,5,1494804237
57325,380,1187,4,1493420090
57326,380,1758,1,1494613425
57327,380,1795,3,1494613100
57328,380,1761,3,1494613422
57329,380,229,5,1494613078
57330,380,1017,3,1494613151
57331,380,4274,2,1494613262
57332,380,1018,4,1494804184
57333,380,1768,2,1509048181
57334,380,1872,5,1494803925
57335,380,739,4,1494804313
57336,380,6714,2,1494613486
57337,380,740,5,1494613061
57338,380,2935,3,1495475489
57339,380,1797,3,1493423339
57340,380,741,3,1493423332
57341,380,4493,2,1494613242
57342,380,1873,3,1495476015
57343,380,1799,3,1494613173
57344,380,1800,3,1494613121
57345,380,3742,3,1494613395
57346,380,742,4,1494613090
57347,380,432,3,1494613080
57348,380,2475,3,1494613366
57349,380,1802,3,1494613248
57350,380,433,4,1508436504
57351,380,1874,4,1536873826
57352,380,1022,5,1494613084
57353,380,434,3,1494803673
57354,380,1803,4,1493420199
57355,380,743,3,1494613018
57356,380,1043,4,1494613082
57357,380,1805,3,1494613108
57358,380,2043,4,1494613349
57359,380,1876,4,1508428908
57360,380,3140,5,1494804209
57361,380,1023,3,1494528256
57362,380,3239,2,1494613614
57363,380,445,5,1493419802
57364,380,1811,3,1494528327
57365,380,2212,3,1494613279
57366,380,4092,3,1494528818
57367,380,1191,3,1494803618
57368,380,1812,4,1494613049
57369,380,1813,3,1494613139
57370,380,745,5,1493473936
57371,380,451,3,1494528197
57372,380,1192,4,1494804607
57373,380,2214,4,1494613177
57374,380,1814,3,1494613148
57375,380,1815,5,1493420358
57376,380,1816,4,1494528249
57377,380,4939,1,1509047617
57378,380,1817,3,1494528252
57379,380,747,3,1494528195
57380,380,3643,3,1494613335
57381,380,3318,4,1494613404
57382,380,4095,3,1508437558
57383,380,7128,4,1536875656
57384,380,1819,3,1494528279
57385,380,6420,3,1502233006
57386,380,6005,4,1536875760
57387,380,6037,3,1536873502
57388,380,1146,5,1493473954
57389,380,1822,4,1494528266
57390,380,748,3,1494613045
57391,380,2650,4,1508437027
57392,380,1880,3,1494613145
57393,380,1194,4,1494613230
57394,380,5139,3,1494529465
57395,380,3497,4,1494528778
57396,380,7129,3,1494528872
57397,380,1827,5,1494530192
57398,380,2123,5,1493473810
57399,380,751,4,1494528276
57400,380,2950,3,1494528780
57401,380,1125,4,1494528167
57402,380,752,5,1493473866
57403,380,3615,4,1494528649
57404,380,2513,2,1494528317
57405,380,458,3,1494528181
57406,380,4233,2,1508436461
57407,380,753,3,1494528161
57408,380,2717,3,1494613044
57409,380,2404,4,1494804719
57410,380,1833,3,1494613492
57411,380,754,5,1493423199
57412,380,2219,4,1494528799
57413,380,2220,4,1494528202
57414,380,2953,3,1536874144
57415,380,5748,4,1494267664
57416,380,280,2,1494268065
57417,380,2221,3,1494036169
57418,380,3645,2,1494267498
57419,380,4161,5,1494528916
57420,380,2498,4,1494267624
57421,380,3646,3,1494267880
57422,380,6504,3,1494267625
57423,380,7130,2,1509048037
57424,380,2222,4,1494267437
57425,380,1839,3,1494613222
57426,380,756,4,1494528190
57427,380,1881,4,1494267350
57428,380,1840,5,1494266402
57429,380,5208,3,1494268052
57430,380,1198,3,1494528286
57431,380,1841,3,1494528660
57432,380,1842,4,1494613099
57433,380,1843,4,1494267469
57434,380,5377,3,1494530283
57435,380,757,4,1494528163
57436,380,1844,3,1494267595
57437,380,870,4,1494613028
57438,380,758,3,1494528183
57439,380,1845,4,1494528277
57440,380,3327,2,1494613224
57441,380,1199,4,1494528166
57442,380,1846,3,1494528650
57443,380,3328,5,1493420144
57444,380,759,4,1494528159
57445,380,2477,2,1494267424
57446,380,760,4,1494528191
57447,380,1847,4,1494267462
57448,380,761,5,1493420520
57449,380,7131,3,1494268109
57450,380,5869,4,1494267654
57451,380,762,3,1494528193
57452,380,4964,4,1494613522
57453,380,849,3,1494267375
57454,380,2703,4,1494267391
57455,380,3329,4,1495475921
57456,380,1200,4,1494528330
57457,380,5388,3,1494268086
57458,380,763,5,1493420453
57459,380,3748,3,1494528812
57460,380,1203,3,1494528205
57461,380,3186,4,1494804788
57462,380,6038,3,1494267641
57463,380,5495,3,1494267780
57464,380,764,3,1494528187
57465,380,6221,5,1494267837
57466,380,852,3,1494266397
57467,380,2752,3,1493473938
57468,380,4970,5,1508437185
57469,380,1204,5,1493420522
57470,380,1205,3,1494267435
57471,380,765,5,1493423201
57472,380,873,3,1494528677
57473,380,4839,4,1494267629
57474,380,1045,5,1493494879
57475,380,766,4,1494528180
57476,380,767,4,1493420515
57477,380,5872,1,1494267959
57478,380,3654,2,1494268069
57479,380,1147,4,1493423330
57480,380,3069,3,1494528747
57481,380,1853,3,1494267470
57482,380,1854,3,1494267353
57483,380,6223,4,1494268143
57484,380,3191,4,1494528264
57485,380,6224,4,1494613766
57486,380,2478,3,1495234801
57487,380,5140,3,1494071596
57488,380,7010,4,1494267834
57489,380,2233,3,1508777884
57490,380,1207,3,1494071340
57491,380,5409,2,1494071608
57492,380,1857,4,1494528673
57493,380,2958,5,1494071332
57494,380,768,5,1493423328
57495,380,3656,2,1494530209
57496,380,1128,5,1493474314
57497,380,769,4,1494071223
57498,380,1209,4,1493420076
57499,380,876,4,1493473848
57500,380,3332,3,1494071366
57501,380,1046,3,1493423038
57502,380,1883,3,1494071354
57503,380,770,3,1494267351
57504,380,2235,4,1494071267
57505,380,771,5,1493419904
57506,380,3070,4,1494267362
57507,380,3659,4,1494071514
57508,380,3071,2,1494071421
57509,380,3662,2,1494528375
57510,380,5877,4,1494071605
57511,380,2960,5,1501787017
57512,380,6228,5,1495476034
57513,380,5852,3,1494267967
57514,380,3334,4,1494530204
57515,380,1213,3,1494071433
57516,380,2047,5,1493423327
57517,380,2106,3,1501787201
57518,380,4127,3,1495475681
57519,380,3259,4,1494267365
57520,380,3336,4,1494267598
57521,380,3668,4,1494071612
57522,380,2962,3,1494036233
57523,380,6230,3,1494036344
57524,380,1215,4,1493474370
57525,380,772,3,1493420082
57526,380,1148,4,1493420509
57527,380,235,4,1494071216
57528,380,2964,3,1494071627
57529,380,1216,2,1494071489
57530,380,7132,3,1494071710
57531,380,773,3,1494071247
57532,380,3195,3,1494266394
57533,380,878,4,1494071260
57534,380,3671,4,1494268193
57535,380,2243,5,1494071296
57536,380,3617,3,1494071528
57537,380,2245,4,1494267408
57538,380,3673,2,1494267996
57539,380,3261,3,1494804306
57540,380,3142,5,1494613172
57541,380,5521,5,1495475766
57542,380,4982,3,1508436433
57543,380,1129,5,1494804448
57544,380,774,4,1493419984
57545,380,1218,4,1494071249
57546,380,775,5,1493419769
57547,380,4983,3,1494528822
57548,380,2969,4,1494071496
57549,380,4506,4,1508436474
57550,380,1047,4,1493420073
57551,380,883,3,1494528246
57552,380,7133,4,1495476138
57553,380,4286,3,1494071470
57554,380,6238,3,1494794582
57555,380,4185,3,1494071530
57556,380,5226,3,1494267889
57557,380,1222,5,1493419981
57558,380,5886,4,1494267863
57559,380,3144,5,1493474344
57560,380,1048,3,1493423253
57561,380,4508,4,1494071579
57562,380,2517,3,1494794310
57563,380,777,4,1494071321
57564,380,3345,3,1494071350
57565,380,886,3,1493419974
57566,380,1149,4,1495475821
57567,380,1884,4,1493473816
57568,380,1885,4,1536873821
57569,380,1886,3,1536873963
57570,380,4136,5,1508437397
57571,380,6241,4,1495235436
57572,380,6242,3,1509048041
57573,380,5524,5,1494528748
57574,380,779,4,1494071221
57575,380,1226,3,1494528248
57576,380,780,3,1493423264
57577,380,2120,3,1494613399
57578,380,2753,4,1494071364
57579,380,3759,2,1494794518
57580,380,4141,3,1508436902
57581,380,7134,3,1494267841
57582,380,782,3,1494071309
57583,380,887,3,1494071288
57584,380,783,5,1493423265
57585,380,4892,3,1494071521
57586,380,1227,3,1494528281
57587,380,1049,5,1494071258
57588,380,784,3,1494071228
57589,380,785,1,1494071594
57590,380,3350,3,1494528670
57591,380,786,3,1494267355
57592,380,236,5,1493419959
57593,380,2265,3,1494267406
57594,380,5620,2,1494796454
57595,380,5232,4,1494267658
57596,380,3352,4,1494071474
57597,380,788,4,1494267454
57598,380,3353,3,1494071693
57599,380,2266,5,1493420010
57600,380,1229,5,1494267373
57601,380,3355,3,1494528716
57602,380,1230,4,1494071302
57603,380,793,4,1494071292
57604,380,795,4,1493423255
57605,380,796,3,1494071516
57606,380,6250,2,1494796576
57607,380,890,3,1494794430
57608,380,798,4,1494071305
57609,380,799,2,1508109506
57610,380,3357,3,1494528671
57611,380,7135,4,1508436906
57612,380,4302,5,1493474345
57613,380,4857,4,1494036125
57614,380,4988,5,1494036419
57615,380,7136,3,1495235498
57616,380,6257,5,1495475718
57617,380,7137,3,1494796776
57618,380,3072,4,1494071436
57619,380,7138,2,1536873731
57620,380,3073,4,1494267406
57621,380,5242,3,1494613629
57622,380,1132,5,1493420517
57623,380,2280,4,1494267647
57624,380,2281,1,1494796581
57625,380,2484,4,1494796227
57626,380,7139,3,1494796911
57627,380,6260,4,1494267919
57628,380,1235,4,1494267457
57629,380,5903,2,1494696395
57630,380,2050,5,1493420079
57631,380,1237,2,1494071273
57632,380,1891,3,1494267361
57633,380,5905,4,1494267936
57634,380,5751,2,1494267649
57635,380,5908,2,1494267803
57636,380,5909,2,1494696986
57637,380,2126,4,1494071319
57638,380,7140,1,1494268159
57639,380,7141,2,1494267771
57640,380,803,5,1494071378
57641,380,5913,3,1494697296
57642,380,4991,3,1494267847
57643,380,5914,3,1494267818
57644,380,804,3,1494696357
57645,380,805,3,1494071518
57646,380,7142,4,1495475952
57647,380,807,4,1493423259
57648,380,3774,3,1494071622
57649,380,7143,3,1509048332
57650,380,1239,4,1494794343
57651,380,6043,3,1494267844
57652,380,808,4,1494071450
57653,380,5918,3,1494696484
57654,380,3368,4,1494071670
57655,380,809,4,1494071244
57656,380,1240,3,1494267384
57657,380,7144,2,1494796934
57658,380,895,2,1493420188
57659,380,810,5,1493423255
57660,380,6265,5,1494071733
57661,380,812,3,1493419970
57662,380,3216,4,1494071460
57663,380,6669,3,1494268028
57664,380,1241,4,1494071334
57665,380,1892,3,1493419963
57666,380,813,3,1494266400
57667,380,4992,2,1494268004
57668,380,1242,5,1493420179
57669,380,5923,3,1494071673
57670,380,4993,4,1494794542
57671,380,5247,3,1494071663
57672,380,4313,3,1494071510
57673,380,1243,3,1494267574
57674,380,5009,3,1495051482
57675,380,1244,5,1494071285
57676,380,5925,3,1494697818
57677,380,5753,4,1494071659
57678,380,6267,3,1494267830
57679,380,5857,3,1494071735
57680,380,4994,3,1494071559
57681,380,2292,3,1494071678
57682,380,1247,5,1494071376
57683,380,4838,4,1494071651
57684,380,1248,5,1494071345
57685,380,1249,5,1493473890
57686,380,6045,3,1494696958
57687,380,3600,4,1494071453
57688,380,4758,2,1494268049
57689,380,2297,4,1494071438
57690,380,7145,3,1494696709
57691,380,7146,3,1494796925
57692,380,6270,4,1494268133
57693,380,3372,5,1494071536
57694,380,1894,5,1494071252
57695,380,5931,4,1494267876
57696,380,1895,3,1494071270
57697,380,2300,3,1494071300
57698,380,5754,4,1494267797
57699,380,4996,2,1494268117
57700,380,3379,2,1494071484
57701,380,5252,3,1494267795
57702,380,5684,3,1494071757
57703,380,4759,3,1494794566
57704,380,5937,3,1494696659
57705,380,2305,1,1494071690
57706,380,2306,4,1494071568
57707,380,7147,3,1536873977
57708,380,1251,4,1493419814
57709,380,1254,4,1493419908
57710,380,4516,2,1494071638
57711,380,5253,5,1494071560
57712,380,1896,5,1494071361
57713,380,3383,4,1524264849
57714,380,1897,3,1493423392
57715,380,817,4,1493419967
57716,380,818,2,1494071317
57717,380,2977,2,1494696322
57718,380,1255,5,1493420071
57719,380,3388,4,1494071730
57720,380,5755,1,1494071585
57721,380,821,3,1494696123
57722,380,3389,4,1494696378
57723,380,1257,3,1494071564
57724,380,1899,3,1494071374
57725,380,5000,2,1494071700
57726,380,7148,3,1494696967
57727,380,1258,4,1494071499
57728,380,3075,3,1494696158
57729,380,6673,4,1494696473
57730,380,1050,4,1494071427
57731,380,1133,5,1494071230
57732,380,6674,3,1494796464
57733,380,5946,3,1494697820
57734,380,1052,5,1493419808
57735,380,2978,3,1494071552
57736,380,3796,5,1494696354
57737,380,3797,2,1494697326
57738,380,824,5,1494071225
57739,380,825,4,1494071393
57740,380,4519,4,1494071749
57741,380,3077,3,1494071618
57742,380,1260,5,1494071629
57743,380,5546,1,1494696678
57744,380,3514,3,1536873348
57745,380,2984,2,1494696345
57746,380,2985,3,1494696234
57747,380,3079,3,1494696270
57748,380,2326,5,1493419906
57749,380,900,4,1494071246
57750,380,3401,4,1494696423
57751,380,7149,3,1494696940
57752,380,5259,3,1494696725
57753,380,2056,4,1494804410
57754,380,5260,4,1494696643
57755,380,2979,3,1494690900
57756,380,7150,2,1494268146
57757,380,2332,4,1494071658
57758,380,3153,4,1494804334
57759,380,1906,2,1502223415
57760,380,1264,3,1494803831
57761,380,1267,3,1494696200
57762,380,2057,3,1494696163
57763,380,1268,2,1494690916
57764,380,1269,3,1493423386
57765,380,2519,5,1493420177
57766,380,3154,5,1494804187
57767,380,1270,4,1493423394
57768,380,903,3,1493420412
57769,380,2987,5,1494696189
57770,380,2338,5,1494690915
57771,380,2988,5,1494696298
57772,380,3418,3,1494696247
57773,380,3421,2,1494696294
57774,380,5866,3,1494696926
57775,380,2059,4,1493420465
57776,380,6683,3,1494696944
57777,380,3424,4,1494696190
57778,380,5760,4,1494696372
57779,380,1054,4,1493420181
57780,380,1909,4,1509132958
57781,380,2989,2,1494696310
57782,380,5685,5,1508436498
57783,380,2129,4,1502046287
57784,380,1277,4,1494696263
57785,380,1278,4,1494696151
57786,380,1279,5,1493420622
57787,380,1910,3,1502542167
57788,380,7151,3,1495475893
57789,380,239,5,1493419875
57790,380,1055,5,1493420404
57791,380,1912,5,1494803853
57792,380,1282,4,1493420646
57793,380,1284,4,1494696122
57794,380,1056,5,1493420402
57795,380,1285,2,1493422770
57796,380,3082,4,1508200700
57797,380,5262,3,1502542367
57798,380,3441,3,1494696467
57799,380,1286,3,1494803815
57800,380,7152,4,1494796768
57801,380,5765,3,1494696415
57802,380,6292,4,1493473883
57803,380,1915,2,1494696399
57804,380,2367,3,1494696360
57805,380,2374,2,1494696461
57806,380,912,4,1494690927
57807,380,7153,4,1494697213
57808,380,2380,4,1494796551
57809,380,2381,2,1494696386
57810,380,5769,4,1494697220
57811,380,7154,3,1494696984
57812,380,3155,5,1493474192
57813,380,7155,4,1509048063
57814,380,2990,5,1494696245
57815,380,2387,4,1493420929
57816,380,6295,3,1493421452
57817,380,1292,4,1494696134
57818,380,1293,2,1493420762
57819,380,4326,3,1494635505
57820,380,241,3,1493420409
57821,380,7156,4,1493421366
57822,380,1059,5,1493423383
57823,380,1296,4,1493420740
57824,380,1152,4,1493420468
57825,380,1918,3,1493420793
57826,380,916,5,1493420232
57827,380,1297,4,1493420470
57828,380,4739,3,1494635604
57829,380,2991,4,1493420647
57830,380,918,4,1494803761
57831,380,5268,2,1494635627
57832,380,1061,5,1508179980
57833,380,6053,3,1493421684
57834,380,6298,1,1493421695
57835,380,7157,3,1502542738
57836,380,5980,3,1493421247
57837,380,4730,3,1493420836
57838,380,242,3,1494803746
57839,380,3465,4,1493421236
57840,380,3720,4,1502223281
57841,380,3466,4,1493421269
57842,380,7158,3,1493422223
57843,380,927,3,1493420408
57844,380,928,3,1495475851
57845,380,6720,3,1502542318
57846,380,7159,3,1493421563
57847,380,5442,5,1494796632
57848,380,6551,3,1493421437
57849,380,1309,4,1493421245
57850,380,4773,3,1493421130
57851,380,1311,3,1493420902
57852,380,1312,4,1494708634
57853,380,1313,4,1494708632
57854,380,7160,0,1493421410
57855,380,4731,2,1493420896
57856,380,6059,4,1493421145
57857,380,3088,4,1493420838
57858,380,3474,2,1494635915
57859,380,1314,4,1493420822
57860,380,1134,5,1493423210
57861,380,5627,4,1509058833
57862,380,3476,4,1493420988
57863,380,245,5,1493420401
57864,380,6307,5,1493421260
57865,380,1315,2,1493420806
57866,380,4775,3,1493421147
57867,380,1316,4,1493420866
57868,380,1317,2,1494635408
57869,380,1318,4,1493420626
57870,380,1319,3,1494635468
57871,380,3623,2,1494708855
57872,380,1931,4,1508805432
57873,380,1933,4,1494708624
57874,380,1934,4,1493473951
57875,380,3091,3,1493420779
57876,380,7161,5,1493421507
57877,380,3479,5,1493420093
57878,380,6031,4,1493420906
57879,380,3480,5,1493474116
57880,380,7162,5,1493421938
57881,380,3628,4,1493420945
57882,380,6063,4,1493421497
57883,380,3847,5,1493420820
57884,380,2818,3,1493421521
57885,380,6067,2,1494635757
57886,380,1325,5,1493420643
57887,380,5040,4,1493420938
57888,380,6068,3,1493421228
57889,380,1327,5,1493420789
57890,380,2992,4,1493421383
57891,380,3093,2,1494708730
57892,380,1328,5,1493474408
57893,380,3094,2,1493420894
57894,380,1939,4,1494708630
57895,380,1330,5,1493420733
57896,380,1331,5,1493420735
57897,380,4344,4,1493421171
57898,380,7163,3,1493421671
57899,380,6071,4,1494636145
57900,380,1941,5,1493420738
57901,380,1067,5,1493419868
57902,380,6970,3,1536875800
57903,380,7164,5,1493421535
57904,380,2821,4,1494635469
57905,380,2822,5,1493421151
57906,380,1333,3,1494635534
57907,380,1068,3,1494708626
57908,380,250,4,1493474187
57909,380,1334,2,1493420698
57910,380,1944,3,1494804406
57911,380,3632,4,1493421102
57912,380,6949,2,1493421323
57913,380,6085,5,1493421394
57914,380,2994,5,1493421006
57915,380,2530,5,1494635377
57916,380,7165,3,1493422474
57917,380,6979,3,1494635839
57918,380,1948,5,1493420802
57919,380,1069,4,1493420747
57920,380,7166,4,1493421403
57921,380,7167,4,1495476116
57922,380,7168,3,1536873798
57923,380,7169,5,1493421967
57924,380,7170,2,1536875071
57925,380,5819,3,1493421652
57926,380,1336,4,1493420809
57927,380,7171,4,1536875231
57928,380,7172,4,1536875335
57929,380,7173,4,1536874349
57930,380,949,4,1494635368
57931,380,3164,4,1536873192
57932,380,3494,3,1493420881
57933,380,7174,2,1536875473
57934,380,951,2,1494708639
57935,380,1337,4,1494709062
57936,380,1070,3,1493420693
57937,380,4733,5,1493420853
57938,380,7175,2,1493421544
57939,380,3098,3,1494635568
57940,380,4734,5,1493474085
57941,380,7176,3,1493422051
57942,380,7177,3,1493421801
57943,380,1954,5,1493473944
57944,380,1341,5,1493421108
57945,380,3165,5,1493474045
57946,380,1343,5,1494708637
57947,380,2411,4,1493420818
57948,380,4705,4,1493420875
57949,380,252,4,1494708620
57950,380,1345,5,1493474100
57951,380,6097,3,1494709166
57952,380,6098,3,1494708978
57953,380,2831,2,1494709030
57954,380,7178,3,1494709150
57955,380,6102,5,1494709088
57956,380,7179,3,1493422305
57957,380,7180,5,1493421861
57958,380,1346,5,1494804182
57959,380,1347,4,1494804218
57960,380,6103,4,1494709199
57961,380,1957,3,1494708837
57962,380,3101,3,1494708602
57963,380,1960,4,1508374842
57964,380,7181,3,1536874878
57965,380,1072,3,1494708706
57966,380,1349,3,1494708608
57967,380,3102,3,1536873271
57968,380,7182,1,1493422367
57969,380,1350,2,1495388226
57970,380,7183,3,1536873818
57971,380,1351,4,1494708801
57972,380,6107,3,1508339171
57973,380,7184,4,1493421927
57974,380,7185,3,1493421478
57975,380,2835,5,1493474296
57976,380,6559,3,1494709273
57977,380,4365,4,1508436301
57978,380,1969,4,1495388398
57979,380,6579,3,1494709191
57980,380,1353,4,1494708603
57981,380,1354,3,1494708645
57982,380,959,2,1494804203
57983,380,5647,5,1494708909
57984,380,7186,3,1502233002
57985,380,6109,4,1536873634
57986,380,1980,3,1502542929
57987,380,7187,5,1493422282
57988,380,1982,3,1495388337
57989,380,962,4,1495388132
57990,380,1075,5,1493473911
57991,380,2995,4,1495388488
57992,380,1987,2,1495388240
57993,380,3107,3,1508109670
57994,380,1357,5,1493474096
57995,380,6115,3,1508200600
57996,380,1076,5,1502222505
57997,380,1991,4,1508437710
57998,380,4795,5,1493474014
57999,380,1078,5,1493419950
58000,380,6533,2,1495388620
58001,380,7188,3,1493473908
58002,380,6857,3,1495388460
58003,380,5675,3,1495388369
58004,380,1079,5,1493473857
58005,380,1998,5,1493473893
58006,380,1999,3,1493422244
58007,380,5648,4,1494709303
58008,380,2001,3,1494804737
58009,380,3114,3,1495388181
58010,380,967,5,1493420508
58011,380,4716,2,1495388393
58012,380,6034,3,1508109648
58013,380,258,4,1494803849
58014,380,1081,4,1493423194
58015,380,1366,5,1493474014
58016,380,2843,3,1536872751
58017,380,1367,5,1493474123
58018,380,1082,5,1493419946
58019,380,5450,3,1536872699
58020,380,2135,5,1526165814
58021,380,2136,5,1509403737
58022,380,1368,5,1496617026
58023,380,1369,5,1493419810
58024,380,1083,5,1493423214
58025,380,1084,3,1495476114
58026,380,1370,5,1501787006
58027,380,3933,3,1536874659
58028,380,4799,3,1508109696
58029,380,5041,3,1508109656
58030,380,7189,3,1536874232
58031,380,1086,5,1493420282
58032,380,2848,4,1493473809
58033,380,2017,3,1508109587
58034,380,1372,4,1493474245
58035,380,969,4,1508109524
58036,380,2543,2,1508109526
58037,380,7190,4,1536875272
58038,380,2743,3,1508436875
58039,380,5654,4,1493421664
58040,380,5632,3,1534176158
58041,380,3973,4,1508436765
58042,380,3118,3,1501787005
58043,380,5656,3,1536874440
58044,380,5657,3,1493422079
58045,380,5658,5,1493421859
58046,380,5659,3,1493421863
58047,380,5660,3,1536874284
58048,380,5661,4,1536874251
58049,380,5662,3,1494697398
58050,380,1379,3,1502232183
58051,380,6571,4,1501787129
58052,380,5663,4,1508436816
58053,380,6035,4,1537040595
58054,380,1089,5,1508108671
58055,380,7191,4,1508437367
58056,380,1384,5,1502138902
58057,380,1387,3,1508200574
58058,380,6121,3,1501787240
58059,380,3120,3,1508436071
58060,380,7192,3,1536873639
58061,380,4828,3,1508200749
58062,380,7193,3,1509058984
58063,380,7194,4,1501787178
58064,380,1391,4,1494278593
58065,380,2033,4,1495475873
58066,380,5460,4,1508436531
58067,380,1092,5,1493419871
58068,380,7195,3,1508110341
58069,380,6977,4,1508436212
58070,380,4627,5,1508436102
58071,380,2036,5,1501786943
58072,380,1393,5,1493419798
58073,380,2871,4,1508200864
58074,380,7196,3,1508110353
58075,380,6122,2,1494635338
58076,380,3124,4,1508109046
58077,380,7197,4,1494803341
58078,380,7198,5,1536875315
58079,380,7199,3,1508436819
58080,380,7200,3,1508436758
58081,380,5037,5,1536873837
58082,380,6901,2,1508110319
58083,380,2883,3,1503777524
58084,380,1395,3,1508110310
58085,380,2137,4,1508022982
58086,380,7201,2,1536872838
58087,380,7202,4,1536872796
58088,380,3130,4,1536872717
58089,380,3131,0,1536872721
58090,380,7203,4,1536874706
58091,380,5681,3,1536872823
58092,380,3134,3,1536872748
58093,380,2139,3,1531351193
58094,380,3136,4,1536872728
58095,380,2891,4,1534123382
58096,381,1,3,1164383653
58097,381,482,4,1166971855
58098,381,493,2,1165975855
58099,381,293,3,1200824503
58100,381,461,3,1164877286
58101,381,4,2,1166980226
58102,381,1401,3,1165976148
58103,381,5,4,1168576731
58104,381,505,4,1263494357
58105,381,519,3,1165975914
58106,381,464,3,1164876696
58107,381,540,3,1164877341
58108,381,550,1,1164877337
58109,381,14,2,1164877302
58110,381,561,5,1200824412
58111,381,466,4,1171128038
58112,381,571,3,1167543450
58113,381,16,3,1200824545
58114,381,574,4,1168800704
58115,381,588,3,1164877310
58116,381,18,3,1165975719
58117,381,598,3,1165975927
58118,381,233,3,1164383421
58119,381,19,4,1200824513
58120,381,605,3,1165975391
58121,381,471,3,1164877251
58122,381,21,4,1278632776
58123,381,472,4,1164877278
58124,381,23,1,1165975313
58125,381,622,4,1200824560
58126,381,1411,3,1164381946
58127,381,473,3,1164877219
58128,381,633,3,1167542292
58129,381,640,3,1168665906
58130,381,26,4,1164876685
58131,381,27,4,1164876671
58132,381,654,4,1165975976
58133,381,28,4,1166979383
58134,381,322,4,1164877313
58135,381,1420,5,1200823958
58136,381,828,1,1164877371
58137,381,671,4,1165975429
58138,381,323,4,1164877236
58139,381,479,2,1164877216
58140,381,480,2,1166972089
58141,381,324,3,1168662656
58142,381,36,3,1167542956
58143,381,481,4,1164877296
58144,381,37,3,1176325533
58145,381,673,3,1175821270
58146,381,38,3,1164877247
58147,381,1159,3,1165975964
58148,381,39,5,1200824373
58149,381,40,3,1168664486
58150,381,688,3,1167543588
58151,381,41,3,1164877294
58152,381,42,3,1164877263
58153,381,43,4,1164877227
58154,381,693,4,1167543399
58155,381,1431,2,1165975857
58156,381,701,4,1164381983
58157,381,45,4,1200824479
58158,381,1772,3,1175821268
58159,381,863,4,1164876962
58160,381,54,2,1168664528
58161,381,1775,4,1200824251
58162,381,1135,2,1164877369
58163,381,340,5,1278808888
58164,381,61,4,1165287067
58165,381,62,4,1165975908
58166,381,864,3,1168664508
58167,381,66,4,1164876945
58168,381,1451,3,1167543636
58169,381,68,4,1200824320
58170,381,69,3,1200824537
58171,381,70,4,1164383604
58172,381,71,4,1164383449
58173,381,1104,3,1164383649
58174,381,73,2,1170587454
58175,381,74,3,1200824536
58176,381,82,2,1164877334
58177,381,726,4,1165975930
58178,381,84,4,1166891088
58179,381,356,3,1200824550
58180,381,85,3,1164876890
58181,381,86,4,1164877266
58182,381,89,4,1167542614
58183,381,90,3,1164877359
58184,381,1457,4,1200824263
58185,381,866,3,1200824486
58186,381,1474,4,1165975983
58187,381,979,2,1168666250
58188,381,1485,3,1165975973
58189,381,98,4,1165976012
58190,381,99,3,1165975458
58191,381,1031,2,1164383349
58192,381,2455,3,1164382329
58193,381,1168,3,1167542430
58194,381,100,2,1167542174
58195,381,102,4,1164877326
58196,381,727,3,1165975865
58197,381,1032,4,1164383246
58198,381,729,3,1200824508
58199,381,234,4,1165975117
58200,381,988,3,1164877331
58201,381,1514,3,1167542247
58202,381,369,4,1166979121
58203,381,110,4,1200824491
58204,381,113,3,1167543561
58205,381,996,2,1167542164
58206,381,376,4,1167543323
58207,381,1534,2,1167543442
58208,381,731,3,1165975414
58209,381,380,3,1167542994
58210,381,1171,4,1164877386
58211,381,117,5,1200824370
58212,381,382,5,1200824129
58213,381,1544,3,1167542374
58214,381,119,4,1167542517
58215,381,1777,3,1168663095
58216,381,836,3,1165975946
58217,381,120,3,1165975333
58218,381,5199,3,1164381780
58219,381,121,2,1167543551
58220,381,1556,4,1175821229
58221,381,1557,3,1200824399
58222,381,126,3,1164877045
58223,381,128,3,1167543404
58224,381,272,3,1167542980
58225,381,1035,3,1166971995
58226,381,1560,2,1164382262
58227,381,1036,3,1164381726
58228,381,1780,3,1167543564
58229,381,998,3,1167542134
58230,381,134,3,1164877040
58231,381,135,3,1165975937
58232,381,2680,2,1167543455
58233,381,3288,4,1164381936
58234,381,1569,3,1168666143
58235,381,1571,3,1164876960
58236,381,141,4,1167543075
58237,381,5116,3,1164877047
58238,381,142,4,1200823814
58239,381,143,2,1167542541
58240,381,146,4,1167542537
58241,381,147,5,1200823910
58242,381,1593,3,1167542579
58243,381,838,2,1164381764
58244,381,148,4,1200823794
58245,381,150,4,1165976041
58246,381,1601,4,1165975879
58247,381,1608,4,1200823937
58248,381,155,3,1165975503
58249,381,2682,4,1168664708
58250,381,160,3,1167543225
58251,381,3292,4,1168665981
58252,381,163,4,1164383867
58253,381,167,5,1164383856
58254,381,171,4,1165975484
58255,381,172,3,1200824541
58256,381,732,4,1168664472
58257,381,400,3,1165975407
58258,381,179,4,1200823476
58259,381,1003,4,1167542811
58260,381,734,2,1167542302
58261,381,1179,3,1165975876
58262,381,181,4,1164876941
58263,381,735,2,1164877025
58264,381,182,4,1164383681
58265,381,402,5,1200824255
58266,381,1650,4,1200823826
58267,381,183,4,1165975904
58268,381,1653,2,1167543048
58269,381,1658,1,1168666033
58270,381,1180,4,1165975910
58271,381,1182,2,1164381760
58272,381,193,5,1164876419
58273,381,1669,2,1167542800
58274,381,195,3,1165975328
58275,381,1118,4,1200823935
58276,381,201,4,1197265272
58277,381,1183,2,1164876908
58278,381,1684,3,1167543035
58279,381,736,3,1164383929
58280,381,1786,2,1168665940
58281,381,416,2,1166972030
58282,381,208,4,1167543109
58283,381,209,3,1200824494
58284,381,1697,3,1167543670
58285,381,2201,4,1167542577
58286,381,2492,4,1166208586
58287,381,1712,1,1167543238
58288,381,218,4,1175821292
58289,381,1732,3,1167543346
58290,381,2606,2,1167542659
58291,381,1740,1,1167543213
58292,381,738,3,1165976014
58293,381,1014,4,1164381732
58294,381,1756,4,1167543331
58295,381,1187,3,1168663122
58296,381,1016,4,1165975398
58297,381,1795,3,1167542347
58298,381,229,4,1165975387
58299,381,1765,2,1167542604
58300,381,740,4,1167542662
58301,381,1797,3,1167542125
58302,381,278,5,1164842788
58303,381,2512,4,1168666239
58304,381,741,3,1165975434
58305,381,1800,2,1167543281
58306,381,742,3,1167541731
58307,381,432,3,1165975841
58308,381,1802,3,1168666243
58309,381,433,4,1165287087
58310,381,1803,4,1167543120
58311,381,1804,4,1200824420
58312,381,1043,4,1165976142
58313,381,3176,3,1167543507
58314,381,1805,4,1167542305
58315,381,437,4,1165975463
58316,381,3312,2,1168665977
58317,381,445,4,1168800601
58318,381,1811,3,1168665955
58319,381,1812,3,1167543044
58320,381,1813,4,1167542790
58321,381,745,4,1164877390
58322,381,2628,3,1167542239
58323,381,2214,2,1167543668
58324,381,1816,4,1167543070
58325,381,747,3,1166971997
58326,381,868,3,1167542648
58327,381,1146,3,1200823832
58328,381,748,2,1167541817
58329,381,1044,4,1166971967
58330,381,2218,5,1168800720
58331,381,1195,2,1167542356
58332,381,3323,3,1168666005
58333,381,4184,4,1200823623
58334,381,1125,5,1200823906
58335,381,752,4,1164383523
58336,381,2513,3,1167543100
58337,381,458,4,1164876982
58338,381,753,4,1166972007
58339,381,1126,5,1200824153
58340,381,754,4,1200824346
58341,381,755,4,1165975380
58342,381,2124,4,1164876999
58343,381,1839,2,1167543545
58344,381,756,4,1166972011
58345,381,1198,3,1167542261
58346,381,1842,5,1200824311
58347,381,2701,3,1167543574
58348,381,757,3,1200824554
58349,381,870,5,1200824138
58350,381,758,3,1200824539
58351,381,1199,5,1168663116
58352,381,3328,4,1167542675
58353,381,759,3,1165975968
58354,381,2477,2,1168665878
58355,381,760,2,1168664750
58356,381,762,4,1165975455
58357,381,849,3,1200824464
58358,381,763,5,1165975125
58359,381,1849,2,1167542359
58360,381,1202,3,1164876799
58361,381,764,4,1164876974
58362,381,852,4,1167542552
58363,381,765,4,1200824343
58364,381,873,4,1168666047
58365,381,1045,4,1166979367
58366,381,766,4,1165975319
58367,381,1206,5,1164876462
58368,381,1854,2,1167542724
58369,381,3191,4,1164384265
58370,381,1857,3,1168666075
58371,381,768,3,1200824467
58372,381,769,4,1165975402
58373,381,1209,3,1168665928
58374,381,876,5,1200824415
58375,381,1210,4,1165975393
58376,381,3194,4,1164383651
58377,381,1883,3,1167543040
58378,381,2235,2,1166971984
58379,381,771,3,1200823941
58380,381,3070,2,1167542565
58381,381,3071,3,1168664488
58382,381,3662,4,1168666018
58383,381,2960,1,1167543380
58384,381,2047,3,1166979188
58385,381,3259,3,1167543268
58386,381,2107,4,1200824239
58387,381,772,5,1200824260
58388,381,3338,4,1168664484
58389,381,773,3,1164381715
58390,381,3195,4,1167542548
58391,381,2243,3,1170587467
58392,381,2966,3,1167543135
58393,381,2112,2,1164383759
58394,381,2251,3,1166972079
58395,381,1129,4,1167286608
58396,381,774,4,1168664759
58397,381,1218,3,1164876883
58398,381,775,4,1200824344
58399,381,3571,4,1199054385
58400,381,2969,2,1168666178
58401,381,4286,4,1168666051
58402,381,1130,4,1200824433
58403,381,1222,2,1167542531
58404,381,3345,3,1167543277
58405,381,779,3,1168663103
58406,381,1226,3,1167542362
58407,381,3348,4,1262899781
58408,381,780,4,1167541795
58409,381,2753,3,1168664504
58410,381,2048,3,1200824522
58411,381,887,4,1200824242
58412,381,2049,4,1164876803
58413,381,783,3,1167541750
58414,381,1227,3,1167543029
58415,381,1049,4,1167542569
58416,381,784,4,1165975323
58417,381,1228,4,1166599455
58418,381,788,2,1167543064
58419,381,2266,3,1165287082
58420,381,3354,2,1167543227
58421,381,795,4,1164383392
58422,381,797,4,1164383813
58423,381,798,3,1167542983
58424,381,4302,4,1168666062
58425,381,3072,3,1170587491
58426,381,3073,3,1164876995
58427,381,3074,3,1167543673
58428,381,4307,4,1164383471
58429,381,3149,4,1166599477
58430,381,891,5,1164383477
58431,381,1237,3,1164876905
58432,381,3150,2,1167542287
58433,381,801,2,1167542294
58434,381,7204,4,1278738361
58435,381,1150,5,1200824385
58436,381,893,2,1167543163
58437,381,7141,4,1200823769
58438,381,1239,2,1168666068
58439,381,2286,4,1200823739
58440,381,809,3,1200824543
58441,381,1240,3,1167543351
58442,381,895,3,1166971981
58443,381,810,3,1164383184
58444,381,812,3,1167543181
58445,381,3216,3,1164383580
58446,381,1892,3,1167542319
58447,381,813,4,1167542342
58448,381,2974,1,1171128048
58449,381,1242,3,1164383618
58450,381,4313,3,1164877018
58451,381,2290,4,1201405344
58452,381,5752,4,1176050640
58453,381,6671,3,1164876892
58454,381,1894,4,1164876936
58455,381,1895,4,1164876956
58456,381,2300,3,1167541838
58457,381,3374,3,1168664758
58458,381,2054,3,1166980449
58459,381,7205,4,1262899655
58460,381,1250,3,1168664478
58461,381,1251,4,1200824497
58462,381,2307,4,1165287076
58463,381,1252,4,1170587364
58464,381,2486,4,1262899785
58465,381,5858,3,1164382948
58466,381,7206,2,1164383030
58467,381,1896,3,1164383055
58468,381,6274,1,1164383038
58469,381,3383,4,1164382943
58470,381,1897,3,1164383070
58471,381,817,3,1200824469
58472,381,818,4,1164382873
58473,381,1898,1,1164383066
58474,381,3385,4,1167543260
58475,381,1255,3,1164876967
58476,381,2805,4,1170587344
58477,381,3387,3,1165287072
58478,381,2722,4,1164382821
58479,381,821,3,1165975499
58480,381,1256,5,1164383405
58481,381,2311,3,1200824144
58482,381,3389,4,1164382879
58483,381,2055,4,1165286250
58484,381,899,5,1176050612
58485,381,3512,3,1164383001
58486,381,2128,4,1166979907
58487,381,6047,1,1168481279
58488,381,1050,3,1167540037
58489,381,2316,4,1165286958
58490,381,1133,3,1170002296
58491,381,238,5,1164382754
58492,381,1051,5,1200824123
58493,381,1052,4,1164382765
58494,381,3796,3,1165286280
58495,381,824,3,1178867322
58496,381,3395,4,1164382787
58497,381,826,4,1167540057
58498,381,2320,4,1175821036
58499,381,3077,2,1168481319
58500,381,3514,3,1200823885
58501,381,1053,3,1187320076
58502,381,4186,2,1197247442
58503,381,1903,4,1200824315
58504,381,900,3,1173650257
58505,381,5958,3,1175821154
58506,381,3403,3,1199054075
58507,381,2979,1,1199054053
58508,381,3407,4,1187320040
58509,381,1906,3,1199054020
58510,381,1264,4,1199054017
58511,381,7207,2,1262977669
58512,381,3515,4,1200824247
58513,381,1267,2,1199054003
58514,381,2725,5,1187320063
58515,381,2335,4,1200823778
58516,381,1268,4,1187320073
58517,381,2710,2,1199053918
58518,381,1269,3,1187320055
58519,381,2519,4,1187320046
58520,381,4148,5,1197247559
58521,381,3154,3,1197247604
58522,381,1270,3,1187320034
58523,381,903,4,1187320025
58524,381,4250,3,1197247595
58525,381,7208,1,1197247550
58526,381,3420,4,1197247527
58527,381,3516,3,1197247520
58528,381,2059,4,1197247488
58529,381,5965,3,1197247514
58530,381,3424,3,1197247512
58531,381,2060,2,1199053778
58532,381,1054,4,1199053774
58533,381,904,5,1199053717
58534,381,1276,4,1199053720
58535,381,1909,2,1199053726
58536,381,3083,4,1262898713
58537,381,1916,4,1278632832
58538,381,7209,2,1262898117
58539,381,2065,3,1263295212
58540,381,2066,5,1253162131
58541,381,1296,4,1248413859
58542,381,1152,3,1248413784
58543,381,3085,4,1248413815
58544,381,1918,3,1248413830
58545,381,916,4,1248413728
58546,381,4531,2,1248413865
58547,381,1298,1,1248413809
58548,381,3459,2,1248413798
58549,381,918,5,1248413791
58550,381,1299,3,1263398689
58551,381,1061,3,1262898685
58552,381,920,4,1262898702
58553,381,1062,5,1253162138
58554,381,4173,3,1262977639
58555,381,922,3,1262898294
58556,381,3520,5,1262898613
58557,381,2729,4,1262898559
58558,381,1922,5,1262898593
58559,381,5271,4,1262898527
58560,381,926,4,1262898367
58561,381,927,4,1262898482
58562,381,928,4,1262898671
58563,381,1303,3,1263295233
58564,381,3088,3,1278632715
58565,381,3621,3,1278632735
58566,381,1134,4,1278632058
58567,381,1927,3,1278632718
58568,381,931,4,1278632221
58569,381,5984,2,1278632231
58570,382,1,4,1515162628
58571,382,5,5,1515160611
58572,382,464,4,1515162557
58573,382,541,3,1515173845
58574,382,550,3,1515173379
58575,382,304,4,1515161097
58576,382,16,5,1515160692
58577,382,17,5,1515160642
58578,382,233,5,1515160581
58579,382,605,3,1515171007
58580,382,21,4,1515160877
58581,382,314,4,1515161068
58582,382,621,3,1515174691
58583,382,625,3,1515173045
58584,382,1157,3,1515174225
58585,382,639,3,1515173814
58586,382,640,3,1515171100
58587,382,29,5,1515160612
58588,382,323,5,1515160916
58589,382,35,5,1515160658
58590,382,1428,2,1515162305
58591,382,723,5,1515160627
58592,382,690,3,1515250185
58593,382,1028,5,1515160584
58594,382,335,4,1515160874
58595,382,336,5,1515160629
58596,382,7210,3,1515172339
58597,382,59,3,1515171807
58598,382,69,5,1515160696
58599,382,71,5,1515160690
58600,382,1103,4,1515160728
58601,382,2396,5,1515160739
58602,382,74,4,1515161557
58603,382,76,5,1515160736
58604,382,77,5,1515160705
58605,382,1106,5,1515148964
58606,382,85,5,1515160899
58607,382,866,4,1515160989
58608,382,3015,3,1515171363
58609,382,2559,3,1515174737
58610,382,99,3,1515162287
58611,382,1168,3,1515173165
58612,382,1494,3,1515174770
58613,382,103,3,1515174865
58614,382,4149,1,1515163573
58615,382,1032,4,1515160958
58616,382,1507,1,1515163748
58617,382,1511,3,1515161690
58618,382,988,5,1515160906
58619,382,1514,3,1515173463
58620,382,376,4,1515161436
58621,382,731,3,1515173362
58622,382,383,5,1515160652
58623,382,122,4,1515162599
58624,382,126,4,1515174669
58625,382,128,4,1515161431
58626,382,146,3,1515172806
58627,382,1591,3,1515172029
58628,382,1593,4,1515171417
58629,382,150,3,1515172307
58630,382,1861,3,1515172772
58631,382,274,3,1515162619
58632,382,1624,3,1515175166
58633,382,6193,2,1515173883
58634,382,167,5,1515173439
58635,382,172,3,1515161544
58636,382,1637,2,1515174126
58637,382,732,3,1515175027
58638,382,1640,4,1515161389
58639,382,1645,1,1515161273
58640,382,3298,3,1515175134
58641,382,190,4,1515172971
58642,382,191,5,1515172966
58643,382,193,5,1515160618
58644,382,1867,4,1515249560
58645,382,196,3,1515173679
58646,382,197,3,1515172951
58647,382,1184,3,1515161198
58648,382,5203,3,1515161682
58649,382,1870,3,1515172759
58650,382,225,5,1515249411
58651,382,1765,3,1515175005
58652,382,3742,2,1515161308
58653,382,743,3,1515172386
58654,382,1876,4,1515249212
58655,382,5337,1,1515163625
58656,382,1810,3,1515172488
58657,382,445,5,1515160655
58658,382,451,5,1515160984
58659,382,746,3,1515173655
58660,382,7128,3,1515171204
58661,382,868,3,1515172857
58662,382,7211,0,1515163498
58663,382,7212,3,1515173574
58664,382,1822,3,1515173175
58665,382,749,3,1515172658
58666,382,1880,3,1515172930
58667,382,4943,3,1515173731
58668,382,2513,3,1515172375
58669,382,458,4,1515162169
58670,382,754,5,1515160693
58671,382,2953,2,1515174895
58672,382,3646,1,1515163680
58673,382,756,4,1515171411
58674,382,5377,1,1515163660
58675,382,758,4,1515161535
58676,382,848,3,1515162294
58677,382,4500,0,1515163351
58678,382,1200,3,1515172709
58679,382,871,3,1515172890
58680,382,764,4,1515162052
58681,382,765,5,1515160698
58682,382,873,3,1515175061
58683,382,3191,3,1515161056
58684,382,5003,3,1515173514
58685,382,769,4,1515173420
58686,382,877,2,1515174004
58687,382,3662,3,1515172648
58688,382,3664,1,1515173954
58689,382,3337,3,1515172272
58690,382,773,3,1515173412
58691,382,879,3,1515175094
58692,382,775,5,1515162241
58693,382,776,3,1515174633
58694,382,4984,3,1515173711
58695,382,2406,3,1515173613
58696,382,2517,3,1515172672
58697,382,886,4,1515171306
58698,382,1884,3,1515249683
58699,382,1885,3,1515249554
58700,382,1886,3,1515249538
58701,382,1226,3,1515173347
58702,382,780,4,1515162165
58703,382,7213,0,1515163292
58704,382,1227,3,1515162321
58705,382,4244,2,1515248446
58706,382,790,3,1515174410
58707,382,3356,3,1515172547
58708,382,798,3,1515162798
58709,382,7214,0,1515163247
58710,382,7215,2,1515250155
58711,382,893,3,1515175071
58712,382,806,1,1515173993
58713,382,5917,2,1515172096
58714,382,809,4,1515161536
58715,382,1240,3,1515171703
58716,382,2288,4,1515161089
58717,382,811,2,1515174494
58718,382,812,4,1515171073
58719,382,1241,3,1515173299
58720,382,1892,3,1515160970
58721,382,813,3,1515172620
58722,382,4511,1,1515163512
58723,382,2127,4,1515160956
58724,382,1243,3,1515172717
58725,382,1245,3,1515172603
58726,382,814,4,1515172230
58727,382,3585,4,1515161997
58728,382,3782,3,1515174568
58729,382,1894,4,1515162167
58730,382,1895,4,1515162073
58731,382,5250,3,1515174454
58732,382,1253,5,1515160661
58733,382,5942,2,1515174038
58734,382,1897,3,1515162659
58735,382,3385,4,1515160931
58736,382,7216,1,1515173963
58737,382,237,4,1515162344
58738,382,7148,3,1515173781
58739,382,2128,4,1515160923
58740,382,7217,3,1515249750
58741,382,7218,3,1515172221
58742,382,7219,3,1515172451
58743,382,7220,3,1515250230
58744,382,5259,3,1515174537
58745,382,7221,1,1515174055
58746,382,1267,3,1515173302
58747,382,4249,2,1515173932
58748,382,6680,1,1515162391
58749,382,2519,5,1515162161
58750,382,4520,3,1515148883
58751,382,1272,5,1515250291
58752,382,3516,3,1515171694
58753,382,3424,4,1515161062
58754,382,2060,4,1515162047
58755,382,5261,2,1515161212
58756,382,1909,3,1515162765
58757,382,905,3,1515172900
58758,382,1910,3,1515173285
58759,382,5968,4,1515162028
58760,382,239,5,1515160622
58761,382,1055,4,1515161893
58762,382,3080,4,1515162043
58763,382,2522,3,1515174179
58764,382,1056,5,1515160700
58765,382,240,1,1515162339
58766,382,5765,2,1515174079
58767,382,2131,5,1515161977
58768,382,2367,3,1515174934
58769,382,5762,1,1515163557
58770,382,1916,4,1515160889
58771,382,912,3,1515173477
58772,382,5768,3,1515161264
58773,382,1290,5,1515160894
58774,382,7222,3,1515162039
58775,382,4326,3,1515163077
58776,382,241,5,1515160710
58777,382,3085,3,1515248228
58778,382,916,4,1515160733
58779,382,918,4,1515162157
58780,382,290,0,1515163450
58781,382,4730,3,1515174972
58782,382,7223,0,1515163384
58783,382,926,4,1515161153
58784,382,3825,3,1515171260
58785,382,928,4,1515161954
58786,382,3826,1,1515161247
58787,382,3523,3,1515249173
58788,382,1313,4,1515161969
58789,382,1134,5,1515162656
58790,382,245,5,1515160650
58791,382,1929,4,1515162831
58792,382,3841,3,1515161988
58793,382,1934,4,1515162145
58794,382,936,4,1515161451
58795,382,3727,1,1515161636
58796,382,6066,3,1515249326
58797,382,5040,3,1515163070
58798,382,1938,3,1515173240
58799,382,7224,2,1515161610
58800,382,1067,4,1515161896
58801,382,5279,3,1515249636
58802,382,1334,4,1515161955
58803,382,7225,2,1515174811
58804,382,4211,1,1515161253
58805,382,7226,1,1515248680
58806,382,7166,3,1515171759
58807,382,947,4,1515161470
58808,382,7227,0,1515163188
58809,382,1343,4,1515162219
58810,382,252,4,1515160718
58811,382,3877,3,1515249911
58812,382,7228,3,1515171167
58813,382,6101,3,1515172082
58814,382,1346,4,1515161974
58815,382,1957,3,1515163069
58816,382,3101,4,1515173266
58817,382,7229,3,1515162067
58818,382,7230,2,1515161616
58819,382,1074,5,1515162537
58820,382,959,4,1515162225
58821,382,960,3,1515161464
58822,382,4708,3,1515249603
58823,382,1075,4,1515161925
58824,382,6910,3,1515171050
58825,382,1987,3,1515173317
58826,382,3107,3,1515250006
58827,382,2536,4,1515161029
58828,382,4741,3,1515250068
58829,382,7231,2,1515248565
58830,382,7232,3,1515249359
58831,382,4713,3,1515249972
58832,382,1079,4,1515250108
58833,382,7233,3,1515171056
58834,382,2001,4,1515173182
58835,382,6862,3,1515171986
58836,382,3114,4,1515162230
58837,382,258,5,1515249400
58838,382,1367,3,1515161909
58839,382,7234,2,1515249863
58840,382,1369,4,1515161931
58841,382,7235,3,1515248933
58842,382,5041,3,1515162979
58843,382,7236,3,1515248368
58844,382,4721,3,1515171293
58845,382,7237,1,1515163786
58846,382,4592,2,1515249503
58847,382,2848,4,1515162207
58848,382,4593,3,1515171402
58849,382,4722,3,1515248824
58850,382,2853,4,1515149008
58851,382,7238,3,1515171869
58852,382,6120,2,1515249295
58853,382,7239,3,1515172074
58854,382,7240,1,1515162927
58855,382,4611,3,1515248308
58856,382,4827,3,1515249133
58857,382,1091,4,1515162521
58858,382,6939,3,1515248217
58859,382,1092,4,1515161559
58860,382,7241,1,1515163735
58861,383,464,4,943571045
58862,383,322,4,943570784
58863,383,1438,4,943571272
58864,383,69,3,943571184
58865,383,1139,3,943571272
58866,383,726,5,943571137
58867,383,3000,5,943571184
58868,383,1113,4,943571272
58869,383,727,4,943571272
58870,383,2039,3,943571137
58871,383,1543,3,943571184
58872,383,392,5,943569630
58873,383,1609,5,943571137
58874,383,5548,5,943569630
58875,383,6171,3,943570197
58876,383,4492,3,943570197
58877,383,1624,4,943570500
58878,383,2471,5,943570046
58879,383,6597,3,943569666
58880,383,1627,2,943570555
58881,383,1010,3,943570243
58882,383,7242,4,943570197
58883,383,1631,3,943569666
58884,383,2094,5,943569933
58885,383,2472,4,943570446
58886,383,401,1,943570276
58887,383,402,5,943571045
58888,383,3298,4,943569213
58889,383,2594,3,943569367
58890,383,3035,3,943569213
58891,383,5128,4,943569297
58892,383,4910,4,943569128
58893,383,2041,5,943569064
58894,383,2928,4,943569427
58895,384,503,4,994038823
58896,384,13,4,996440857
58897,384,17,5,996441209
58898,384,471,4,993555941
58899,384,614,2,994038747
58900,384,635,1,994038917
58901,384,26,4,994038410
58902,384,27,4,993555899
58903,384,671,3,994038784
58904,384,724,3,994038103
58905,384,3169,3,996440991
58906,384,1135,4,996929966
58907,384,58,2,994038709
58908,384,64,4,994038103
58909,384,2396,5,994038103
58910,384,72,3,996929980
58911,384,79,4,994038410
58912,384,84,4,994038410
58913,384,3015,1,994038936
58914,384,3502,4,996441021
58915,384,4065,1,994038975
58916,384,1583,3,994038727
58917,384,6381,3,994038954
58918,384,4176,3,993555974
58919,384,145,4,994038436
58920,384,6383,1,994038848
58921,384,1601,4,996440857
58922,384,1602,3,996440881
58923,384,1173,2,994038887
58924,384,1174,1,994038917
58925,384,1175,1,994038975
58926,384,163,4,996929917
58927,384,1632,3,996440903
58928,384,7243,3,996441021
58929,384,400,4,996440816
58930,384,1641,2,996440816
58931,384,734,1,996441097
58932,384,1179,4,996440816
58933,384,401,1,994038848
58934,384,1865,3,996441055
58935,384,5063,3,996440991
58936,384,403,3,996441074
58937,384,7244,3,996440939
58938,384,2189,2,996440857
58939,384,193,4,996440903
58940,384,195,4,996441097
58941,384,1683,4,993555941
58942,384,2595,3,994038436
58943,384,1691,4,996440881
58944,384,1693,4,996441021
58945,384,1722,5,996929949
58946,384,219,2,994038709
58947,384,2206,5,996440881
58948,384,1757,3,993555899
58949,384,3742,2,994038887
58950,384,742,4,996440744
58951,384,432,5,994037848
58952,384,1022,5,996441142
58953,384,440,4,994038152
58954,384,7245,1,994038747
58955,384,2625,2,994038410
58956,384,2942,2,994038784
58957,384,2628,2,994038766
58958,384,2629,3,994038152
58959,384,7246,4,994038152
58960,384,3315,4,994038410
58961,384,2630,4,993555974
58962,384,7247,2,994038887
58963,384,2634,3,994038129
58964,384,2635,1,994038917
58965,385,1,4,834691642
58966,385,3,3,840648313
58967,385,487,3,834691622
58968,385,3679,3,834692097
58969,385,491,3,834691914
58970,385,292,5,835118614
58971,385,496,3,834691845
58972,385,293,4,838323677
58973,385,294,3,837949548
58974,385,5,3,834691694
58975,385,505,3,836844635
58976,385,4036,3,865024733
58977,385,4038,3,844794767
58978,385,2432,4,847137503
58979,385,516,3,834691768
58980,385,521,3,844794864
58981,385,464,5,834691537
58982,385,465,3,834693538
58983,385,1027,3,834691790
58984,385,2423,1,836844300
58985,385,545,3,834693466
58986,385,3001,4,834692076
58987,385,7248,2,839867522
58988,385,304,3,838323748
58989,385,557,4,834693485
58990,385,4181,4,837949652
58991,385,15,2,834691757
58992,385,2425,5,834691874
58993,385,307,3,842892541
58994,385,2433,3,834692037
58995,385,16,4,865023897
58996,385,308,3,834691790
58997,385,468,2,834691694
58998,385,2071,3,834691862
58999,385,581,3,834693582
59000,385,584,3,834691717
59001,385,585,1,834691642
59002,385,17,4,834691537
59003,385,1005,3,834693629
59004,385,596,3,847136602
59005,385,233,5,834691601
59006,385,604,5,834691737
59007,385,605,3,834691622
59008,385,471,3,834693609
59009,385,20,3,834693560
59010,385,21,4,834691790
59011,385,614,3,834692549
59012,385,472,3,865024570
59013,385,23,3,834693560
59014,385,315,4,834692087
59015,385,619,3,834692113
59016,385,1410,2,834692268
59017,385,4893,3,834693609
59018,385,973,3,837949698
59019,385,473,3,834691537
59020,385,626,2,834692155
59021,385,474,4,834691662
59022,385,628,2,834692360
59023,385,316,5,834692129
59024,385,2141,3,842892869
59025,385,1415,3,834692559
59026,385,1416,2,842893468
59027,385,634,1,834691623
59028,385,5696,2,834692225
59029,385,26,4,834691662
59030,385,643,3,842892869
59031,385,2426,4,850766697
59032,385,27,4,834691810
59033,385,648,3,834693629
59034,385,654,4,834692061
59035,385,28,3,834694199
59036,385,4743,3,844794832
59037,385,2655,1,834692298
59038,385,477,3,834692165
59039,385,4055,3,840648350
59040,385,478,3,836844780
59041,385,3220,2,834693167
59042,385,664,3,834692317
59043,385,322,3,842892309
59044,385,665,3,834693629
59045,385,1095,5,865025716
59046,385,1420,3,834691914
59047,385,31,3,834693186
59048,385,32,4,834693560
59049,385,5599,3,865026135
59050,385,2441,3,865026595
59051,385,671,2,834693117
59052,385,323,4,837949569
59053,385,479,5,834691845
59054,385,33,3,834691537
59055,385,34,3,834691537
59056,385,35,3,834693560
59057,385,480,3,834694144
59058,385,324,3,834691601
59059,385,36,3,842892454
59060,385,37,5,847136578
59061,385,1422,3,834692018
59062,385,1424,3,865873336
59063,385,40,3,849547129
59064,385,3004,3,842892070
59065,385,3005,5,850769357
59066,385,42,4,834692018
59067,385,2073,4,865024569
59068,385,723,5,867087048
59069,385,43,3,839867301
59070,385,2897,3,865024067
59071,385,2427,3,865024208
59072,385,1028,5,865023921
59073,385,1438,4,865023813
59074,385,724,4,849547129
59075,385,717,3,865024006
59076,385,5703,2,842892436
59077,385,50,2,842892593
59078,385,2898,2,842892576
59079,385,1770,3,842892242
59080,385,1771,3,842893062
59081,385,2899,3,842893045
59082,385,3281,2,842892477
59083,385,3282,3,842892341
59084,385,1774,3,842892370
59085,385,51,4,842892279
59086,385,863,3,842892309
59087,385,54,3,842892279
59088,385,56,3,842892404
59089,385,57,3,842892242
59090,385,1775,3,842893095
59091,385,1135,3,842892161
59092,385,61,4,844795130
59093,385,343,4,842892256
59094,385,62,4,842892341
59095,385,1450,2,842892541
59096,385,65,3,865025166
59097,385,266,3,865026512
59098,385,66,3,865025491
59099,385,725,3,865025790
59100,385,67,3,865025112
59101,385,3700,4,865024776
59102,385,68,4,865025940
59103,385,348,4,865025166
59104,385,349,4,852567172
59105,385,3703,2,865024884
59106,385,69,5,865025491
59107,385,70,4,865025275
59108,385,71,5,865025491
59109,385,351,5,865025958
59110,385,1029,4,865025057
59111,385,1103,3,865025755
59112,385,2396,5,865025717
59113,385,72,5,865024776
59114,385,73,4,865026336
59115,385,74,4,865025491
59116,385,353,5,865024813
59117,385,75,5,865025717
59118,385,77,4,865025073
59119,385,78,4,865025940
59120,385,1137,4,865025755
59121,385,79,4,865025772
59122,385,354,3,865026316
59123,385,1138,4,865026373
59124,385,2079,3,865023937
59125,385,1139,4,865025940
59126,385,1453,3,865026050
59127,385,82,4,865025716
59128,385,726,4,865026351
59129,385,3012,4,865026372
59130,385,84,4,865025596
59131,385,85,5,865025275
59132,385,86,4,865025940
59133,385,269,5,865026336
59134,385,88,3,865025940
59135,385,1112,4,865025990
59136,385,89,4,865024570
59137,385,359,4,865026373
59138,385,1456,4,865025990
59139,385,2146,4,865025755
59140,385,360,5,865025990
59141,385,90,5,865025717
59142,385,3000,4,865026392
59143,385,3707,3,865024850
59144,385,1457,4,865026031
59145,385,91,4,865026443
59146,385,2902,3,865026392
59147,385,2178,5,865025755
59148,385,361,4,865025755
59149,385,3709,3,865026478
59150,385,5564,4,865024899
59151,385,866,3,865025275
59152,385,1166,4,848684995
59153,385,978,3,865025145
59154,385,271,3,865025204
59155,385,93,3,865025818
59156,385,1474,3,865025367
59157,385,979,2,865025146
59158,385,2147,3,865025112
59159,385,1475,4,865025940
59160,385,94,3,865026031
59161,385,95,4,865025452
59162,385,99,3,865024045
59163,385,1031,4,865023868
59164,385,1168,3,865023780
59165,385,232,3,865025990
59166,386,3,3,842613783
59167,386,487,3,842610246
59168,386,491,4,842613849
59169,386,3605,2,842614033
59170,386,292,4,842610304
59171,386,494,3,842613867
59172,386,496,2,842613763
59173,386,293,3,842610360
59174,386,461,4,842610286
59175,386,463,3,842610325
59176,386,972,2,842613763
59177,386,294,3,842613904
59178,386,4,3,842610286
59179,386,5,3,842610344
59180,386,8,3,842610269
59181,386,521,4,842613980
59182,386,465,2,842610183
59183,386,530,3,842610344
59184,386,531,3,842610246
59185,386,11,4,842613831
59186,386,532,2,842610183
59187,386,1027,2,842613773
59188,386,1405,2,842613693
59189,386,540,1,842610246
59190,386,545,2,842613737
59191,386,3001,2,842614019
59192,386,547,1,842613737
59193,386,550,2,842610246
59194,386,13,3,842613794
59195,386,585,1,842610269
59196,386,588,1,842610228
59197,386,589,3,842613723
59198,386,17,5,842610161
59199,386,470,3,842610304
59200,386,591,4,842613980
59201,386,1005,3,842613995
59202,386,18,3,842610228
59203,386,233,3,842610228
59204,386,309,3,842613934
59205,386,600,3,842610203
59206,386,19,3,842613763
59207,386,20,2,842610183
59208,386,23,1,842610304
59209,386,622,3,842610286
59210,386,473,3,842610161
59211,386,626,4,842613956
59212,386,474,3,842610304
59213,386,634,2,842610228
59214,386,1157,3,842613693
59215,386,26,3,842610204
59216,386,475,3,842613706
59217,386,647,3,842614008
59218,386,27,2,842610269
59219,386,648,2,842613794
59220,386,653,2,842613966
59221,386,662,4,842613934
59222,386,2501,3,842613763
59223,386,828,3,842610325
59224,386,479,3,842610286
59225,386,33,2,842610161
59226,386,34,1,842610160
59227,386,35,4,842610203
59228,386,37,4,842613831
59229,386,1422,3,842613889
59230,386,38,3,842613817
59231,386,41,3,842613914
59232,386,43,2,842613867
59233,386,2427,3,842614033
59234,387,487,3,1094938515
59235,387,488,2,1117415000
59236,387,2069,3,1094875272
59237,387,260,2,1094939853
59238,387,293,3,1094876449
59239,387,463,2,1095040527
59240,387,972,1,1182720368
59241,387,294,2,1094877493
59242,387,4,4,1094876919
59243,387,5,4,1094876246
59244,387,5833,2,1095042100
59245,387,6,3,1183536308
59246,387,4664,1,1150877466
59247,387,5290,4,1199607279
59248,387,519,2,1095040613
59249,387,8,3,1095040466
59250,387,1094,4,1094876158
59251,387,2544,2,1094939839
59252,387,298,2,1094877092
59253,387,525,2,1117414943
59254,387,2165,2,1154367947
59255,387,465,3,1094938517
59256,387,3681,4,1154939034
59257,387,300,4,1157086667
59258,387,11,4,1094938524
59259,387,534,3,1117414894
59260,387,2070,4,1094939806
59261,387,536,3,1179199967
59262,387,1024,2,1094939818
59263,387,13,4,1094877235
59264,387,14,2,1095040493
59265,387,15,3,1094876454
59266,387,16,4,1118029794
59267,387,585,4,1095040535
59268,387,589,4,1094876347
59269,387,17,5,1094876289
59270,387,470,3,1154681852
59271,387,18,3,1095040482
59272,387,598,0,1118562900
59273,387,233,3,1117356028
59274,387,309,3,1138699763
59275,387,599,2,1094939798
59276,387,602,2,1184538756
59277,387,471,3,1095040472
59278,387,312,2,1257536178
59279,387,611,4,1094938506
59280,387,21,4,1095040458
59281,387,7249,4,1094877944
59282,387,472,3,1094938483
59283,387,23,3,1094938421
59284,387,473,2,1094938223
59285,387,4840,3,1161420145
59286,387,1412,3,1134280490
59287,387,2548,1,1095041179
59288,387,633,0,1094849154
59289,387,637,2,1117414967
59290,387,25,3,1094877669
59291,387,643,1,1158561352
59292,387,2426,3,1139047519
59293,387,27,3,1094942988
59294,387,2169,3,1117356223
59295,387,319,3,1094877832
59296,387,28,2,1095040501
59297,387,320,3,1154682537
59298,387,660,3,1095116427
59299,387,4055,2,1095116916
59300,387,1095,4,1094876108
59301,387,30,4,1094849237
59302,387,667,3,1189233367
59303,387,1420,3,1094876478
59304,387,670,2,1095121864
59305,387,828,2,1095120880
59306,387,323,2,1094938228
59307,387,479,3,1094877577
59308,387,33,3,1117356499
59309,387,34,4,1095040461
59310,387,35,4,1094876941
59311,387,324,2,1095040477
59312,387,481,2,1095040489
59313,387,37,4,1094876366
59314,387,1423,1,1130560436
59315,387,38,3,1117356493
59316,387,2659,3,1095041439
59317,387,1425,1,1117356451
59318,387,682,1,1095119627
59319,387,2660,2,1094939787
59320,387,2073,4,1121052418
59321,387,1427,2,1152434120
59322,387,1428,1,1158561248
59323,387,1097,4,1094875963
59324,387,723,5,1094875990
59325,387,690,1,1095040724
59326,387,1160,4,1094875332
59327,387,43,2,1094938230
59328,387,2897,2,1094940645
59329,387,1430,2,1094938412
59330,387,2662,2,1094939745
59331,387,7250,3,1185433285
59332,387,1028,4,1094876298
59333,387,1436,3,1094877555
59334,387,331,3,1094877043
59335,387,332,2,1094875476
59336,387,1438,5,1094875275
59337,387,333,3,1121052573
59338,387,1439,3,1117430420
59339,387,334,4,1094876356
59340,387,335,3,1094876652
59341,387,1440,4,1117431126
59342,387,336,5,1094876530
59343,387,1098,4,1123041880
59344,387,1441,3,1094877857
59345,387,45,3,1094877085
59346,387,337,3,1094938343
59347,387,831,4,1125886206
59348,387,46,4,1094849170
59349,387,724,5,1094876341
59350,387,3053,4,1122184362
59351,387,338,4,1094876584
59352,387,1443,4,1121915903
59353,387,1444,4,1094942159
59354,387,47,2,1094877263
59355,387,3695,3,1095119611
59356,387,3009,3,1117438328
59357,387,5496,2,1095041918
59358,387,2395,2,1094938339
59359,387,49,3,1094877024
59360,387,1445,4,1121744363
59361,387,3169,3,1124608972
59362,387,2143,3,1094877523
59363,387,717,3,1095041486
59364,387,3282,3,1094939717
59365,387,1448,0,1095311031
59366,387,53,3,1095041386
59367,387,2446,2,1095041126
59368,387,863,2,1094877981
59369,387,57,4,1094877648
59370,387,1775,2,1095120853
59371,387,1135,3,1094877543
59372,387,1162,3,1095040902
59373,387,61,4,1094877164
59374,387,342,3,1140941551
59375,387,5051,3,1140941531
59376,387,343,4,1094876730
59377,387,62,4,1094876354
59378,387,864,1,1095040878
59379,387,63,4,1094875279
59380,387,64,3,1094877353
59381,387,3698,1,1155111348
59382,387,65,3,1095040848
59383,387,346,4,1095040674
59384,387,66,3,1095040505
59385,387,725,3,1094938336
59386,387,347,4,1117431118
59387,387,2428,4,1094876737
59388,387,2998,4,1094877800
59389,387,67,4,1095040605
59390,387,68,4,1094876102
59391,387,1100,4,1094876008
59392,387,7251,3,1180070781
59393,387,3499,3,1178548871
59394,387,2075,3,1185170924
59395,387,1101,4,1142324297
59396,387,1102,4,1094876498
59397,387,69,4,1094876567
59398,387,70,4,1094876359
59399,387,71,4,1094876512
59400,387,351,4,1094849229
59401,387,1029,3,1094876630
59402,387,1103,4,1166243775
59403,387,2396,4,1094876506
59404,387,72,5,1094875230
59405,387,1104,3,1094876849
59406,387,73,5,1094875238
59407,387,1136,3,1094876481
59408,387,74,4,1118029797
59409,387,1163,5,1094876316
59410,387,75,3,1117356023
59411,387,76,4,1125212099
59412,387,1452,3,1094877431
59413,387,77,4,1121052530
59414,387,78,3,1094877587
59415,387,1137,4,1094876300
59416,387,79,4,1094875301
59417,387,1105,4,1094942143
59418,387,81,3,1117431548
59419,387,1164,4,1094875415
59420,387,1138,4,1117757506
59421,387,1106,5,1142665399
59422,387,2416,3,1094877171
59423,387,2078,3,1177225562
59424,387,1139,3,1152605551
59425,387,2900,4,1094942147
59426,387,2080,5,1094875355
59427,387,82,4,1094877202
59428,387,4056,3,1139129863
59429,387,2397,3,1155628499
59430,387,2081,3,1182720273
59431,387,2901,4,1143359909
59432,387,1165,4,1156314044
59433,387,865,4,1126495005
59434,387,2082,4,1117437613
59435,387,2083,4,1096505293
59436,387,355,4,1095040745
59437,387,2755,4,1094875367
59438,387,1107,5,1094876323
59439,387,3012,4,1094876957
59440,387,6185,1,1140160880
59441,387,83,4,1094876532
59442,387,84,4,1094875256
59443,387,1108,4,1117354897
59444,387,1109,4,1094876804
59445,387,2145,3,1094876643
59446,387,268,5,1094877128
59447,387,85,3,1094876818
59448,387,357,3,1094849240
59449,387,1110,3,1094876435
59450,387,86,2,1094877590
59451,387,2177,3,1095040942
59452,387,2756,4,1145685659
59453,387,2084,4,1122954482
59454,387,87,2,1095040804
59455,387,1111,4,1094876706
59456,387,88,3,1094849200
59457,387,89,4,1094877252
59458,387,2085,3,1094876528
59459,387,1456,3,1094876589
59460,387,2146,3,1094877526
59461,387,360,4,1094876161
59462,387,2757,4,1117438916
59463,387,90,3,1094877559
59464,387,1113,4,1095310962
59465,387,270,2,1095040729
59466,387,2178,3,1094876683
59467,387,361,3,1094849150
59468,387,866,3,1094877844
59469,387,6186,3,1094939636
59470,387,7252,3,1121555728
59471,387,1461,3,1094877349
59472,387,1462,4,1094939661
59473,387,1463,3,1131269228
59474,387,2558,3,1163323009
59475,387,4894,4,1117415411
59476,387,1464,4,1094877907
59477,387,1030,3,1117430654
59478,387,92,3,1156489710
59479,387,2903,4,1094939668
59480,387,978,2,1117414846
59481,387,93,2,1094938353
59482,387,1474,1,1095040734
59483,387,2147,3,1094876734
59484,387,3015,2,1095119052
59485,387,362,3,1117356544
59486,387,2420,3,1117356535
59487,387,1475,3,1094876269
59488,387,995,2,1095120679
59489,387,5295,3,1171934996
59490,387,363,3,1094876333
59491,387,2087,4,1095041898
59492,387,4864,3,1186729013
59493,387,6593,2,1094941496
59494,387,3017,2,1117431554
59495,387,99,3,1094877782
59496,387,1031,3,1094938345
59497,387,4151,2,1215758536
59498,387,100,2,1117431086
59499,387,1492,1,1095041022
59500,387,6991,3,1185777484
59501,387,365,1,1095040828
59502,387,728,3,1095116423
59503,387,104,4,1094876266
59504,387,1032,3,1094849187
59505,387,1503,2,1117431531
59506,387,7253,3,1119755018
59507,387,1504,3,1117356848
59508,387,2461,3,1149321879
59509,387,2181,3,1095121746
59510,387,729,3,1094942126
59511,387,1510,3,1095040866
59512,387,234,4,1117415017
59513,387,5998,1,1095121749
59514,387,1514,2,1095040818
59515,387,1169,3,1154367780
59516,387,109,3,1117415219
59517,387,4669,2,1095121732
59518,387,1516,4,1094877013
59519,387,2672,3,1095121727
59520,387,7254,3,1214643495
59521,387,2398,2,1095121724
59522,387,1519,3,1117430385
59523,387,2462,2,1155833093
59524,387,2091,4,1095041539
59525,387,376,2,1171934560
59526,387,378,3,1155746415
59527,387,1536,3,1094875411
59528,387,379,3,1094878004
59529,387,5195,4,1095118479
59530,387,2401,4,1095489624
59531,387,380,2,1094877841
59532,387,2038,4,1139129782
59533,387,2039,4,1094876923
59534,387,116,3,1095040708
59535,387,3225,4,1094877657
59536,387,2092,3,1172558987
59537,387,1537,3,1196579580
59538,387,3138,4,1168153556
59539,387,117,4,1094939577
59540,387,382,3,1095040578
59541,387,4062,2,1162190961
59542,387,7255,2,1162190957
59543,387,2999,3,1187927324
59544,387,1542,1,1095121704
59545,387,2905,4,1094877135
59546,387,1544,3,1171784779
59547,387,119,2,1095040977
59548,387,1777,3,1118521031
59549,387,3023,4,1095041499
59550,387,3547,4,1117354925
59551,387,836,2,1095040641
59552,387,120,1,1095040653
59553,387,383,4,1094876098
59554,387,2183,3,1094939554
59555,387,5303,3,1135054209
59556,387,124,3,1095041324
59557,387,1559,3,1142324414
59558,387,3024,4,1094877909
59559,387,7256,3,1155628489
59560,387,7257,4,1117355216
59561,387,384,4,1094875371
59562,387,1035,2,1095040750
59563,387,1560,1,1095119546
59564,387,5163,2,1094940560
59565,387,1561,2,1095041477
59566,387,385,3,1127962464
59567,387,135,3,1094938302
59568,387,1567,3,1128578141
59569,387,1568,3,1094940514
59570,387,2680,2,1138430320
59571,387,1570,2,1095041316
59572,387,3508,2,1125807817
59573,387,138,4,1094877162
59574,387,1571,3,1095041048
59575,387,139,2,1095041462
59576,387,2150,3,1094940487
59577,387,140,3,1095119497
59578,387,2907,3,1206857828
59579,387,2040,4,1094877032
59580,387,141,4,1094939517
59581,387,142,2,1095116837
59582,387,2908,4,1094876866
59583,387,388,3,1094876484
59584,387,143,3,1095040940
59585,387,1578,3,1094940507
59586,387,5498,4,1121829436
59587,387,1580,4,1094939500
59588,387,1583,2,1095041278
59589,387,5058,3,1132823030
59590,387,144,1,1095121634
59591,387,6381,2,1152860827
59592,387,1037,3,1151138931
59593,387,273,4,1094877451
59594,387,5059,4,1142665402
59595,387,147,4,1094849177
59596,387,838,4,1094876459
59597,387,1594,2,1117415238
59598,387,7258,4,1094877428
59599,387,2152,3,1094939505
59600,387,3173,4,1155628447
59601,387,1595,1,1095121644
59602,387,1597,3,1094877820
59603,387,392,4,1152084660
59604,387,148,4,1094875361
59605,387,4182,3,1188715045
59606,387,2911,3,1152261078
59607,387,3548,4,1155110844
59608,387,5061,4,1186123435
59609,387,1861,3,1095041844
59610,387,1862,2,1094939481
59611,387,154,4,1094849223
59612,387,1609,4,1095040542
59613,387,1863,2,1202222880
59614,387,1864,3,1138512659
59615,387,2576,2,1202222882
59616,387,1611,3,1127962475
59617,387,1177,3,1197340910
59618,387,1618,3,1154834601
59619,387,159,3,1119755037
59620,387,397,2,1094875559
59621,387,160,2,1094942090
59622,387,7259,3,1128751281
59623,387,163,4,1094876743
59624,387,2580,2,1142746248
59625,387,6194,3,1151441080
59626,387,165,4,1094877510
59627,387,2153,3,1095041984
59628,387,166,3,1179563670
59629,387,1628,2,1095121589
59630,387,1629,4,1117356735
59631,387,167,4,1094876701
59632,387,2093,3,1191739562
59633,387,399,4,1094876262
59634,387,4154,3,1095041415
59635,387,170,2,1095041239
59636,387,171,1,1186122084
59637,387,7260,4,1198912555
59638,387,173,1,1094849196
59639,387,1636,1,1095041383
59640,387,175,3,1140252399
59641,387,178,2,1178420144
59642,387,2925,4,1118463101
59643,387,400,3,1094938287
59644,387,179,4,1094875232
59645,387,1641,3,1168673969
59646,387,180,3,1094877335
59647,387,401,4,1094849183
59648,387,181,3,1094877328
59649,387,735,3,1131334009
59650,387,2095,3,1153984044
59651,387,3296,3,1094876693
59652,387,4844,4,1117437991
59653,387,2685,4,1123124570
59654,387,1648,3,1094939397
59655,387,5064,4,1155628291
59656,387,3031,3,1094939441
59657,387,402,2,1212603789
59658,387,4074,3,1162364608
59659,387,5126,3,1094940424
59660,387,405,3,1094876721
59661,387,2587,3,1117356598
59662,387,183,2,1117415158
59663,387,4865,1,1095117423
59664,387,5494,1,1094940411
59665,387,3297,2,1095041551
59666,387,1653,4,1095040713
59667,387,5513,4,1132907050
59668,387,184,2,1117756978
59669,387,185,4,1161500347
59670,387,2592,4,1125893665
59671,387,2593,3,1094876466
59672,387,840,2,1126494983
59673,387,3174,4,1122521710
59674,387,188,3,1095040589
59675,387,1180,3,1094876830
59676,387,408,4,1094876861
59677,387,5067,3,1094877486
59678,387,190,4,1094876855
59679,387,191,3,1094877484
59680,387,192,4,1094877281
59681,387,1181,3,1094876463
59682,387,193,4,1094875287
59683,387,1669,3,1153982942
59684,387,5068,4,1141547077
59685,387,410,4,1174198422
59686,387,194,3,1094938235
59687,387,195,3,1095040594
59688,387,1866,3,1094939333
59689,387,1867,3,1094939329
59690,387,196,3,1094942058
59691,387,197,3,1094877924
59692,387,198,4,1095040555
59693,387,1118,4,1129452297
59694,387,4080,2,1178264402
59695,387,2098,4,1122431406
59696,387,199,3,1095040909
59697,387,200,3,1094877552
59698,387,6326,3,1131772178
59699,387,201,3,1095040815
59700,387,4155,2,1095042109
59701,387,3062,3,1155747059
59702,387,1183,3,1117356530
59703,387,1684,3,1095041031
59704,387,3139,3,1094876993
59705,387,3550,4,1117437601
59706,387,5514,3,1148273760
59707,387,2595,2,1094877568
59708,387,1686,3,1095040773
59709,387,1120,3,1153165334
59710,387,5073,4,1094876967
59711,387,205,4,1117356101
59712,387,206,4,1151624367
59713,387,417,3,1094940303
59714,387,2762,3,1198139789
59715,387,1695,1,1203301123
59716,387,207,1,1095121496
59717,387,4177,3,1117429941
59718,387,1696,0,1095121503
59719,387,209,2,1171784760
59720,387,1697,2,1171784763
59721,387,1698,1,1095119349
59722,387,3235,3,1117430872
59723,387,1143,3,1117430024
59724,387,1699,1,1095041528
59725,387,4083,2,1192345922
59726,387,2203,3,1094876978
59727,387,1185,4,1095123180
59728,387,2603,3,1208707019
59729,387,1011,3,1095041273
59730,387,842,3,1144557869
59731,387,3037,4,1094877041
59732,387,2158,3,1117438438
59733,387,1705,4,1094940242
59734,387,211,3,1094877875
59735,387,1712,4,1094876623
59736,387,1713,3,1156661402
59737,387,422,3,1094938248
59738,387,1718,4,1094877207
59739,387,1719,4,1133075435
59740,387,3038,3,1148274614
59741,387,3236,2,1145149679
59742,387,7261,2,1154504966
59743,387,3064,3,1094877628
59744,387,1722,3,1094876727
59745,387,1723,4,1131772204
59746,387,1724,1,1117431294
59747,387,423,3,1094876279
59748,387,218,2,1094938840
59749,387,1039,3,1141547088
59750,387,5084,4,1094875508
59751,387,3066,4,1094938843
59752,387,3041,4,1094876688
59753,387,219,3,1095040790
59754,387,1041,4,1094938830
59755,387,1734,2,1191214081
59756,387,1737,3,1094876581
59757,387,2606,3,1094877500
59758,387,3302,2,1095119997
59759,387,220,3,1095040572
59760,387,7262,1,1155110941
59761,387,1740,3,1094876982
59762,387,221,2,1117430712
59763,387,5515,3,1184481303
59764,387,3044,3,1094877137
59765,387,1868,3,1117430322
59766,387,1869,3,1094938823
59767,387,1870,3,1094938728
59768,387,222,3,1094938659
59769,387,1004,3,1117430331
59770,387,223,4,1094876428
59771,387,6200,4,1094875567
59772,387,7263,3,1148942975
59773,387,1145,4,1165128340
59774,387,1123,4,1133588528
59775,387,1747,2,1094942029
59776,387,2764,5,1094876005
59777,387,4273,3,1094877393
59778,387,1756,3,1095041350
59779,387,7264,3,1155539688
59780,387,427,4,1094875542
59781,387,2162,2,1094940086
59782,387,4868,3,1142324427
59783,387,7265,3,1142577667
59784,387,2934,4,1142665383
59785,387,1765,1,1095041220
59786,387,1767,1,1126494971
59787,387,7266,2,1126494985
59788,387,1768,2,1127020100
59789,387,4088,2,1181457629
59790,387,1796,3,1094875740
59791,387,7267,3,1095311064
59792,387,1872,2,1095116417
59793,387,429,3,1094876451
59794,387,430,3,1095311638
59795,387,2935,3,1095121406
59796,387,2936,3,1128151069
59797,387,7268,2,1129960571
59798,387,6609,3,1168073809
59799,387,5331,4,1205565287
59800,387,278,4,1094875247
59801,387,4493,2,1117414761
59802,387,1873,3,1095041721
59803,387,742,3,1183352841
59804,387,432,4,1094849158
59805,387,1874,3,1094940066
59806,387,1190,3,1140338660
59807,387,3310,3,1117431026
59808,387,1803,3,1095116437
59809,387,437,4,1094876148
59810,387,438,3,1151743179
59811,387,440,3,1094876171
59812,387,2043,3,1152860925
59813,387,1806,2,1095119299
59814,387,7269,3,1168073831
59815,387,7270,2,1177746615
59816,387,4870,2,1158391066
59817,387,3140,3,1132995313
59818,387,4090,2,1156576974
59819,387,3238,2,1094942437
59820,387,1810,3,1095041702
59821,387,7271,4,1127020134
59822,387,6984,3,1162364624
59823,387,6716,3,1117437938
59824,387,2211,4,1095121386
59825,387,445,4,1094875856
59826,387,4494,2,1095117373
59827,387,5844,0,1117414768
59828,387,2102,4,1095117362
59829,387,446,3,1094938599
59830,387,1191,4,1134880807
59831,387,7272,3,1094877469
59832,387,7273,3,1117354832
59833,387,7274,4,1117430622
59834,387,2628,2,1095116778
59835,387,2633,3,1094876666
59836,387,747,3,1177825973
59837,387,7275,3,1154579400
59838,387,7276,3,1182666234
59839,387,7277,4,1193462706
59840,387,2766,4,1117355498
59841,387,6613,3,1162364596
59842,387,7278,3,1194763571
59843,387,7279,3,1152084600
59844,387,7280,3,1152433944
59845,387,7281,4,1094941224
59846,387,2944,4,1095122324
59847,387,7282,3,1095118924
59848,387,868,2,1132473400
59849,387,4871,3,1094876718
59850,387,2638,2,1094941002
59851,387,1877,2,1171934486
59852,387,279,2,1187664879
59853,387,7283,2,1182751482
59854,387,3554,4,1120535803
59855,387,7284,3,1129704983
59856,387,4872,3,1094941034
59857,387,7285,1,1094941040
59858,387,1146,2,1095041258
59859,387,4096,2,1096505395
59860,387,7286,2,1144394665
59861,387,1879,1,1095121329
59862,387,454,4,1142746261
59863,387,748,3,1094938537
59864,387,2650,1,1095121334
59865,387,7287,3,1145685618
59866,387,6620,2,1177044414
59867,387,5356,2,1095311216
59868,387,4158,3,1162190909
59869,387,1824,2,1123558873
59870,387,6710,4,1117438127
59871,387,2218,3,1094877519
59872,387,4947,2,1117431238
59873,387,1195,3,1148943019
59874,387,7288,2,1192519901
59875,387,1829,5,1094875345
59876,387,4104,2,1179038983
59877,387,2950,2,1094939955
59878,387,1125,4,1094875985
59879,387,457,3,1094875316
59880,387,458,3,1094938591
59881,387,459,3,1127963223
59882,387,5366,3,1095118134
59883,387,2768,4,1117354819
59884,387,6626,2,1150877283
59885,387,2769,4,1155027389
59886,387,6022,3,1094876913
59887,387,753,3,1185007107
59888,387,1126,4,1094875235
59889,387,2696,3,1117356414
59890,387,1832,3,1094938539
59891,387,7289,2,1152777436
59892,387,7290,2,1150877270
59893,387,3644,1,1177225552
59894,387,754,3,1117355720
59895,387,755,3,1094877958
59896,387,2770,3,1182720247
59897,387,1834,4,1094876931
59898,387,2771,3,1094877807
59899,387,3182,3,1130056882
59900,387,5370,2,1177746646
59901,387,5748,0,1117356355
59902,387,232,4,1094938240
59903,387,5371,3,1117438198
59904,387,3645,3,1223961677
59905,387,4161,4,1117354929
59906,387,1837,2,1095121232
59907,387,1838,3,1118562802
59908,387,7098,3,1095123820
59909,387,7291,4,1132473420
59910,387,5590,2,1095121241
59911,387,6342,4,1121052400
59912,387,7292,2,1189233388
59913,387,6629,1,1123041843
59914,387,3251,3,1117356285
59915,387,2699,1,1131921611
59916,387,3184,3,1174198365
59917,387,4108,3,1163921192
59918,387,3648,1,1117414752
59919,387,2103,3,1176013745
59920,387,4499,1,1138430073
59921,387,1845,3,1094877608
59922,387,7293,1,1125807778
59923,387,759,3,1094877331
59924,387,7294,3,1133424713
59925,387,848,2,1168153477
59926,387,7295,4,1142496960
59927,387,5509,3,1137922582
59928,387,762,2,1212603919
59929,387,7296,3,1166936478
59930,387,7297,3,1181457705
59931,387,3329,2,1095121198
59932,387,5518,3,1214030229
59933,387,1200,3,1186816101
59934,387,2045,4,1094875281
59935,387,763,4,1128876313
59936,387,2046,2,1151743188
59937,387,3186,4,1095310981
59938,387,1850,2,1096505386
59939,387,7298,3,1188106534
59940,387,1882,3,1095117825
59941,387,5397,4,1134880837
59942,387,6222,3,1154939007
59943,387,854,3,1128151050
59944,387,856,3,1117431770
59945,387,5519,4,1155972841
59946,387,4839,3,1125807938
59947,387,1045,3,1134964837
59948,387,7299,3,1094877310
59949,387,6932,3,1182490961
59950,387,7300,4,1124487312
59951,387,767,2,1094877623
59952,387,861,3,1151441402
59953,387,4504,3,1208707060
59954,387,1147,3,1124381955
59955,387,3255,2,1094941840
59956,387,7301,4,1121574229
59957,387,7302,3,1176617020
59958,387,7303,4,1155284355
59959,387,7304,4,1117355386
59960,387,7305,3,1186987394
59961,387,3190,3,1157086884
59962,387,3563,3,1094876026
59963,387,2233,3,1117430507
59964,387,4118,3,1094876579
59965,387,5809,1,1183962926
59966,387,3564,4,1118028772
59967,387,3596,3,1094877584
59968,387,3565,3,1118521045
59969,387,768,2,1095116732
59970,387,1128,4,1143013627
59971,387,1210,3,1094942295
59972,387,6226,3,1095122075
59973,387,4282,3,1094877446
59974,387,1211,3,1194158404
59975,387,4122,3,1094875912
59976,387,7306,3,1145685589
59977,387,1046,4,1124521959
59978,387,6999,4,1117756949
59979,387,7307,4,1094877835
59980,387,2235,3,1117414721
59981,387,5143,3,1154072428
59982,387,771,3,1094876883
59983,387,2236,3,1137837523
59984,387,5416,3,1136664501
59985,387,7308,3,1188106402
59986,387,4123,2,1208707032
59987,387,5851,1,1131334074
59988,387,5418,3,1154939090
59989,387,2960,4,1094939862
59990,387,2500,4,1094876891
59991,387,2775,3,1094876795
59992,387,2776,4,1094877052
59993,387,4979,3,1199100880
59994,387,3334,3,1136871191
59995,387,7309,3,1147918102
59996,387,6156,4,1123356723
59997,387,5779,3,1165128284
59998,387,4127,3,1166386042
59999,387,4128,1,1095117637
60000,387,7310,3,1154834566
60001,387,3336,2,1094876634
60002,387,2515,2,1191214089
60003,387,2107,3,1160898681
60004,387,4854,4,1133684809
60005,387,4284,3,1094877409
60006,387,3753,4,1094876963
60007,387,2962,1,1095119726
60008,387,1215,4,1094876274
60009,387,6506,1,1117430896
60010,387,3568,3,1153557772
60011,387,6231,3,1117356670
60012,387,6232,0,1178548892
60013,387,2963,2,1159687208
60014,387,235,4,1123313520
60015,387,7311,3,1117356619
60016,387,7312,3,1117430922
60017,387,2110,4,1117354754
60018,387,878,3,1179563608
60019,387,2245,2,1117415056
60020,387,2246,3,1125807841
60021,387,3261,2,1095123773
60022,387,7313,3,1155833068
60023,387,4285,4,1179640380
60024,387,2247,3,1094875833
60025,387,2966,2,1094942252
60026,387,4751,3,1095489639
60027,387,5780,4,1094875901
60028,387,3142,3,1154504900
60029,387,6233,4,1117356981
60030,387,3264,2,1095310932
60031,387,5521,3,1094875717
60032,387,2778,4,1117355233
60033,387,7314,4,1094877241
60034,387,7315,3,1154595046
60035,387,1129,5,1118028806
60036,387,7316,3,1094940710
60037,387,7001,2,1155370410
60038,387,7317,3,1137405126
60039,387,4131,4,1122608086
60040,387,2114,4,1120976899
60041,387,3143,4,1154579289
60042,387,7318,3,1094942242
60043,387,2779,4,1117355772
60044,387,3755,4,1117355806
60045,387,3572,4,1117355114
60046,387,3199,4,1134983801
60047,387,4752,3,1215758575
60048,387,7319,3,1156129267
60049,387,5749,2,1193462644
60050,387,1221,3,1179897245
60051,387,2781,4,1123218058
60052,387,7320,3,1195976321
60053,387,5157,4,1145250934
60054,387,7321,3,1117355207
60055,387,3344,3,1183352924
60056,387,3200,2,1161581811
60057,387,6238,3,1117356683
60058,387,7322,3,1117431183
60059,387,3144,3,1166386030
60060,387,7323,2,1095311037
60061,387,1048,4,1123313523
60062,387,7324,3,1154834500
60063,387,6507,3,1153296286
60064,387,1149,3,1094875872
60065,387,1884,3,1095121973
60066,387,1885,3,1094941733
60067,387,1886,2,1117431660
60068,387,7325,3,1095121085
60069,387,2115,4,1132995373
60070,387,7326,2,1154579348
60071,387,4135,2,1190272769
60072,387,5433,4,1094876549
60073,387,2783,4,1119161794
60074,387,2255,4,1094875908
60075,387,7327,4,1117438276
60076,387,2784,3,1204968322
60077,387,7328,4,1155370453
60078,387,3273,4,1176094009
60079,387,7004,4,1177826023
60080,387,7329,3,1166936519
60081,387,6946,4,1122093063
60082,387,5158,4,1151876150
60083,387,7330,4,1146372921
60084,387,7005,4,1166425644
60085,387,7331,3,1160979635
60086,387,7332,4,1160898694
60087,387,7333,2,1207464614
60088,387,5524,4,1199683975
60089,387,3204,4,1137222347
60090,387,2971,4,1153164527
60091,387,7334,2,1215672910
60092,387,288,2,1175233030
60093,387,7335,2,1188367796
60094,387,5434,4,1149233242
60095,387,3575,4,1117355191
60096,387,7336,3,1204067281
60097,387,7337,4,1117431704
60098,387,7338,3,1184652464
60099,387,4986,4,1187066760
60100,387,778,4,1094875778
60101,387,2119,4,1094876106
60102,387,7339,4,1155194252
60103,387,2788,3,1117439164
60104,387,4139,3,1130560456
60105,387,7340,3,1117355541
60106,387,7341,1,1127137060
60107,387,779,3,1094876668
60108,387,3348,3,1095119692
60109,387,3146,3,1117357148
60110,387,7213,0,1095118675
60111,387,7007,4,1142665511
60112,387,4141,3,1154424076
60113,387,4142,3,1117357275
60114,387,7342,3,1117430828
60115,387,7343,3,1154594865
60116,387,1888,2,1094877008
60117,387,7344,3,1094875815
60118,387,2972,3,1094875979
60119,387,1227,3,1178420157
60120,387,1049,3,1117355701
60121,387,4293,3,1155882860
60122,387,784,3,1186122067
60123,387,7345,4,1179199985
60124,387,786,3,1146459430
60125,387,3351,3,1151910123
60126,387,3580,3,1156489740
60127,387,789,2,1148273812
60128,387,2266,3,1171785071
60129,387,6249,2,1160634074
60130,387,2791,3,1147914709
60131,387,1230,4,1129350499
60132,387,793,3,1171002071
60133,387,3356,2,1154834518
60134,387,798,3,1183354312
60135,387,7346,4,1155284315
60136,387,7347,4,1185170990
60137,387,7348,3,1172390168
60138,387,7349,4,1196498408
60139,387,7350,2,1215848902
60140,387,5160,4,1117354763
60141,387,7351,3,1175062275
60142,387,4489,4,1144806715
60143,387,7352,4,1198139804
60144,387,6251,3,1135994075
60145,387,2793,3,1179121741
60146,387,7353,4,1145169027
60147,387,3582,4,1128208260
60148,387,4302,3,1138430027
60149,387,7354,3,1171087422
60150,387,4857,3,1131921594
60151,387,3212,4,1193554768
60152,387,4144,3,1128243144
60153,387,5532,3,1144558106
60154,387,1132,5,1128925649
60155,387,2280,3,1146459499
60156,387,1235,3,1179381050
60157,387,1237,3,1121743996
60158,387,3150,3,1161500365
60159,387,7355,3,1174112613
60160,387,1150,3,1158044012
60161,387,7356,3,1205565325
60162,387,7357,3,1185777069
60163,387,7358,2,1199607371
60164,387,807,4,1137922810
60165,387,5805,4,1164264671
60166,387,5918,2,1183352891
60167,387,7359,2,1155450082
60168,387,810,4,1183271835
60169,387,6265,3,1166386051
60170,387,5541,3,1199012881
60171,387,2127,3,1162717581
60172,387,1243,3,1191045290
60173,387,1244,2,1191214099
60174,387,2803,3,1144806727
60175,387,1246,3,1127962571
60176,387,1247,4,1147914734
60177,387,6435,3,1129004861
60178,387,6671,3,1140847332
60179,387,1248,3,1136452314
60180,387,3585,3,1154368027
60181,387,2295,4,1163921068
60182,387,2975,3,1195943607
60183,387,2296,4,1140941340
60184,387,3600,3,1172212412
60185,387,3372,3,1182314248
60186,387,897,3,1135993969
60187,387,7360,3,1143011106
60188,387,898,3,1138076149
60189,387,1895,3,1135994028
60190,387,7361,3,1167976696
60191,387,5754,2,1159250768
60192,387,2976,3,1137222322
60193,387,3379,2,1203301137
60194,387,5192,2,1202222935
60195,387,1251,4,1190526487
60196,387,1253,4,1210488033
60197,387,7362,3,1185138820
60198,387,1254,3,1173739627
60199,387,4859,4,1188026020
60200,387,7363,1,1199012909
60201,387,2309,4,1149233265
60202,387,6273,2,1168847276
60203,387,7364,3,1157870712
60204,387,2486,1,1169187772
60205,387,5253,3,1210488052
60206,387,1897,3,1173078932
60207,387,817,2,1197340899
60208,387,5544,4,1168587604
60209,387,1256,3,1167199020
60210,387,7365,2,1168804188
60211,387,6439,3,1175837057
60212,387,237,2,1212603817
60213,387,6440,3,1204437779
60214,387,7366,1,1207203100
60215,387,2128,3,1205565352
60216,387,3075,4,1179467360
60217,387,6673,3,1169795502
60218,387,1050,4,1205649606
60219,387,2316,3,1166603505
60220,387,1133,4,1169366817
60221,387,238,4,1169887618
60222,387,1051,4,1168673895
60223,387,1052,4,1174624345
60224,387,2978,3,1173253248
60225,387,5546,3,1207377125
60226,387,6277,2,1170485658
60227,387,3078,2,1171085997
60228,387,2985,1,1183962939
60229,387,2325,3,1206165955
60230,387,2326,3,1177653524
60231,387,5957,2,1179038976
60232,387,1262,3,1173159711
60233,387,900,3,1177136746
60234,387,3401,4,1190526475
60235,387,5259,3,1175062301
60236,387,2330,3,1204616141
60237,387,2056,4,1176534534
60238,387,7367,3,1206942933
60239,387,1263,2,1178420171
60240,387,7368,4,1178862168
60241,387,2979,3,1180165132
60242,387,1905,3,1181071107
60243,387,1265,3,1200321462
60244,387,1907,3,1185602625
60245,387,2335,3,1183271823
60246,387,1268,3,1184538639
60247,387,3410,3,1204704901
60248,387,4148,3,1192323438
60249,387,1270,3,1185691451
60250,387,6282,3,1188626534
60251,387,1271,3,1191649955
60252,387,1273,4,1208674454
60253,387,2520,3,1195452032
60254,387,1274,4,1204968246
60255,387,2059,4,1206858015
60256,387,904,4,1199607517
60257,387,2061,4,1202706923
60258,387,2350,2,1214730732
60259,387,1282,3,1211900553
60260,387,6287,3,1212603770
60261,388,670,2,1386689454
60262,388,676,1,1386689485
60263,388,1097,2,1386694166
60264,388,70,4,1386694183
60265,388,352,1,1386694132
60266,388,3287,4,1386689778
60267,388,5499,2,1386689508
60268,388,1806,3,1386689494
60269,388,745,5,1386694304
60270,388,756,4,1386694447
60271,388,7369,3,1386690088
60272,388,876,4,1386694264
60273,388,3659,3,1386689560
60274,388,2500,3,1386689475
60275,388,5879,2,1386689728
60276,388,2780,3,1386689606
60277,388,779,5,1386694306
60278,388,889,2,1386689993
60279,388,1240,5,1386694280
60280,388,4759,4,1386689764
60281,388,1250,4,1386694436
60282,388,1906,5,1386694312
60283,388,3445,5,1386694287
60284,388,7370,3,1386690351
60285,388,1927,5,1386694309
60286,388,3851,4,1386694439
60287,388,4704,5,1386694283
60288,388,955,5,1386690120
60289,388,7371,3,1386694049
60290,389,1,5,857934174
60291,389,484,4,857934242
60292,389,3,5,857934242
60293,389,5018,3,857934552
60294,389,492,4,857934174
60295,389,496,4,857934175
60296,389,293,4,857934174
60297,389,505,5,857934174
60298,389,506,4,857934553
60299,389,516,4,857934174
60300,389,519,4,857934308
60301,389,521,3,857934308
60302,389,524,5,857934552
60303,389,525,5,857934174
60304,389,16,5,857934308
60305,389,973,4,857934308
60306,389,653,4,857934242
60307,389,675,5,857934470
60308,389,677,3,857934470
60309,389,38,3,857934174
60310,389,1159,4,857934308
60311,389,688,4,857934552
60312,389,41,5,857934242
60313,389,42,5,857934174
60314,389,1428,2,857934552
60315,389,690,3,857934470
60316,389,43,5,857934174
60317,389,1026,3,857934308
60318,389,2427,3,857934242
60319,389,1431,4,857934308
60320,389,697,4,857934470
60321,389,2444,5,857934470
60322,389,1435,5,857934552
60323,389,1166,5,857934470
60324,390,8,4,1250339216
60325,390,15,4,1250341953
60326,390,2434,4,1250274313
60327,390,2435,5,1250274475
60328,390,29,4,1250335802
60329,390,33,3,1250341433
60330,390,3698,0,1250274515
60331,390,66,1,1250341925
60332,390,1101,1,1250274232
60333,390,1102,5,1250335780
60334,390,351,4,1250339221
60335,390,72,3,1250341043
60336,390,2076,5,1250335792
60337,390,3284,3,1250274702
60338,390,730,4,1250338600
60339,390,2091,4,1250336685
60340,390,5304,4,1250274932
60341,390,384,4,1250339036
60342,390,273,4,1250274206
60343,390,147,5,1250341961
60344,390,3227,4,1250340843
60345,390,148,4,1250335607
60346,390,167,4,1250335723
60347,390,185,2,1250338502
60348,390,186,2,1250274352
60349,390,2189,4,1250339191
60350,390,193,5,1250335677
60351,390,202,4,1250274857
60352,390,1121,4,1250274163
60353,390,422,4,1250342181
60354,390,3722,3,1250341427
60355,390,431,3,1250338954
60356,390,434,4,1250340869
60357,390,1810,3,1250274672
60358,390,7271,2,1250338242
60359,390,445,4,1250335735
60360,390,446,4,1250339019
60361,390,1126,5,1250335591
60362,390,2124,4,1250341269
60363,390,4161,4,1250337987
60364,390,2698,1,1250275221
60365,390,3648,4,1250275193
60366,390,763,4,1250335828
60367,390,1204,4,1250342176
60368,390,766,2,1250340710
60369,390,1147,4,1250335639
60370,390,3191,2,1250338868
60371,390,7372,3,1250337822
60372,390,1128,5,1250340684
60373,390,876,5,1250342421
60374,390,5422,3,1250341989
60375,390,2244,3,1250338123
60376,390,1218,4,1250338925
60377,390,7373,4,1250341829
60378,390,1047,4,1250339385
60379,390,1130,5,1250342188
60380,390,4287,4,1250341758
60381,390,3599,4,1250335787
60382,390,4753,5,1250336181
60383,390,6025,5,1250337317
60384,390,2049,4,1250342258
60385,390,797,4,1250342426
60386,390,4294,5,1250337971
60387,390,3072,3,1250338559
60388,390,7374,3,1250337680
60389,390,4307,4,1250340910
60390,390,2052,4,1250339337
60391,390,1246,5,1250341253
60392,390,2053,2,1250339328
60393,390,7375,5,1250336077
60394,390,2311,3,1250338686
60395,390,239,2,1250335651
60396,390,7376,4,1250337222
60397,390,1284,3,1250275153
60398,390,2064,3,1250274999
60399,390,2372,2,1250339052
60400,390,2810,4,1250337441
60401,390,2379,3,1250340728
60402,390,2065,2,1250341790
60403,390,1290,4,1250341389
60404,390,2066,4,1250341245
60405,391,1,3,1032388077
60406,391,3,4,1030944221
60407,391,487,3,1030944309
60408,391,496,5,1030827466
60409,391,2069,5,1030826859
60410,391,293,4,1030826859
60411,391,461,3,1032389962
60412,391,4,3,1030944178
60413,391,5,4,1030827636
60414,391,296,4,1030827343
60415,391,6,1,1030944454
60416,391,8,5,1030945408
60417,391,1094,5,1032388078
60418,391,464,4,1032390066
60419,391,3681,4,1032388476
60420,391,10,3,1031030792
60421,391,532,2,1030944490
60422,391,2506,4,1032648830
60423,391,13,4,1030825064
60424,391,306,2,1032389024
60425,391,4181,4,1030825112
60426,391,5105,4,1032648867
60427,391,16,5,1032387863
60428,391,308,5,1030827326
60429,391,589,5,1030827248
60430,391,17,5,1030827757
60431,391,470,4,1032389866
60432,391,2508,5,1032387534
60433,391,2435,5,1032389260
60434,391,233,5,1030827712
60435,391,600,2,1032647761
60436,391,312,5,1032388857
60437,391,20,3,1031031037
60438,391,609,2,1031030583
60439,391,611,4,1030944377
60440,391,21,5,1031030749
60441,391,314,4,1030827370
60442,391,315,4,1030824455
60443,391,622,2,1030826512
60444,391,473,2,1031031037
60445,391,316,4,1030827326
60446,391,1157,1,1030826960
60447,391,639,3,1030944473
60448,391,26,4,1030944267
60449,391,27,2,1030824455
60450,391,319,4,1032649415
60451,391,654,4,1030827466
60452,391,28,4,1030826537
60453,391,659,2,1031030771
60454,391,29,5,1030827772
60455,391,1095,5,1030827097
60456,391,30,4,1030944377
60457,391,1158,5,1030827275
60458,391,671,3,1030944309
60459,391,479,4,1030826859
60460,391,34,4,1032388911
60461,391,35,3,1030824540
60462,391,324,3,1032389209
60463,391,37,5,1030944152
60464,391,830,5,1030944287
60465,391,38,3,1031030362
60466,391,7377,4,1030944561
60467,391,723,5,1030945391
60468,391,1160,5,1032388253
60469,391,43,1,1031030771
60470,391,328,5,1031030319
60471,391,1028,5,1030945609
60472,391,1436,5,1030827383
60473,391,4045,2,1030827888
60474,391,332,5,1030945041
60475,391,1438,5,1030827680
60476,391,333,5,1032649224
60477,391,334,5,1030824732
60478,391,335,5,1032388417
60479,391,336,5,1030827662
60480,391,337,5,1030945265
60481,391,46,5,1030827746
60482,391,724,5,1032388098
60483,391,338,5,1030945141
60484,391,2395,5,1030827772
60485,391,715,4,1031030749
60486,391,863,5,1032648645
60487,391,54,3,1030824424
60488,391,1775,5,1030824826
60489,391,1135,5,1032388192
60490,391,3545,4,1032390066
60491,391,341,3,1032648883
60492,391,1162,5,1030827326
60493,391,60,5,1032388476
60494,391,62,4,1032389149
60495,391,864,1,1030824424
60496,391,63,5,1030824751
60497,391,64,4,1032389993
60498,391,65,3,1030944506
60499,391,346,4,1031030749
60500,391,66,5,1030824424
60501,391,2428,5,1030827952
60502,391,1451,3,1030827124
60503,391,3699,5,1032388454
60504,391,3700,5,1032388885
60505,391,68,5,1030824520
60506,391,1100,5,1030827652
60507,391,7378,5,1032388476
60508,391,3499,5,1030828021
60509,391,1006,4,1032390083
60510,391,2075,5,1030826859
60511,391,4262,5,1030827723
60512,391,348,4,1031030437
60513,391,349,3,1030827343
60514,391,3011,4,1031030726
60515,391,3546,5,1032390126
60516,391,1102,5,1030945772
60517,391,69,5,1030945391
60518,391,70,5,1030828021
60519,391,351,5,1030827097
60520,391,1029,3,1032388237
60521,391,1103,4,1034216816
60522,391,2396,5,1030825954
60523,391,72,5,1030827179
60524,391,73,5,1030945408
60525,391,74,4,1032389300
60526,391,75,4,1030945624
60527,391,76,4,1032736600
60528,391,3221,3,1030828037
60529,391,77,5,1030945710
60530,391,78,5,1030824540
60531,391,1137,4,1032387210
60532,391,79,4,1032389236
60533,391,354,5,1030827784
60534,391,1138,5,1031030133
60535,391,1106,4,1030945009
60536,391,2079,5,1030945391
60537,391,82,4,1030827097
60538,391,2901,4,1030945247
60539,391,1165,5,1032387893
60540,391,726,4,1032389481
60541,391,865,4,1030944986
60542,391,2083,5,1030944178
60543,391,83,5,1032388098
60544,391,84,5,1032388143
60545,391,356,4,1032389889
60546,391,85,4,1030944635
60547,391,357,2,1032388929
60548,391,86,4,1030827110
60549,391,3014,5,1030827343
60550,391,358,4,1032388336
60551,391,1112,5,1030945684
60552,391,89,5,1032648504
60553,391,1456,3,1032389568
60554,391,90,4,1030827923
60555,391,3708,4,1030827923
60556,391,866,4,1030827939
60557,391,1461,4,1032736630
60558,391,92,4,1032388885
60559,391,994,4,1030827326
60560,391,977,5,1030944221
60561,391,978,3,1030944309
60562,391,1471,3,1032647585
60563,391,362,2,1030826917
60564,391,2420,2,1030827370
60565,391,94,3,1030826859
60566,391,95,4,1031030726
60567,391,2429,3,1031030880
60568,391,364,3,1032389940
60569,391,1031,2,1030826899
60570,391,101,1,1030826940
60571,391,102,2,1030826899
60572,391,6316,5,1032390126
60573,391,728,4,1030944221
60574,391,104,4,1030944152
60575,391,1008,2,1031030749
60576,391,1009,5,1030827466
60577,391,1501,2,1030944454
60578,391,1032,5,1030826859
60579,391,108,1,1030826615
60580,391,729,4,1032390100
60581,391,234,3,1032388857
60582,391,2088,3,1031030362
60583,391,367,5,1032387630
60584,391,1514,3,1030944377
60585,391,1169,2,1030824777
60586,391,109,3,1030944221
60587,391,369,3,1032390048
60588,391,1516,5,1030826899
60589,391,113,2,1030944399
60590,391,370,3,1030944178
60591,391,1525,4,1030944267
60592,391,371,3,1030827923
60593,391,374,3,1030944520
60594,391,7379,4,1030827597
60595,391,3022,2,1030827275
60596,391,378,5,1031030880
60597,391,1536,5,1030826899
60598,391,379,4,1032390126
60599,391,380,4,1030945141
60600,391,2038,5,1030827923
60601,391,2092,4,1032389132
60602,391,1171,4,1032389642
60603,391,382,4,1032389545
60604,391,1544,4,1030826578
60605,391,836,3,1030827137
60606,391,120,3,1030826960
60607,391,383,5,1032387258
60608,391,2183,4,1032647775
60609,391,837,3,1031030942
60610,391,122,2,1030824520
60611,391,384,4,1030824794
60612,391,128,5,1032389665
60613,391,272,5,1032648534
60614,391,131,2,1032647761
60615,391,1564,4,1030827326
60616,391,135,2,1032390215
60617,391,386,5,1030826551
60618,391,1577,3,1030945301
60619,391,1141,5,1032389866
60620,391,1580,4,1030826940
60621,391,1584,4,1030828021
60622,391,6713,5,1030826940
60623,391,1037,3,1030944454
60624,391,273,2,1032388956
60625,391,147,3,1030944650
60626,391,3598,5,1030825180
60627,391,392,3,1030945761
60628,391,2467,5,1030825163
60629,391,393,3,1030825112
60630,391,2468,4,1032390007
60631,391,3548,4,1032389905
60632,391,1602,2,1030825086
60633,391,2469,4,1030944221
60634,391,154,4,1030825372
60635,391,1609,4,1030945021
60636,391,1115,3,1030825330
60637,391,163,5,1030825317
60638,391,166,3,1030944152
60639,391,3293,1,1030825353
60640,391,2581,2,1030825299
60641,391,167,5,1030826859
60642,391,2582,2,1030825317
60643,391,168,4,1030825163
60644,391,2583,1,1030825353
60645,391,399,4,1030825112
60646,391,4154,2,1030825439
60647,391,1632,2,1030825112
60648,391,172,1,1032647762
60649,391,173,4,1030827179
60650,391,174,2,1032647762
60651,391,732,2,1030827370
60652,391,400,5,1030825002
60653,391,2094,5,1030825353
60654,391,179,5,1030825372
60655,391,5311,5,1032390126
60656,391,734,2,1030825439
60657,391,2584,1,1030825403
60658,391,1179,3,1030825002
60659,391,7380,4,1032647342
60660,391,401,4,1030825131
60661,391,181,4,1032389003
60662,391,2685,4,1030827939
60663,391,5063,3,1030825299
60664,391,1648,4,1032648752
60665,391,402,2,1030944152
60666,391,405,3,1032389524
60667,391,183,5,1030824826
60668,391,185,4,1030824967
60669,391,2189,5,1030825032
60670,391,2097,3,1030827864
60671,391,188,4,1030826899
60672,391,1180,4,1032389092
60673,391,190,4,1032388314
60674,391,191,4,1032389003
60675,391,192,3,1032389545
60676,391,193,4,1030825131
60677,391,3231,3,1032388169
60678,391,195,5,1030825439
60679,391,198,5,1030825020
60680,391,1118,4,1030827864
60681,391,1671,1,1030944490
60682,391,2041,2,1032388253
60683,391,2098,4,1030827888
60684,391,199,3,1032647762
60685,391,4912,4,1030944399
60686,391,4845,5,1032388054
60687,391,1183,3,1030945348
60688,391,1684,3,1031030583
60689,391,414,5,1032389601
60690,391,3550,5,1030945684
60691,391,2194,2,1031030942
60692,391,1787,4,1030825131
60693,391,415,5,1030825262
60694,391,416,2,1030825163
60695,391,206,3,1030825403
60696,391,2196,4,1031030880
60697,391,2201,3,1030944287
60698,391,2202,4,1032389642
60699,391,3612,5,1030827699
60700,391,4083,5,1030944221
60701,391,2203,4,1032388582
60702,391,2511,1,1030825020
60703,391,2493,4,1032389313
60704,391,1705,2,1030943960
60705,391,211,4,1031030319
60706,391,422,2,1030825112
60707,391,1717,4,1031030942
60708,391,5613,5,1032387517
60709,391,423,4,1032388143
60710,391,1726,1,1030944050
60711,391,5084,5,1030827198
60712,391,1041,2,1030943916
60713,391,220,1,1030825163
60714,391,738,1,1030825299
60715,391,1870,2,1030827198
60716,391,1123,5,1032736480
60717,391,1747,3,1032647788
60718,391,224,4,1030827179
60719,391,1750,4,1032647725
60720,391,1015,2,1030825163
60721,391,1187,2,1030825048
60722,391,2207,4,1032388594
60723,391,229,2,1032647604
60724,391,1019,3,1030824520
60725,391,429,4,1032388454
60726,391,5205,2,1030825439
60727,391,3722,3,1032390215
60728,391,278,5,1032387063
60729,391,431,1,1032389568
60730,391,742,1,1030826998
60731,391,432,5,1032387630
60732,391,1022,4,1030943916
60733,391,434,2,1030945206
60734,391,437,3,1032388212
60735,391,440,2,1030825954
60736,391,3177,3,1032736654
60737,391,443,5,1030945120
60738,391,5342,4,1032388112
60739,391,445,5,1030827636
60740,391,2102,2,1030943882
60741,391,7381,4,1030824732
60742,391,450,5,1032389260
60743,391,7272,5,1032389993
60744,391,7274,5,1030827772
60745,391,745,4,1032388273
60746,391,451,3,1032648534
60747,391,6338,5,1032389973
60748,391,2634,4,1030945247
60749,391,3243,4,1032390139
60750,391,7382,4,1032649312
60751,391,1829,5,1032388291
60752,391,457,3,1032388417
60753,391,752,3,1032388454
60754,391,1831,3,1030943916
60755,391,2044,2,1037482267
60756,391,2768,5,1030945041
60757,391,5168,3,1032648867
60758,391,7383,3,1030825841
60759,391,460,3,1030945731
60760,391,1126,5,1030824733
60761,391,2717,2,1030943932
60762,391,5369,4,1030943882
60763,391,1832,2,1030824751
60764,391,754,5,1030824777
60765,391,755,4,1030824794
60766,391,1834,5,1030825841
60767,391,3182,3,1037482146
60768,391,2221,3,1031031037
60769,391,6931,2,1032389116
60770,391,4476,4,1030827680
60771,391,2222,1,1030825855
60772,391,6737,4,1032387855
60773,391,5170,5,1030945301
60774,391,1840,1,1030944035
60775,391,2699,3,1030825911
60776,391,2224,4,1032390019
60777,391,1842,3,1030945301
60778,391,6134,2,1032389500
60779,391,5378,4,1030824826
60780,391,2954,4,1030945566
60781,391,757,3,1030826998
60782,391,3185,5,1030824589
60783,391,1199,4,1030824613
60784,391,6632,3,1030826775
60785,391,7384,4,1030824733
60786,391,6739,4,1030824894
60787,391,7385,5,1030824589
60788,391,7386,5,1030825479
60789,391,3329,3,1030826615
60790,391,7387,2,1032386679
60791,392,478,3,1027524061
60792,392,3004,1,1027524144
60793,392,2998,2,1027524144
60794,392,67,3,1027524262
60795,392,1102,4,1027524098
60796,392,70,3,1027524123
60797,392,71,5,1027524111
60798,392,1137,5,1027524082
60799,392,147,4,1027524082
60800,392,1614,2,1027524145
60801,392,172,2,1027524145
60802,392,400,5,1027524290
60803,392,1003,4,1027524346
60804,392,1179,5,1027524290
60805,392,1116,3,1027524290
60806,392,404,3,1027524346
60807,392,2590,3,1027524290
60808,392,185,4,1027524262
60809,392,198,5,1027524319
60810,392,2686,1,1027524319
60811,392,2511,3,1027524319
60812,392,2603,4,1027524346
60813,392,1733,2,1027524262
60814,392,2611,2,1027524319
60815,392,1876,2,1027524082
60816,393,8,4,1430505977
60817,393,589,5,1430505916
60818,393,26,5,1430505971
60819,393,1095,0,1430506010
60820,393,479,0,1430505921
60821,393,723,5,1430506142
60822,393,1160,0,1430506242
60823,393,63,5,1430506089
60824,393,71,5,1430505811
60825,393,351,5,1430506349
60826,393,72,5,1430506339
60827,393,76,3,1430506219
60828,393,82,0,1430505957
60829,393,90,5,1430505819
60830,393,728,5,1430506324
60831,393,106,3,1430506286
60832,393,1032,4,1430506736
60833,393,729,4,1430506294
60834,393,109,0,1430506720
60835,393,148,5,1430506129
60836,393,167,5,1430505817
60837,393,193,5,1430505981
60838,393,198,5,1430506344
60839,393,737,3,1430507569
60840,393,220,4,1430505865
60841,393,738,3,1430507431
60842,393,229,5,1430505873
60843,393,1765,3,1430507545
60844,393,432,3,1430505876
60845,393,1022,5,1430506157
60846,393,1043,5,1430507425
60847,393,437,4,1430507440
60848,393,1023,3,1430507559
60849,393,445,5,1430505871
60850,393,1814,2,1430507643
60851,393,1819,3,1430507596
60852,393,1044,3,1430507483
60853,393,1829,3,1430507512
60854,393,1125,5,1430506161
60855,393,753,5,1430507415
60856,393,754,5,1430505859
60857,393,755,4,1430507442
60858,393,757,5,1430507415
60859,393,1845,3,1430507618
60860,393,1199,5,1430506447
60861,393,759,0,1430506636
60862,393,1849,2,1430507680
60863,393,1202,5,1430506517
60864,393,1203,3,1430507495
60865,393,856,0,1430507509
60866,393,765,5,1430505860
60867,393,2233,3,1430507697
60868,393,768,5,1430507447
60869,393,769,5,1430507433
60870,393,770,3,1430507704
60871,393,771,5,1430506204
60872,393,235,5,1430506529
60873,393,775,5,1430505826
60874,393,1222,5,1430507669
60875,393,1048,5,1430506348
60876,393,887,3,1430507690
60877,393,783,5,1430507450
60878,393,1049,0,1430507504
60879,393,784,5,1430506266
60880,393,236,4,1430506610
60881,393,1230,2,1430507683
60882,393,799,5,1430507635
60883,393,1131,0,1430506030
60884,393,2126,5,1430507752
60885,393,807,0,1430506599
60886,393,895,5,1430507587
60887,393,810,5,1430505954
60888,393,1242,5,1430505975
60889,393,2290,5,1430506273
60890,393,6671,4,1430506847
60891,393,1251,4,1430506171
60892,393,1252,5,1430507662
60893,393,817,2,1430507607
60894,393,1255,5,1430507487
60895,393,1133,5,1430506137
60896,393,824,5,1430506696
60897,393,2326,4,1430506495
60898,393,2979,2,1430507744
60899,393,1264,5,1430507657
60900,393,1269,0,1430507647
60901,393,3154,5,1430507733
60902,393,903,5,1430505955
60903,393,1279,5,1430506208
60904,393,239,5,1430505824
60905,393,1055,5,1430505965
60906,393,1912,0,1430506550
60907,393,1282,2,1430507741
60908,393,1286,4,1430507659
60909,393,1292,5,1430506944
60910,393,1059,5,1430506951
60911,393,1152,5,1430505962
60912,393,3086,5,1430506781
60913,393,1061,5,1430506256
60914,393,927,0,1430506458
60915,393,928,5,1430506540
60916,393,243,0,1430507624
60917,393,1312,0,1430506760
60918,393,1313,4,1430507736
60919,393,245,5,1430505945
60920,393,1066,3,1430506592
60921,393,1324,0,1430506753
60922,393,1328,5,1430506314
60923,393,1330,0,1430506334
60924,393,1067,5,1430506199
60925,393,250,5,1430507085
60926,393,251,0,1430506102
60927,393,951,5,1430506264
60928,393,1343,5,1430506330
60929,393,1346,4,1430506862
60930,393,1347,4,1430506292
60931,393,959,5,1430506573
60932,393,5647,5,1430506940
60933,393,1075,5,1430506649
60934,393,1357,5,1430506694
60935,393,1078,5,1430505896
60936,393,1366,5,1430505834
60937,393,3937,5,1430506955
60938,393,7388,4,1430506958
60939,394,461,3,838994398
60940,394,5,5,838994626
60941,394,8,5,838994356
60942,394,464,3,838994123
60943,394,465,3,838994173
60944,394,540,3,838994311
60945,394,550,1,838994311
60946,394,558,4,838994460
60947,394,18,2,838994211
60948,394,605,3,838994311
60949,394,471,2,838994173
60950,394,21,4,838994356
60951,394,23,3,838994460
60952,394,473,3,838994125
60953,394,474,2,838994356
60954,394,639,2,838994398
60955,394,26,4,838994263
60956,394,27,3,838994356
60957,394,32,4,838994626
60958,394,323,2,838994173
60959,394,33,2,838994123
60960,394,34,3,838994123
60961,394,324,2,838994211
60962,395,482,3,841503884
60963,395,487,3,841503555
60964,395,461,3,841503656
60965,395,1401,2,841504003
60966,395,503,3,841505041
60967,395,516,3,841503940
60968,395,8,4,841503580
60969,395,299,2,841505382
60970,395,528,3,841503965
60971,395,530,4,841503793
60972,395,532,3,841503441
60973,395,533,3,841503984
60974,395,1027,4,841503965
60975,395,1405,4,841503843
60976,395,539,1,841505523
60977,395,550,5,841503555
60978,395,14,3,841503488
60979,395,571,3,841503984
60980,395,17,3,841503394
60981,395,18,3,841503488
60982,395,598,3,841503726
60983,395,600,3,841503502
60984,395,605,4,841503555
60985,395,613,3,841505128
60986,395,21,3,841503555
60987,395,472,3,841503627
60988,395,23,4,841503656
60989,395,315,4,841504018
60990,395,621,3,841504841
60991,395,622,3,841503656
60992,395,473,3,841503395
60993,395,474,3,841503627
60994,395,1414,3,841503722
60995,395,2141,3,841505180
60996,395,637,3,841503843
60997,395,640,1,841505347
60998,395,643,3,841505110
60999,395,27,4,841503580
61000,395,2654,1,841505058
61001,395,648,2,841504887
61002,395,28,3,841503730
61003,395,655,3,841505212
61004,395,2655,4,841505074
61005,395,660,4,841504867
61006,395,29,2,841503819
61007,395,31,4,841504603
61008,395,828,3,841503793
61009,395,323,2,841503441
61010,395,479,3,841503627
61011,395,33,3,841503392
61012,395,34,3,841504279
61013,395,324,3,841503488
61014,395,36,3,841504867
61015,395,481,4,841503793
61016,395,674,3,841504995
61017,395,38,5,841504217
61018,395,1774,3,841505441
61019,395,52,3,841505090
61020,395,53,3,841505365
61021,395,2446,3,841504945
61022,395,57,1,841505546
61023,396,1,5,1111688626
61024,396,972,2,1111688564
61025,396,294,3,1111688518
61026,396,5,4,1111688630
61027,396,547,0,1111688575
61028,396,581,1,1111688562
61029,396,589,5,1111688614
61030,396,233,4,1111688621
61031,396,1097,4,1111688552
61032,396,693,4,1111688506
61033,396,1438,4,1111688481
61034,396,65,1,1111688549
61035,396,1100,4,1111688485
61036,396,1111,5,1111688529
61037,396,2751,0,1111688455
61038,396,365,0,1111688558
61039,396,106,3,1111688470
61040,396,834,2,1111688523
61041,396,1515,3,1111688571
61042,396,110,3,1111688514
61043,396,1035,3,1111688473
61044,396,148,4,1111688545
61045,396,201,3,1111688499
61046,396,736,4,1111688632
61047,396,741,1,1111688493
61048,396,752,4,1111688536
61049,396,759,2,1111688535
61050,396,876,4,1111688617
61051,397,6020,5,1181966712
61052,397,306,4,1181966557
61053,397,319,5,1181966647
61054,397,723,4,1181967429
61055,397,342,4,1181966563
61056,397,2428,4,1181966593
61057,397,1106,5,1181967391
61058,397,2901,5,1181966446
61059,397,7389,4,1181966644
61060,397,2039,4,1181966434
61061,397,395,3,1181966576
61062,397,1603,2,1181966588
61063,397,2930,2,1181966706
61064,397,2042,4,1181966698
61065,397,4869,3,1181966732
61066,397,3184,4,1181967285
61067,397,4114,2,1181966759
61068,397,1147,4,1181967357
61069,397,2247,4,1181967291
61070,397,5434,3,1181966850
61071,397,2119,4,1181967363
61072,397,3207,4,1181967437
61073,397,1253,4,1181967240
61074,398,293,5,1311207513
61075,398,467,3,1311207257
61076,398,332,5,1311207274
61077,398,335,5,1311208658
61078,398,265,5,1311207286
61079,398,863,5,1311207219
61080,398,58,4,1311207319
61081,398,68,5,1311207902
61082,398,70,5,1311207864
61083,398,71,4,1311207956
61084,398,1104,5,1311207986
61085,398,88,4,1311207208
61086,398,1033,2,1311207242
61087,398,1572,3,1311207340
61088,398,141,5,1311207291
61089,398,1584,4,1311207307
61090,398,1618,3,1311207298
61091,398,403,4,1311207233
61092,398,1669,4,1311207314
61093,398,1118,5,1311207592
61094,398,2599,4,1311207615
61095,398,1718,4,1311207261
61096,398,430,3,1311207281
61097,398,1126,5,1311207812
61098,398,3184,2,1311531312
61099,398,763,5,1311207857
61100,398,1045,5,1311207950
61101,398,7390,5,1311207819
61102,398,3142,4,1311208001
61103,398,1129,4,1311208633
61104,398,1130,4,1311207930
61105,398,1227,1,1311207566
61106,398,7391,5,1311207555
61107,398,7392,5,1311207980
61108,398,7393,4,1311207645
61109,398,1150,4,1311208617
61110,398,5860,5,1311207853
61111,398,238,4,1311208138
61112,398,2350,1,1311207462
61113,398,2354,5,1311207536
61114,398,1056,5,1311207989
61115,398,7394,4,1311207670
61116,398,916,5,1311207913
61117,398,245,3,1311208624
61118,398,935,5,1311207891
61119,398,1155,4,1311207875
61120,399,1,4,1167220428
61121,399,8,3,1167220367
61122,399,16,5,1167220356
61123,399,17,5,1167220327
61124,399,21,5,1167220295
61125,399,27,3,1167220297
61126,399,29,4,1167222101
61127,399,479,2,1167220410
61128,399,35,4,1167220350
61129,399,43,3,1167220383
61130,399,69,5,1167220406
61131,399,71,5,1167220403
61132,399,74,5,1167220405
61133,399,2145,3,1167222111
61134,399,86,5,1167220364
61135,399,90,4,1167222115
61136,399,102,0,1167220388
61137,399,1141,5,1167222181
61138,399,167,5,1167220314
61139,399,402,4,1167220354
61140,399,185,0,1167220276
61141,399,193,3,1167220282
61142,399,736,4,1167222222
61143,399,220,5,1167220379
61144,399,432,3,1167220373
61145,399,745,5,1167220333
61146,399,752,4,1167220397
61147,399,754,4,1167220302
61148,399,759,0,1167220394
61149,399,765,5,1167220309
61150,399,768,5,1167222250
61151,399,876,5,1167220376
61152,399,775,4,1167220305
61153,399,795,3,1167222093
61154,399,2286,4,1167222227
61155,399,810,2,1167222106
61156,400,3,5,1498870480
61157,400,4,5,1498870391
61158,400,5,5,1498870285
61159,400,16,5,1498870148
61160,400,589,5,1498870424
61161,400,17,5,1498870341
61162,400,233,5,1498870167
61163,400,21,4,1498870483
61164,400,1095,4,1498870376
61165,400,35,5,1498870393
61166,400,37,5,1498870431
61167,400,1160,5,1498870441
61168,400,1028,5,1498870339
61169,400,1135,4,1498870302
61170,400,1102,4,1498870428
61171,400,69,5,1498870150
61172,400,70,4,1498870278
61173,400,71,4,1498870158
61174,400,74,5,1498870163
61175,400,75,4,1498870443
61176,400,1137,4,1498870513
61177,400,84,4,1498870439
61178,400,86,4,1498870284
61179,400,167,5,1498870160
61180,400,193,5,1498870338
61181,400,220,4,1498870383
61182,400,278,5,1498870465
61183,400,1125,4,1498870517
61184,400,754,4,1498870354
61185,400,775,4,1498870350
61186,400,1252,5,1498870195
61187,400,1254,4,1498870201
61188,400,899,4,1498870198
61189,400,238,4,1498870374
61190,400,2979,2,1498870208
61191,400,239,4,1498870343
61192,400,1282,2,1498870210
61193,400,1926,4,1498870479
61194,400,245,5,1498870346
61195,400,1081,4,1498870389
61196,400,1085,4,1498870437
61197,400,1391,4,1498870217
61198,400,1393,4,1498870221
61199,401,1,3,1510450550
61200,401,1401,2,1514347122
61201,401,563,4,1510450952
61202,401,21,3,1514346202
61203,401,472,3,1514347354
61204,401,1420,3,1510450771
61205,401,323,3,1514346811
61206,401,324,3,1515527826
61207,401,693,4,1510450845
61208,401,68,4,1515527938
61209,401,1493,3,1510450448
61210,401,102,2,1514347123
61211,401,376,3,1510455626
61212,401,147,3,1514347443
61213,401,736,3,1510448991
61214,401,1187,4,1510449297
61215,401,1803,4,1510449289
61216,401,745,3,1514347054
61217,401,1815,4,1510449649
61218,401,752,3,1514346115
61219,401,754,3,1510450411
61220,401,756,3,1514347527
61221,401,3328,4,1510449308
61222,401,2752,5,1510449639
61223,401,765,3,1510450411
61224,401,1857,3,1510449784
61225,401,876,3,1514347246
61226,401,771,3,1510455689
61227,401,878,4,1514346693
61228,401,775,3,1510450401
61229,401,779,3,1514347514
61230,401,795,4,1514346865
61231,401,1237,3,1514347062
61232,401,1150,3,1510449709
61233,401,805,3,1514346939
61234,401,1240,2,1514347874
61235,401,1246,4,1510449496
61236,401,1248,3,1510449534
61237,401,7395,1,1515902122
61238,401,1255,3,1510455704
61239,401,3796,3,1515902139
61240,401,3395,3,1510450455
61241,401,1053,4,1514346857
61242,401,3403,4,1514346134
61243,401,1264,3,1510449477
61244,401,3516,2,1515902154
61245,401,1276,4,1510449519
61246,401,1055,3,1514347481
61247,401,1283,3,1515527923
61248,401,1056,4,1510455571
61249,401,2066,4,1510449819
61250,401,916,4,1510449295
61251,401,926,3,1510450457
61252,401,927,3,1514347490
61253,401,1926,3,1514347590
61254,401,1134,3,1510449868
61255,401,932,3,1510449779
61256,401,1932,4,1510449037
61257,401,936,4,1510450423
61258,401,3847,3,1514347935
61259,401,1343,3,1515528273
61260,401,255,3,1514346994
61261,401,1078,3,1514346960
61262,401,6580,3,1510449907
61263,401,1368,4,1510450699
61264,401,1086,4,1510450386
61265,401,1089,4,1510449426
61266,401,4002,3,1510455649
61267,401,4831,3,1514346967
61268,401,4625,3,1510450416
61269,401,2035,3,1510450729
61270,401,7396,3,1515871732
61271,402,484,3,849598135
61272,402,5018,3,849598259
61273,402,496,3,849598104
61274,402,462,3,849598135
61275,402,4,3,849654599
61276,402,295,3,849598217
61277,402,504,5,849598453
61278,402,516,4,849598075
61279,402,521,4,849598177
61280,402,526,3,849654373
61281,402,532,5,849601250
61282,402,547,4,849601504
61283,402,560,3,849654449
61284,402,589,3,849601504
61285,402,17,5,849601250
61286,402,597,4,849654509
61287,402,600,3,849654475
61288,402,20,3,849601504
61289,402,472,4,849654417
61290,402,973,4,852551954
61291,402,622,5,849601325
61292,402,473,5,849601250
61293,402,634,5,849601295
61294,402,1157,4,849654510
61295,402,26,4,849601325
61296,402,475,3,849654448
61297,402,647,3,849654510
61298,402,27,4,849654417
61299,402,28,5,849601504
61300,402,29,4,849654417
61301,402,828,4,849601295
61302,402,671,5,849601295
61303,402,323,4,849654543
61304,402,479,5,849601295
61305,402,35,5,849601250
61306,402,481,4,849601295
61307,402,678,3,849598411
61308,402,680,3,849598383
61309,402,688,3,852552188
61310,402,42,3,849598075
61311,402,1428,3,849598310
61312,402,690,3,849598292
61313,402,43,5,852552188
61314,402,2427,5,849598217
61315,402,1431,3,849598292
61316,402,706,3,852552030
61317,402,1135,5,849601325
61318,402,344,5,849598337
61319,403,4,5,1225243620
61320,403,8,5,1225243634
61321,403,538,4,1225243348
61322,403,17,5,1225243673
61323,403,2446,3,1225243406
61324,403,63,4,1225243649
61325,403,75,4,1225243612
61326,403,1109,3,1225243423
61327,403,357,4,1225243624
61328,403,90,4,1225243605
61329,403,1504,3,1225243361
61330,403,113,3,1225243417
61331,403,148,4,1225243630
61332,403,1177,3,1225243395
61333,403,157,4,1225243367
61334,403,163,4,1225243619
61335,403,174,2,1225243367
61336,403,1865,2,1225243354
61337,403,182,3,1225243390
61338,403,2592,3,1225243342
61339,403,2041,4,1225243642
61340,403,2194,4,1225243377
61341,403,277,3,1225243390
61342,403,1706,3,1225243383
61343,403,211,4,1225243423
61344,403,225,3,1225243353
61345,403,1130,4,1225243681
61346,403,1911,4,1225243690
61347,403,2131,2,1225243497
61348,403,2367,3,1225243531
61349,403,2064,4,1225243505
61350,403,7397,3,1225243552
61351,403,7398,3,1225243539
61352,403,5973,3,1225243539
61353,404,488,4,838376006
61354,404,492,4,838376049
61355,404,292,3,838375894
61356,404,461,4,838375864
61357,404,462,3,838376195
61358,404,4,3,838375864
61359,404,505,4,838376141
61360,404,520,3,838376177
61361,404,8,4,838375832
61362,404,525,4,838376079
61363,404,9,3,838376027
61364,404,531,4,838375784
61365,404,532,3,838375720
61366,404,1027,3,838376079
61367,404,540,4,838375811
61368,404,1024,3,838376177
61369,404,545,3,838376027
61370,404,547,3,838376079
61371,404,550,4,838375811
61372,404,557,3,838376141
61373,404,561,3,838375976
61374,404,467,3,838376103
61375,404,308,3,838376103
61376,404,468,3,838375928
61377,404,2071,3,838376221
61378,404,578,3,838376221
61379,404,581,3,838376177
61380,404,588,3,838375784
61381,404,17,3,838375694
61382,404,597,3,838375951
61383,404,18,3,838375745
61384,404,233,4,838375745
61385,404,605,3,838375811
61386,404,20,4,838375720
61387,404,609,3,838376007
61388,404,21,4,838375832
61389,404,314,4,838376006
61390,404,472,3,838375864
61391,404,23,3,838375894
61392,404,315,3,838376249
61393,404,622,4,838375928
61394,404,473,3,838375694
61395,404,634,3,838375784
61396,404,637,4,838375951
61397,404,639,3,838375864
61398,404,26,4,838375784
61399,404,475,3,838376120
61400,404,27,4,838375864
61401,404,28,4,838375951
61402,404,657,3,838376177
61403,404,320,4,838376079
61404,404,476,3,838376221
61405,404,29,4,838376343
61406,404,322,4,838375976
61407,404,32,3,838376006
61408,404,671,3,838375976
61409,404,323,4,838375720
61410,404,33,4,838375694
61411,404,35,4,838375784
61412,404,481,3,838376006
61413,405,491,4,1295916006
61414,405,496,4,1299377952
61415,405,293,4,1295910764
61416,405,6,4,1295917097
61417,405,8,4,1295913228
61418,405,1094,4,1298419980
61419,405,1024,3,1295925658
61420,405,550,4,1295912225
61421,405,557,3,1295932380
61422,405,466,3,1295913679
61423,405,585,5,1295914153
61424,405,589,4,1295914570
61425,405,17,4,1295912262
61426,405,311,3,1295924366
61427,405,619,4,1295921641
61428,405,4840,4,1295916262
61429,405,1157,3,1295912798
61430,405,1095,4,1299378002
61431,405,6707,4,1295916120
61432,405,2172,3,1301517452
61433,405,723,4,1295912383
61434,405,62,4,1295914946
61435,405,344,4,1295922337
61436,405,63,4,1295912277
61437,405,725,4,1295915290
61438,405,351,4,1298940936
61439,405,72,4,1295911364
61440,405,1136,3,1298431405
61441,405,75,4,1295914277
61442,405,76,4,1300134613
61443,405,1452,3,1295923644
61444,405,79,4,1295912972
61445,405,2079,4,1295922950
61446,405,4056,4,1295916609
61447,405,865,4,1295931965
61448,405,1107,3,1303353153
61449,405,6185,3,1295916630
61450,405,3707,4,1299377932
61451,405,362,3,1295936393
61452,405,2087,4,1295910232
61453,405,104,4,1295917372
61454,405,106,4,1295910873
61455,405,2461,4,1295922739
61456,405,1169,3,1298432514
61457,405,109,3,1295913070
61458,405,113,4,1295905767
61459,405,2091,4,1295913818
61460,405,2183,3,1302184702
61461,405,384,4,1300897494
61462,405,134,4,1296680114
61463,405,148,3,1295915392
61464,405,167,4,1295911712
61465,405,184,4,1295910525
61466,405,193,4,1295911053
61467,405,199,3,1295924067
61468,405,201,3,1295919627
61469,405,205,4,1295932262
61470,405,1705,4,1295912655
61471,405,1012,4,1295910522
61472,405,1717,4,1295923423
61473,405,1041,4,1295911534
61474,405,6200,5,1295910163
61475,405,740,3,1295924979
61476,405,278,4,1298430657
61477,405,1022,4,1300898103
61478,405,1043,3,1295935743
61479,405,443,4,1304537443
61480,405,445,4,1295910680
61481,405,446,4,1299377970
61482,405,4098,3,1295916577
61483,405,1829,4,1295910195
61484,405,1125,4,1295933975
61485,405,2772,4,1295936691
61486,405,766,3,1295921683
61487,405,6997,4,1295916788
61488,405,1215,4,1300896094
61489,405,5780,4,1300894109
61490,405,5521,4,1295910209
61491,405,2114,3,1299385821
61492,405,7399,4,1295931831
61493,405,1047,4,1295930260
61494,405,5429,3,1300903368
61495,405,4287,4,1295931853
61496,405,4753,4,1295911447
61497,405,2120,3,1300143153
61498,405,236,3,1295912345
61499,405,1230,4,1298431769
61500,405,5237,4,1295911620
61501,405,2793,5,1295907397
61502,405,2407,4,1302485839
61503,405,7400,5,1295907863
61504,405,3212,4,1304548852
61505,405,5532,4,1300152253
61506,405,7401,3,1302572166
61507,405,3149,4,1295913835
61508,405,807,5,1295911744
61509,405,1239,3,1295933067
61510,405,1242,4,1298576695
61511,405,2292,4,1295936828
61512,405,1259,4,1300896996
61513,405,1133,3,1295910903
61514,405,1052,4,1295910700
61515,405,5546,5,1295906949
61516,405,2057,3,1295906149
61517,405,2058,4,1295933110
61518,405,2987,3,1295917111
61519,405,1272,4,1295930432
61520,405,3419,4,1304538515
61521,405,3677,3,1295935997
61522,405,2059,4,1295910798
61523,405,1279,3,1295910835
61524,405,7402,5,1298593183
61525,405,1058,4,1295915406
61526,405,241,3,1295935366
61527,405,1059,4,1295910982
61528,405,4327,4,1295933206
61529,405,7403,4,1295908630
61530,405,1312,4,1295910517
61531,405,7404,3,1298423995
61532,405,245,4,1295910661
61533,406,523,4,1296959291
61534,406,467,4,1296959195
61535,406,581,3,1296959212
61536,406,477,1,1296959250
61537,406,1426,3,1296959229
61538,406,1774,3,1296959224
61539,406,89,1,1296959178
61540,406,982,3,1296959286
61541,406,107,2,1296959276
61542,406,119,2,1296959207
61543,406,998,0,1296959182
61544,406,3288,5,1296959311
61545,406,137,3,1296959314
61546,406,1003,3,1296959218
61547,406,1646,3,1296959267
61548,406,871,5,1296959395
61549,406,5245,5,1296959418
61550,406,4515,3,1296959406
61551,406,1899,4,1296959410
61552,406,905,5,1296959397
61553,407,16,4,1424349164
61554,407,589,3,1424349633
61555,407,1135,3,1424349636
61556,407,69,4,1424349169
61557,407,82,3,1424349576
61558,407,90,4,1424349174
61559,407,122,4,1424349622
61560,407,167,5,1424349171
61561,407,193,5,1424349614
61562,407,754,5,1424349189
61563,407,759,5,1424349200
61564,407,765,5,1424349191
61565,407,771,4,1424349198
61566,407,775,5,1424349179
61567,407,903,3,1424349573
61568,407,239,5,1424349176
61569,407,1055,5,1424349624
61570,407,1056,2,1424349618
61571,407,916,3,1424349613
61572,407,1926,4,1424349580
61573,407,962,3,1424349211
61574,407,1077,5,1424349215
61575,408,487,4,1467913128
61576,408,493,3,1469521999
61577,408,972,3,1484264475
61578,408,532,3,1469138655
61579,408,16,4,1472537293
61580,408,18,3,1470332601
61581,408,233,4,1470901532
61582,408,471,4,1468267925
61583,408,660,4,1468148546
61584,408,2073,5,1468148026
61585,408,1135,4,1468523581
61586,408,61,3,1472897068
61587,408,69,4,1472537296
61588,408,71,5,1467371924
61589,408,74,4,1472537300
61590,408,85,5,1467644714
61591,408,269,5,1468361409
61592,408,88,4,1467801150
61593,408,90,5,1468253241
61594,408,99,4,1468253333
61595,408,234,4,1467801986
61596,408,1514,4,1484264292
61597,408,1033,3,1469522210
61598,408,146,4,1467706342
61599,408,1603,4,1467797045
61600,408,1612,4,1474104046
61601,408,167,4,1469527105
61602,408,1117,3,1468057563
61603,408,405,5,1467705846
61604,408,199,4,1467705877
61605,408,201,3,1474945419
61606,408,416,5,1467371178
61607,408,2606,5,1467454117
61608,408,220,4,1467623223
61609,408,223,4,1474104933
61610,408,1872,4,1467797834
61611,408,432,3,1467454816
61612,408,1814,4,1468146292
61613,408,4496,3,1468316736
61614,408,1880,4,1475658425
61615,408,754,5,1467371723
61616,408,5748,4,1468361835
61617,408,2124,5,1467361327
61618,408,1199,4,1468361174
61619,408,765,5,1467371725
61620,408,3333,3,1468361259
61621,408,2480,5,1467454054
61622,408,2514,3,1468360680
61623,408,7405,4,1468361351
61624,408,772,4,1467379697
61625,408,774,4,1467371997
61626,408,775,5,1467371716
61627,408,4984,4,1467644109
61628,408,782,4,1483945606
61629,408,1227,4,1468147108
61630,408,236,4,1467371934
61631,408,798,4,1467361272
61632,408,2126,3,1467380047
61633,408,810,5,1467371677
61634,408,1244,5,1467371608
61635,408,5931,4,1467368053
61636,408,1895,5,1467372474
61637,408,1251,5,1467371208
61638,408,4515,3,1468361608
61639,408,1897,3,1467361318
61640,408,2055,4,1467644588
61641,408,2128,5,1467371286
61642,408,1133,4,1467801002
61643,408,1052,5,1467371256
61644,408,824,5,1467371732
61645,408,2320,4,1467371306
61646,408,900,4,1472537730
61647,408,1268,3,1468495066
61648,408,3154,4,1470032963
61649,408,903,4,1468362104
61650,408,6281,4,1468146312
61651,408,2345,5,1467371475
61652,408,1909,4,1467361609
61653,408,4525,3,1468361801
61654,408,239,5,1467361700
61655,408,5813,3,1468057843
61656,408,1912,4,1468361289
61657,408,240,4,1468361683
61658,408,2131,4,1468147284
61659,408,2372,4,1468361277
61660,408,1288,4,1468266657
61661,408,2990,4,1468361145
61662,408,1059,4,1468362206
61663,408,3085,3,1467361334
61664,408,3518,4,1467454073
61665,408,7406,3,1467361744
61666,408,2393,4,1467878892
61667,408,928,5,1467361655
61668,408,1308,3,1474942614
61669,408,1312,3,1470901761
61670,408,245,3,1467371343
61671,408,4174,3,1468274091
61672,408,1316,4,1468253547
61673,408,246,4,1468147698
61674,408,3091,4,1467371107
61675,408,3628,4,1468361384
61676,408,7407,4,1469351893
61677,408,6066,3,1474103991
61678,408,7408,3,1468361312
61679,408,3095,5,1468147077
61680,408,1067,3,1472723077
61681,408,250,4,1467879035
61682,408,1334,5,1467361648
61683,408,6083,4,1467371133
61684,408,1069,2,1467371826
61685,408,951,3,1472722374
61686,408,1343,4,1468145211
61687,408,4705,5,1467361602
61688,408,4790,5,1467371549
61689,408,1071,5,1467371641
61690,408,3101,4,1467371835
61691,408,3102,1,1468149068
61692,408,1961,3,1469525249
61693,408,7409,3,1468361712
61694,408,959,4,1467379739
61695,408,1974,4,1468361453
61696,408,3105,4,1468361723
61697,408,254,4,1485816406
61698,408,4570,3,1468253771
61699,408,1076,5,1467371225
61700,408,1991,5,1467379824
61701,408,4713,4,1467371240
61702,408,3112,4,1467371321
61703,408,1362,4,1485814868
61704,408,967,2,1467879084
61705,408,1367,5,1467371588
61706,408,1082,3,1489793600
61707,408,4217,2,1467371813
61708,408,1085,4,1467910494
61709,408,969,4,1468145393
61710,408,7410,4,1467644186
61711,408,2021,5,1467546645
61712,408,1088,4,1485814582
61713,408,4827,3,1485814563
61714,408,6939,4,1485814541
61715,408,1092,4,1485815184
61716,409,463,4,968979119
61717,409,1094,5,969059983
61718,409,13,4,968978133
61719,409,15,5,968979078
61720,409,16,4,967912821
61721,409,17,5,969059543
61722,409,233,4,969058201
61723,409,2426,3,967912821
61724,409,2440,5,968978942
61725,409,35,4,969058201
61726,409,37,5,969059543
61727,409,1096,4,969058230
61728,409,1430,3,968978290
61729,409,1028,5,967919359
61730,409,335,5,968978852
61731,409,336,4,969059617
61732,409,45,5,969060011
61733,409,2665,2,968978942
61734,409,3169,5,968978361
61735,409,61,4,967920044
61736,409,342,5,967920079
61737,409,5051,5,967920117
61738,409,62,3,967920044
61739,409,266,3,968978193
61740,409,2998,3,967920162
61741,409,68,5,967920079
61742,409,1102,5,969058201
61743,409,3704,5,967920215
61744,409,70,5,968979078
61745,409,75,5,969072204
61746,409,77,4,969072061
61747,409,1137,5,969057728
61748,409,354,5,969059617
61749,409,1138,5,969059617
61750,409,1106,5,967920044
61751,409,1139,5,967920044
61752,409,2397,4,969059983
61753,409,2901,3,967920079
61754,409,865,5,969059983
61755,409,83,4,968979010
61756,409,356,4,968978986
61757,409,85,4,968979010
61758,409,1111,5,968978828
61759,409,88,4,967920044
61760,409,361,5,968978828
61761,409,866,4,968978986
61762,409,1474,4,967920162
61763,409,1475,4,968978828
61764,409,2563,4,968978414
61765,409,3718,4,969060011
61766,409,1534,2,968978193
61767,409,2038,5,969060032
61768,409,5199,3,968978384
61769,409,122,2,967912852
61770,409,2678,5,968979119
61771,409,385,5,967920117
61772,409,3027,4,969060011
61773,409,3598,5,968978272
61774,409,2575,4,968979119
61775,409,5061,3,967920162
61776,409,1602,3,968978168
61777,409,154,2,968978439
61778,409,1000,3,968978439
61779,409,1115,3,968978362
61780,409,162,4,971546306
61781,409,1010,2,968978168
61782,409,1002,2,968985960
61783,409,2583,2,968978384
61784,409,399,5,968978193
61785,409,178,4,968986023
61786,409,400,4,968978080
61787,409,733,2,968978236
61788,409,1003,1,968978115
61789,409,1641,4,968978080
61790,409,2584,3,968978466
61791,409,1179,4,968978055
61792,409,1643,2,968978115
61793,409,2585,2,968985934
61794,409,181,3,968978236
61795,409,1865,2,968978414
61796,409,402,2,968978439
61797,409,404,3,968978115
61798,409,4696,1,968978168
61799,409,5065,3,967920162
61800,409,1650,3,967920079
61801,409,2587,5,968979010
61802,409,2589,2,968985960
61803,409,185,5,968978055
61804,409,3298,3,968978193
61805,409,2189,4,968978115
61806,409,410,4,968979078
61807,409,198,3,971546335
61808,409,1672,3,968978168
61809,409,2157,5,967920044
61810,409,1677,4,967920162
61811,409,1678,1,967912852
61812,409,4680,4,967920117
61813,409,1121,3,968978306
61814,409,416,4,968978236
61815,409,5076,4,967920162
61816,409,1693,3,968978362
61817,409,4177,4,967920117
61818,409,210,3,968978439
61819,409,2603,3,968978115
61820,409,2494,5,968978852
61821,409,2403,5,967920079
61822,409,6330,5,968978466
61823,409,1718,5,967920117
61824,409,3506,4,969059617
61825,409,3066,4,967920044
61826,409,5085,2,967920215
61827,409,1732,5,967912821
61828,409,2206,4,968978168
61829,409,7411,2,967920215
61830,409,223,5,968979078
61831,409,1757,3,968978306
61832,409,7412,5,967920215
61833,409,4868,5,967920162
61834,409,7265,4,968985737
61835,409,2934,5,968985737
61836,409,1766,4,968985680
61837,409,2163,5,967920117
61838,409,6404,5,968985645
61839,409,1872,4,968985606
61840,409,739,4,968985523
61841,409,232,4,967920079
61842,410,2,4,990910830
61843,410,488,3,990910298
61844,410,292,3,990910575
61845,410,295,4,990910213
61846,410,296,4,990807791
61847,410,1094,3,990807684
61848,410,3681,4,990729131
61849,410,3607,3,990909417
61850,410,15,3,990909699
61851,410,16,3,990727962
61852,410,469,5,990807742
61853,410,17,2,990807684
61854,410,233,5,990729103
61855,410,312,4,990910163
61856,410,313,4,990910163
61857,410,314,4,990910182
61858,410,7413,5,990807705
61859,410,1416,4,990728575
61860,410,644,4,990910479
61861,410,29,4,990727918
61862,410,7414,5,990728275
61863,410,35,3,990729145
61864,410,481,4,990910776
61865,410,7415,5,990807582
61866,410,3004,3,990909431
61867,410,723,5,990728229
61868,410,7416,4,990807522
61869,410,1438,5,990728229
61870,410,333,5,990728692
61871,410,334,4,990728986
61872,410,336,4,990729022
61873,410,1098,4,990909374
61874,410,1441,4,990728374
61875,410,2997,5,990909576
61876,410,831,5,990909227
61877,410,46,5,990729022
61878,410,3008,5,990909349
61879,410,3010,4,990909576
61880,410,60,4,990727918
61881,410,61,5,990910213
61882,410,343,4,990910117
61883,410,62,4,990909777
61884,410,344,4,990729039
61885,410,5704,4,990728473
61886,410,2998,4,990910063
61887,410,3699,5,990807806
61888,410,3700,4,990807772
61889,410,2175,4,990910479
61890,410,3499,4,990909672
61891,410,1006,4,990728746
61892,410,350,5,990909576
61893,410,72,4,990727918
61894,410,1104,4,990729062
61895,410,353,4,990909871
61896,410,78,4,990910395
61897,410,1138,5,990807651
61898,410,2900,5,990909699
61899,410,2080,5,990729085
61900,410,865,4,990729103
61901,410,2082,4,990909227
61902,410,2755,4,990729062
61903,410,1107,4,990909349
61904,410,1108,5,990909349
61905,410,1110,4,990909349
61906,410,1111,5,990909699
61907,410,3283,5,990909672
61908,410,98,2,990910542
61909,410,99,2,990910298
61910,410,3286,4,990728321
61911,410,1504,5,990910343
61912,410,369,5,990807582
61913,410,2090,4,990807705
61914,410,4175,5,990728374
61915,410,1537,4,990909802
61916,410,2678,5,990910063
61917,410,1559,5,990910136
61918,410,2465,4,990728445
61919,410,1569,4,990910372
61920,410,1572,4,990910239
61921,410,386,4,990910594
61922,410,387,5,990909848
61923,410,1577,3,990909893
61924,410,142,3,990910094
61925,410,5200,5,990728353
61926,410,1172,5,990728374
61927,410,388,5,990909227
61928,410,1581,4,990909802
61929,410,1583,2,990728405
61930,410,3027,5,990909751
61931,410,838,5,990909576
61932,410,1594,4,990909871
61933,410,3598,4,990910117
61934,410,1597,5,990910447
61935,410,394,5,990807554
61936,410,2575,3,990910213
61937,410,154,4,990910094
61938,410,732,3,990910704
61939,410,2685,4,990729023
61940,410,5125,4,990807424
61941,410,404,3,990910776
61942,410,183,3,990910009
61943,410,406,2,990910447
61944,410,185,3,990807597
61945,410,1667,5,990909848
61946,410,195,4,990909417
61947,410,198,4,990909725
61948,410,2041,4,990807637
61949,410,201,2,990910776
61950,410,4845,4,990728229
61951,410,414,3,990807637
61952,410,3139,4,990909725
61953,410,3550,4,990729085
61954,410,1120,3,990910271
61955,410,5073,5,990729062
61956,410,6393,4,990727962
61957,410,5078,5,990728986
61958,410,209,4,990910239
61959,410,418,4,990910372
61960,410,1143,4,990910447
61961,410,419,3,990728321
61962,410,3037,4,990807727
61963,410,1706,4,990909751
61964,410,2494,4,990909893
61965,410,2403,3,990909672
61966,410,215,3,990910747
61967,410,216,4,990910542
61968,410,3506,5,990807791
61969,410,3066,5,990909576
61970,410,425,2,990909921
61971,410,2606,4,990910271
61972,410,1740,4,990909993
61973,410,5047,5,990910811
61974,410,223,4,990909777
61975,410,2764,5,990729085
61976,410,7417,4,990728301
61977,410,7418,5,990728949
61978,410,1020,3,990728462
61979,410,3722,5,990728275
61980,410,430,4,990728733
61981,410,5330,5,990909822
61982,410,6406,5,990910239
61983,410,1797,5,990728419
61984,410,3308,2,990728462
61985,410,4923,5,990909893
61986,410,2614,3,990728533
61987,410,433,5,990909637
61988,410,434,3,990909993
61989,410,1804,2,990728301
61990,410,437,5,990910025
61991,410,4869,4,990909417
61992,410,2617,4,990910163
61993,410,7419,5,990728072
61994,410,5341,5,990728072
61995,410,7420,4,990728445
61996,410,4091,4,990910502
61997,410,4932,4,990728019
61998,410,447,3,990728072
61999,410,6733,3,990728101
62000,410,7421,3,990728072
62001,410,7245,4,990728353
62002,410,7272,4,990728405
62003,410,2625,4,990728301
62004,410,6993,4,990728256
62005,410,2628,5,990728405
62006,410,2630,4,990728791
62007,410,6338,5,990728256
62008,410,3067,5,990807614
62009,411,1,5,835532155
62010,411,482,4,835532398
62011,411,483,2,835533021
62012,411,485,3,835533471
62013,411,487,3,835532065
62014,411,488,4,835532370
62015,411,292,4,835532191
62016,411,494,3,835532644
62017,411,260,4,835532539
62018,411,461,4,835532191
62019,411,501,2,835533337
62020,411,4,4,835532191
62021,411,5,3,835532221
62022,411,295,2,835533198
62023,411,505,5,835532559
62024,411,520,3,835532539
62025,411,8,4,835532155
62026,411,1094,4,835532253
62027,411,2544,2,835533021
62028,411,464,5,835531951
62029,411,9,4,835532370
62030,411,528,3,835532449
62031,411,529,3,835533319
62032,411,530,3,835532253
62033,411,531,4,835532066
62034,411,532,3,835531994
62035,411,534,3,835532928
62036,411,538,2,835533423
62037,411,540,4,835532100
62038,411,543,3,835533357
62039,411,2423,3,835533161
62040,411,547,3,835532418
62041,411,550,4,835532100
62042,411,12,3,835532839
62043,411,555,3,835532747
62044,411,13,4,835532559
62045,411,557,1,835532508
62046,411,558,4,835532191
62047,411,2546,3,835532644
62048,411,559,4,835532728
62049,411,14,2,835532031
62050,411,15,3,835532398
62051,411,561,3,835532346
62052,411,562,3,835532614
62053,411,2425,5,835532614
62054,411,2433,2,835532965
62055,411,569,3,835532370
62056,411,466,3,835532100
62057,411,571,3,835532477
62058,411,572,3,835532864
62059,411,467,3,835532418
62060,411,308,3,835532449
62061,411,468,3,835532221
62062,411,577,3,835533546
62063,411,2071,2,835532588
62064,411,5693,1,835533382
62065,411,580,3,835532588
62066,411,3052,4,835532774
62067,411,583,3,835532928
62068,411,584,4,835532346
62069,411,585,3,835532155
62070,411,588,3,835532065
62071,411,17,5,835531951
62072,411,470,3,835532155
62073,411,18,4,835532031
62074,411,233,4,835532030
62075,411,599,1,835532890
62076,411,600,3,835532031
62077,411,605,3,835532065
62078,411,471,2,835531994
62079,411,312,2,835532644
62080,411,20,3,835531994
62081,411,609,4,835532449
62082,411,313,3,835533073
62083,411,611,2,835532675
62084,411,613,3,835532775
62085,411,21,5,835532346
62086,411,314,3,835532559
62087,411,472,4,835532253
62088,411,23,2,835532287
62089,411,315,4,835532965
62090,411,620,4,835533073
62091,411,1410,3,835533294
62092,411,973,4,835532965
62093,411,622,3,835532477
62094,411,473,4,835531951
62095,411,625,3,835533439
62096,411,626,2,835533161
62097,411,631,2,835533294
62098,411,1416,1,835532864
62099,411,1156,3,835532806
62100,411,633,3,835532287
62101,411,634,3,835532066
62102,411,637,3,835532398
62103,411,1157,3,835532508
62104,411,1025,4,835533637
62105,411,639,4,835532253
62106,411,640,3,835533238
62107,411,26,4,835532100
62108,411,2426,4,835532928
62109,411,475,3,835532747
62110,411,647,3,835532864
62111,411,27,5,835532370
62112,411,649,3,835533520
62113,411,28,4,835532539
62114,411,657,5,835532839
62115,411,320,2,835532508
62116,411,476,2,835532728
62117,411,661,3,835533493
62118,411,29,5,835532539
62119,411,975,3,835533161
62120,411,478,2,835533320
62121,411,322,3,835532588
62122,411,665,3,835533217
62123,411,1420,4,835532588
62124,411,32,5,835532346
62125,411,2501,3,835532728
62126,411,828,4,835532644
62127,411,671,4,835532614
62128,411,479,3,835532449
62129,411,33,5,835531951
62130,411,34,3,835531951
62131,411,35,5,835532100
62132,411,481,3,835532614
62133,411,38,5,835532994
62134,411,39,2,835533404
62135,411,326,3,835533294
62136,412,1,2,939114353
62137,412,492,5,939136944
62138,412,461,5,939114265
62139,412,4,3,939114573
62140,412,300,4,939114868
62141,412,470,4,939136944
62142,412,26,4,939114687
62143,412,35,4,939114647
62144,412,37,4,939114687
62145,412,1028,5,939563056
62146,412,330,5,939114116
62147,412,1438,4,939115095
62148,412,333,5,939114573
62149,412,334,5,939114573
62150,412,2754,3,939114397
62151,412,335,4,939114231
62152,412,1098,5,939115095
62153,412,1441,3,939114354
62154,412,724,5,939114775
62155,412,338,4,939136951
62156,412,1444,5,939114438
62157,412,3731,5,939114354
62158,412,3735,5,939115121
62159,412,3009,5,939114304
62160,412,1135,3,939114775
62161,412,61,1,939114116
62162,412,343,3,939114353
62163,412,63,2,939114613
62164,412,68,5,939114231
62165,412,1099,5,939114868
62166,412,3499,4,939114231
62167,412,70,5,939114177
62168,412,351,4,939137021
62169,412,76,4,939114735
62170,412,77,4,939114647
62171,412,1137,5,939563056
62172,412,1106,4,939114074
62173,412,1139,5,939114231
62174,412,2901,4,939114074
62175,412,1107,5,939114735
62176,412,1455,5,939114231
62177,412,1111,5,939114265
62178,412,88,5,939114397
62179,412,2085,5,939115095
62180,412,360,4,939114397
62181,412,2757,5,939114917
62182,412,361,5,939114438
62183,412,866,5,939114438
62184,412,2455,4,939114177
62185,412,728,5,939114613
62186,412,104,5,939114687
62187,412,366,5,939114438
62188,412,987,3,939136944
62189,412,730,4,939114177
62190,412,3058,5,939114868
62191,412,1526,2,939114177
62192,412,372,4,939114438
62193,412,377,4,939114397
62194,412,379,3,939136944
62195,412,2039,4,939114647
62196,412,2678,4,939114177
62197,412,384,3,939115095
62198,412,1564,5,939114304
62199,412,385,3,939114177
62200,412,387,4,939114177
62201,412,5057,4,939114231
62202,412,1581,3,939137021
62203,412,1037,3,939114613
62204,412,3027,4,939114117
62205,412,1597,3,939114397
62206,412,3642,3,939114353
62207,412,396,3,939114231
62208,412,1608,3,939136944
62209,412,1609,5,939114177
62210,412,4147,4,939137021
62211,412,155,3,939563056
62212,412,1000,2,939136944
62213,412,2471,3,939136944
62214,412,164,2,939563055
62215,412,166,4,939114354
62216,412,167,3,939114573
62217,412,172,4,939563056
62218,412,1642,1,939113740
62219,412,1643,2,939113740
62220,412,401,5,939113740
62221,412,1644,2,939113952
62222,412,1645,2,939113952
62223,412,1865,4,939113844
62224,412,3031,5,939113740
62225,412,402,3,939113589
62226,412,403,4,939113799
62227,412,404,5,939113740
62228,412,6464,2,939113879
62229,412,6182,4,939113844
62230,412,185,5,939113589
62231,412,2591,4,939113879
62232,412,1663,3,939113770
62233,412,2156,1,939113658
62234,412,2593,4,939113623
62235,412,1667,4,939114116
62236,412,1180,4,939114074
62237,412,3034,5,939114177
62238,413,491,5,1484440002
62239,413,17,5,1484439565
62240,413,233,5,1484439483
62241,413,26,5,1484439876
62242,413,29,5,1484439759
62243,413,35,5,1484439762
62244,413,42,5,1484439991
62245,413,1028,5,1484439756
62246,413,71,1,1484439850
62247,413,1104,5,1484439771
62248,413,75,4,1484439561
62249,413,1137,4,1484439559
62250,413,726,1,1484439859
62251,413,234,5,1484439833
62252,413,2399,5,1484440151
62253,413,992,5,1484440118
62254,413,122,5,1484439998
62255,413,148,5,1484439570
62256,413,150,5,1484440019
62257,413,274,3,1484440080
62258,413,163,5,1484439642
62259,413,1003,5,1484440071
62260,413,1179,3,1484440050
62261,413,185,1,1484439820
62262,413,193,5,1484439761
62263,413,204,5,1484439835
62264,413,422,4,1484440063
62265,413,1014,5,1484439965
62266,413,1016,5,1484439911
62267,413,740,5,1484439871
62268,413,1797,4,1484439512
62269,413,1043,4,1484440209
62270,413,446,5,1484439923
62271,413,1191,5,1484439749
62272,413,1813,5,1484439931
62273,413,1195,0,1484440324
62274,413,2513,5,1484440124
62275,413,754,5,1484439852
62276,413,1200,5,1484440098
62277,413,1209,5,1484440101
62278,413,1210,5,1484439929
62279,413,883,5,1484440084
62280,413,1049,2,1484439953
62281,413,784,5,1484439902
62282,413,2127,5,1484440121
62283,413,900,5,1484440066
62284,413,2328,5,1484439959
62285,413,2710,0,1484440320
62286,413,903,4,1484439679
62287,413,1290,5,1484440130
62288,413,241,5,1484439867
62289,413,1297,5,1484440007
62290,413,242,5,1484439903
62291,413,2830,5,1484439652
62292,413,252,4,1484439606
62293,413,2542,3,1484440311
62294,414,1,4,961438127
62295,414,482,3,961594981
62296,414,2,4,961439278
62297,414,484,2,961437647
62298,414,3,3,961515642
62299,414,485,3,961439170
62300,414,486,3,961594849
62301,414,487,3,961515863
62302,414,488,5,1052148205
62303,414,490,2,961514611
62304,414,491,3,961517557
62305,414,492,4,961513829
62306,414,2658,3,961682128
62307,414,292,4,961438199
62308,414,494,3,961518227
62309,414,2164,2,961682276
62310,414,495,3,961436964
62311,414,496,3,961517140
62312,414,498,2,961518812
62313,414,260,3,961518520
62314,414,293,5,961514667
62315,414,461,5,961438127
62316,414,462,3,961516989
62317,414,463,4,961438265
62318,414,5993,2,961515844
62319,414,972,2,961516249
62320,414,294,3,961438476
62321,414,501,2,961514407
62322,414,4,4,961681857
62323,414,1401,3,961437741
62324,414,5,5,961681714
62325,414,295,3,961438413
62326,414,502,1,1027521065
62327,414,2652,3,961517912
62328,414,505,4,961517885
62329,414,506,2,961439623
62330,414,4664,2,961515844
62331,414,5551,4,961438532
62332,414,5019,1,1027521022
62333,414,2422,3,961518581
62334,414,4037,2,961514568
62335,414,510,3,961437096
62336,414,512,2,961439433
62337,414,513,3,961515928
62338,414,514,2,961518731
62339,414,2432,5,961517421
62340,414,516,2,961515958
62341,414,7,4,961438199
62342,414,519,4,961438762
62343,414,1403,3,961438502
62344,414,8,5,961512475
62345,414,1094,5,961516639
62346,414,521,3,961515844
62347,414,1404,2,961439170
62348,414,7422,3,961438609
62349,414,2544,2,961438911
62350,414,298,4,961438413
62351,414,523,2,961439433
62352,414,525,4,961595919
62353,414,2545,4,961438662
62354,414,526,2,961515844
62355,414,2165,4,961517665
62356,414,464,4,961517162
62357,414,9,5,961512525
62358,414,465,2,961439358
62359,414,5554,2,1073681117
62360,414,10,4,961512629
62361,414,528,2,961681395
62362,414,529,2,961518394
62363,414,530,1,961515392
62364,414,531,3,961512495
62365,414,300,4,1000734091
62366,414,11,4,961514335
62367,414,532,3,961515958
62368,414,5291,3,961438936
62369,414,533,2,961514438
62370,414,534,3,961516154
62371,414,1027,3,961515451
62372,414,1405,3,961515451
62373,414,535,1,961439623
62374,414,2070,4,961518394
62375,414,302,4,961438221
62376,414,537,2,961514335
62377,414,538,4,961438662
62378,414,540,2,961515354
62379,414,4877,4,962371905
62380,414,543,2,961518812
62381,414,1024,2,961437722
62382,414,545,3,961515354
62383,414,3001,3,961514795
62384,414,548,3,961438413
62385,414,549,3,961514438
62386,414,550,2,961516318
62387,414,551,4,961518195
62388,414,552,3,961513509
62389,414,304,4,961513678
62390,414,12,3,961439379
62391,414,555,2,961439052
62392,414,305,4,961514135
62393,414,13,5,961436616
62394,414,557,4,961513997
62395,414,558,2,961518277
62396,414,2507,1,961439623
62397,414,559,3,961517975
62398,414,14,3,961439079
62399,414,4181,4,961436709
62400,414,15,4,961438151
62401,414,561,3,961438957
62402,414,5105,4,961681576
62403,414,307,4,1033148925
62404,414,2433,4,961514186
62405,414,568,3,1069692910
62406,414,569,3,961439009
62407,414,466,3,961437549
62408,414,572,2,961682276
62409,414,2653,3,961682161
62410,414,16,5,961514667
62411,414,467,4,961437526
62412,414,574,4,961681228
62413,414,468,5,961512595
62414,414,575,4,961439405
62415,414,578,2,961518708
62416,414,580,3,961596299
62417,414,581,2,961518753
62418,414,3052,4,961518040
62419,414,584,2,1082914167
62420,414,585,3,961516204
62421,414,469,5,961516863
62422,414,587,2,961682185
62423,414,588,3,961516047
62424,414,589,5,961517011
62425,414,17,5,961516693
62426,414,470,4,961517346
62427,414,591,3,961513534
62428,414,2435,4,961516693
62429,414,594,2,961439009
62430,414,596,3,961594869
62431,414,597,2,961516249
62432,414,18,3,961515271
62433,414,233,5,961516613
62434,414,309,4,961437472
62435,414,2436,5,961517791
62436,414,1407,2,961439358
62437,414,599,3,961439379
62438,414,600,3,961514985
62439,414,19,3,961439132
62440,414,604,4,961516939
62441,414,1409,2,961515229
62442,414,605,3,961438796
62443,414,606,3,961518367
62444,414,310,4,961513998
62445,414,471,2,961438981
62446,414,311,4,961437614
62447,414,4486,3,961517293
62448,414,312,4,961438199
62449,414,20,3,961515808
62450,414,609,2,961518108
62451,414,610,2,961438532
62452,414,611,5,961514217
62453,414,613,1,961439433
62454,414,21,5,961438609
62455,414,314,4,961438351
62456,414,614,3,961517422
62457,414,617,2,961514407
62458,414,472,4,961519028
62459,414,23,4,961438352
62460,414,315,4,961438688
62461,414,1410,4,961438579
62462,414,4893,4,1023113912
62463,414,621,1,961681444
62464,414,622,4,961513948
62465,414,1411,2,961515325
62466,414,473,4,961438476
62467,414,625,3,962372073
62468,414,626,3,961513534
62469,414,7423,3,961518708
62470,414,2547,2,961518556
62471,414,628,4,1511541689
62472,414,2548,2,961439030
62473,414,1413,2,1073679985
62474,414,629,2,961439405
62475,414,630,2,961513576
62476,414,316,5,961438373
62477,414,1414,2,1025108900
62478,414,2141,3,961595057
62479,414,24,2,961682276
62480,414,1416,3,961514611
62481,414,2167,4,961517308
62482,414,5694,2,961439560
62483,414,1156,5,961517936
62484,414,633,2,961439514
62485,414,634,3,961516047
62486,414,2552,2,961518556
62487,414,5695,2,961439584
62488,414,637,3,961438248
62489,414,25,4,961438413
62490,414,1157,3,961515229
62491,414,5696,2,961439491
62492,414,1025,3,1036505560
62493,414,317,3,961439009
62494,414,5289,3,975941113
62495,414,639,3,961437526
62496,414,26,5,961515643
62497,414,641,3,961513576
62498,414,2553,2,961516318
62499,414,4054,2,961516204
62500,414,643,2,961512629
62501,414,2426,5,961514069
62502,414,475,4,961515708
62503,414,318,5,961517481
62504,414,647,3,1157472172
62505,414,2894,2,961516277
62506,414,27,4,961514893
62507,414,2169,3,961518108
62508,414,2895,4,961682077
62509,414,648,3,961439079
62510,414,4695,2,961439225
62511,414,650,4,961682058
62512,414,651,4,961518066
62513,414,652,4,961515781
62514,414,653,4,961681985
62515,414,654,5,961438248
62516,414,28,3,961438822
62517,414,5697,3,961515392
62518,414,2170,3,961515958
62519,414,657,3,1258247745
62520,414,974,2,961516318
62521,414,2509,3,961595566
62522,414,659,3,961438762
62523,414,5698,2,961516154
62524,414,2655,2,961515424
62525,414,6990,3,961682233
62526,414,661,5,961518251
62527,414,29,4,961512311
62528,414,975,4,961517293
62529,414,4055,2,961516154
62530,414,3220,3,1058630846
62531,414,664,4,961438609
62532,414,321,4,961517771
62533,414,322,2,961438887
62534,414,665,2,961682409
62535,414,1095,5,961514667
62536,414,666,2,961439226
62537,414,30,4,961438642
62538,414,2487,2,961516093
62539,414,2554,3,961439009
62540,414,1420,4,961438292
62541,414,31,3,961439252
62542,414,32,4,961513402
62543,414,1158,5,961513923
62544,414,6310,2,1167249218
62545,414,1421,3,961681356
62546,414,2440,4,997709120
62547,414,5699,2,961438887
62548,414,5599,4,961438642
62549,414,2501,2,1073681560
62550,414,828,3,961439170
62551,414,671,3,961438762
62552,414,323,4,961438199
62553,414,479,5,961514698
62554,414,33,4,961513509
62555,414,34,4,961515727
62556,414,35,4,961516659
62557,414,480,4,961518937
62558,414,324,3,961518975
62559,414,36,4,961518975
62560,414,481,3,961438502
62561,414,325,5,961513402
62562,414,2413,3,963236719
62563,414,37,5,961516693
62564,414,1422,4,961514893
62565,414,2414,2,961439332
62566,414,674,4,961437437
62567,414,675,4,961517371
62568,414,2171,3,992878567
62569,414,261,3,961512495
62570,414,38,4,961515889
62571,414,7424,3,961516716
62572,414,1159,3,961516154
62573,414,39,4,961519060
62574,414,679,2,961682210
62575,414,2659,3,961438911
62576,414,1424,4,961438413
62577,414,40,2,961439405
62578,414,681,3,961516204
62579,414,682,3,961514438
62580,414,683,4,961438086
62581,414,684,2,961595057
62582,414,3004,2,961682276
62583,414,326,4,961438551
62584,414,686,2,961439226
62585,414,688,1,961439278
62586,414,263,5,1019484488
62587,414,1426,2,961518367
62588,414,41,3,961515808
62589,414,4042,4,961438327
62590,414,42,3,961437647
62591,414,2660,3,961437787
62592,414,2073,5,961514761
62593,414,1427,1,961682383
62594,414,1428,2,961438887
62595,414,1097,5,961438127
62596,414,2996,3,961514924
62597,414,723,5,961512341
62598,414,1429,2,961595057
62599,414,690,2,961439433
62600,414,691,2,961439252
62601,414,1160,5,961517101
62602,414,43,4,961512595
62603,414,2556,2,961682383
62604,414,1026,3,961438937
62605,414,2427,3,961515844
62606,414,1431,3,961438937
62607,414,695,4,961438532
62608,414,697,3,961514217
62609,414,44,3,961439308
62610,414,2444,2,961518394
62611,414,5701,2,961516093
62612,414,1434,2,961439584
62613,414,699,1,961439104
62614,414,1435,3,961517861
62615,414,700,3,961518066
62616,414,2662,2,961516154
62617,414,702,3,961438642
62618,414,703,1,961436216
62619,414,704,2,962372102
62620,414,705,4,961516964
62621,414,264,2,961515354
62622,414,706,4,961438579
62623,414,1028,5,961515566
62624,414,1436,5,961513862
62625,414,708,2,961515476
62626,414,6184,3,961516204
62627,414,331,5,961513654
62628,414,3694,4,961513901
62629,414,332,4,961517591
62630,414,1438,5,1011105064
62631,414,333,5,1011105029
62632,414,334,4,961516776
62633,414,2754,4,961516716
62634,414,335,5,961595311
62635,414,336,5,961512311
62636,414,1098,4,961436823
62637,414,1441,4,961513948
62638,414,2997,5,961513654
62639,414,45,4,961516737
62640,414,46,5,961516613
62641,414,724,5,961514698
62642,414,1444,4,1026224159
62643,414,3735,2,1079901608
62644,414,3009,4,1485656836
62645,414,2395,5,1010675893
62646,414,3169,4,961436932
62647,414,2143,4,961512442
62648,414,6689,4,961517193
62649,414,5107,2,961516249
62650,414,715,4,961512595
62651,414,2445,4,1029248908
62652,414,716,3,961513534
62653,414,717,3,961692423
62654,414,7210,2,961682324
62655,414,5703,2,961513576
62656,414,50,2,1026225826
62657,414,1769,2,1036431562
62658,414,1770,4,961517193
62659,414,1771,3,961518330
62660,414,2899,3,961596448
62661,414,1447,3,961596154
62662,414,1161,2,961438911
62663,414,1448,1,1023465698
62664,414,1774,4,961518975
62665,414,51,4,961519060
62666,414,52,4,961518975
62667,414,53,4,961519060
62668,414,2446,4,961518581
62669,414,863,4,961595525
62670,414,54,4,961519005
62671,414,55,2,961519093
62672,414,57,4,961518975
62673,414,2667,3,961437670
62674,414,1775,5,961681635
62675,414,1135,5,961515684
62676,414,832,3,961515297
62677,414,7425,3,965067631
62678,414,58,3,961438413
62679,414,4666,2,961514438
62680,414,1449,2,961515928
62681,414,59,3,961515808
62682,414,2074,4,961517481
62683,414,5183,3,961517885
62684,414,1162,4,961514135
62685,414,60,5,961438265
62686,414,720,3,961517810
62687,414,61,4,991327876
62688,414,343,5,961595327
62689,414,62,5,961595418
62690,414,344,3,961692359
62691,414,864,3,961514273
62692,414,63,5,961681753
62693,414,64,5,961512475
62694,414,3698,2,991145150
62695,414,65,4,961682104
62696,414,266,3,961436657
62697,414,346,3,961512475
62698,414,833,4,961516939
62699,414,66,4,961514832
62700,414,976,3,1091716520
62701,414,725,5,961514217
62702,414,347,5,961516939
62703,414,2428,4,961517073
62704,414,2174,4,961517536
62705,414,7426,4,961518176
62706,414,67,3,961436469
62707,414,1451,4,961514832
62708,414,3701,3,961596071
62709,414,68,5,961595286
62710,414,1100,5,961438086
62711,414,2175,2,961438327
62712,414,3499,4,1033391157
62713,414,1006,3,961518082
62714,414,4262,4,1025108482
62715,414,3702,2,961517616
62716,414,350,4,991146041
62717,414,3703,3,961517810
62718,414,2557,3,961692770
62719,414,1102,4,961516716
62720,414,3704,3,961595972
62721,414,69,5,961512311
62722,414,70,5,961513654
62723,414,71,5,961515566
62724,414,351,5,961514698
62725,414,1029,5,961512403
62726,414,1103,5,961513349
62727,414,2396,5,961512311
62728,414,72,5,961514724
62729,414,1104,5,1039531135
62730,414,73,5,961512403
62731,414,74,5,961436248
62732,414,75,5,961516639
62733,414,76,5,961514668
62734,414,1452,4,961438352
62735,414,3221,3,1028643755
62736,414,2076,5,961512311
62737,414,2077,4,961515566
62738,414,78,5,961515708
62739,414,1137,5,961515566
62740,414,79,5,961512442
62741,414,1105,5,961438151
62742,414,80,4,961512341
62743,414,354,5,961516639
62744,414,1138,4,961516737
62745,414,2416,5,961516863
62746,414,2079,5,961512341
62747,414,1139,5,961595392
62748,414,2900,4,1511540900
62749,414,82,5,961514698
62750,414,2397,4,961512403
62751,414,2081,5,961438248
62752,414,726,4,961517395
62753,414,865,5,961513654
62754,414,2083,5,961681754
62755,414,355,5,961512341
62756,414,1107,5,961681714
62757,414,1454,5,961595667
62758,414,356,5,961516921
62759,414,1109,4,961515684
62760,414,2145,5,961512341
62761,414,268,4,961512369
62762,414,85,4,961438175
62763,414,357,5,961513349
62764,414,1110,4,1047259408
62765,414,3013,4,961517771
62766,414,86,5,961514698
62767,414,2177,2,961517710
62768,414,269,4,961512369
62769,414,2084,4,997200022
62770,414,87,4,961515752
62771,414,1111,5,961516639
62772,414,3014,5,961513710
62773,414,88,4,991327754
62774,414,89,5,1025108900
62775,414,1456,5,961595544
62776,414,3705,3,961514310
62777,414,360,3,991144234
62778,414,3706,5,961514069
62779,414,90,4,961515643
62780,414,3000,3,961517101
62781,414,1457,5,961595643
62782,414,91,4,961512557
62783,414,1113,5,991144157
62784,414,270,4,961517395
62785,414,2178,4,991327876
62786,414,361,5,961437188
62787,414,866,4,961513747
62788,414,2751,3,961515354
62789,414,4057,3,962371845
62790,414,7427,3,961682058
62791,414,1462,4,961514335
62792,414,2558,4,961681965
62793,414,4894,3,1073681875
62794,414,1030,3,962371845
62795,414,1166,3,961514832
62796,414,994,4,961513968
62797,414,977,4,961516793
62798,414,978,4,961515781
62799,414,271,3,961515325
62800,414,1469,3,961514924
62801,414,1470,3,961515392
62802,414,1167,4,961514761
62803,414,1140,3,961437647
62804,414,1471,3,961514795
62805,414,93,4,1118949184
62806,414,1472,4,961513576
62807,414,1473,3,961439454
62808,414,1474,3,961514273
62809,414,3223,2,961516154
62810,414,2147,4,961515597
62811,414,2668,2,961439252
62812,414,362,4,961438937
62813,414,2420,4,961513794
62814,414,1475,5,961595286
62815,414,94,4,961514761
62816,414,2451,3,961517841
62817,414,995,4,961438437
62818,414,1476,4,961682008
62819,414,95,5,961512495
62820,414,1477,1,961439226
62821,414,2086,3,961438762
62822,414,5763,3,1064168675
62823,414,980,2,961516204
62824,414,1479,3,961438688
62825,414,2669,4,1034001787
62826,414,96,2,961439332
62827,414,5184,3,1190571071
62828,414,1481,2,961439226
62829,414,2179,3,961692588
62830,414,2087,2,961692562
62831,414,364,3,961517141
62832,414,2453,4,961436216
62833,414,1484,3,961514519
62834,414,7428,4,961437495
62835,414,1485,3,961438957
62836,414,2562,3,961512525
62837,414,3017,4,961513968
62838,414,1487,2,961516355
62839,414,98,5,961438292
62840,414,2563,3,961436997
62841,414,3285,2,961682383
62842,414,99,5,961438327
62843,414,1031,5,961514893
62844,414,3224,2,961439190
62845,414,1488,4,961438327
62846,414,1168,2,961515354
62847,414,100,3,961516014
62848,414,1492,2,961516398
62849,414,1494,4,961438822
62850,414,101,3,961514893
62851,414,102,4,961438437
62852,414,727,3,961514924
62853,414,103,5,961594981
62854,414,4667,5,961517616
62855,414,1497,3,961515424
62856,414,1498,2,961514519
62857,414,6316,4,991664814
62858,414,365,3,961514310
62859,414,5297,2,961518618
62860,414,4668,3,961518195
62861,414,7094,3,1033477723
62862,414,7429,3,961514377
62863,414,984,3,961515975
62864,414,7430,2,961518618
62865,414,728,5,1023113943
62866,414,5298,3,961517975
62867,414,1500,3,961596134
62868,414,104,5,961681714
62869,414,105,3,971182732
62870,414,106,4,961437391
62871,414,5110,2,961516093
62872,414,3286,4,961517053
62873,414,1009,4,961437358
62874,414,366,4,961438248
62875,414,107,2,1016114972
62876,414,1501,3,961681927
62877,414,7054,3,961682128
62878,414,1032,4,961514857
62879,414,7431,4,997709182
62880,414,1503,3,961514407
62881,414,1504,5,961595589
62882,414,2564,2,961518330
62883,414,2461,4,961517035
62884,414,834,4,961517162
62885,414,108,4,961512595
62886,414,2181,3,961517252
62887,414,1114,3,961514246
62888,414,729,4,961517327
62889,414,986,2,961516204
62890,414,1509,4,961438642
62891,414,1510,3,961516154
62892,414,7389,2,1007394168
62893,414,234,5,961517035
62894,414,2088,5,961438476
62895,414,1512,4,961682104
62896,414,367,4,1028732437
62897,414,988,4,961514186
62898,414,1514,3,961514135
62899,414,2565,2,1019484401
62900,414,1169,3,961517101
62901,414,109,5,1027521065
62902,414,4669,4,1026224122
62903,414,1515,4,994167446
62904,414,1516,4,961514832
62905,414,2672,2,1109962106
62906,414,2673,3,961516093
62907,414,110,4,961438502
62908,414,1518,1,961595057
62909,414,730,5,961438476
62910,414,2182,4,961515684
62911,414,2399,3,1006186356
62912,414,2462,4,961517975
62913,414,2463,2,961514407
62914,414,112,2,961518492
62915,414,113,4,961518581
62916,414,2566,3,961518026
62917,414,1522,4,963236604
62918,414,1523,3,961518330
62919,414,5146,3,961438796
62920,414,1524,1,961515392
62921,414,4220,2,961517710
62922,414,5054,4,1091716562
62923,414,989,4,961518003
62924,414,1525,4,962026719
62925,414,2674,2,961437759
62926,414,2675,2,961515975
62927,414,7432,3,998400974
62928,414,996,3,961515271
62929,414,990,3,961515476
62930,414,372,3,1073681748
62931,414,2091,4,1036505560
62932,414,373,4,1005067273
62933,414,1532,3,967472925
62934,414,375,4,961438735
62935,414,376,4,1039532289
62936,414,1033,3,961514958
62937,414,3022,3,961513710
62938,414,377,4,962026803
62939,414,731,4,961515325
62940,414,991,2,961439052
62941,414,114,3,961512629
62942,414,1536,4,961514924
62943,414,7433,3,1051536786
62944,414,379,5,961438476
62945,414,3059,4,961512442
62946,414,2401,4,1095882980
62947,414,380,4,961513923
62948,414,4899,4,961516989
62949,414,2038,4,961516776
62950,414,2039,3,1485656779
62951,414,116,4,961515643
62952,414,4900,3,961517121
62953,414,1171,4,961517011
62954,414,3138,4,961514761
62955,414,381,4,961438175
62956,414,117,4,961594981
62957,414,382,5,961517252
62958,414,1538,2,962372036
62959,414,1542,2,962371944
62960,414,1543,4,961681795
62961,414,2905,4,991327876
62962,414,118,3,961437472
62963,414,1034,3,961437615
62964,414,992,3,961439104
62965,414,1544,4,961595866
62966,414,119,5,961594916
62967,414,1777,2,1008691064
62968,414,7434,2,1036765940
62969,414,3547,4,961514698
62970,414,836,3,961514958
62971,414,120,3,961439053
62972,414,1546,3,961596196
62973,414,1547,3,961595866
62974,414,121,4,961518975
62975,414,383,5,1519593885
62976,414,3060,5,961513710
62977,414,2183,5,961514958
62978,414,5304,4,961514186
62979,414,1549,2,961682276
62980,414,122,5,961512341
62981,414,123,4,961519060
62982,414,5497,3,1016114875
62983,414,1555,2,961596668
62984,414,124,3,961514985
62985,414,125,3,961519028
62986,414,1556,2,961681356
62987,414,126,3,961515297
62988,414,127,3,961681885
62989,414,1558,4,961439405
62990,414,2678,3,1033149028
62991,414,3024,4,961512475
62992,414,997,3,961596269
62993,414,384,4,1024928472
62994,414,4902,4,961594916
62995,414,128,4,962026751
62996,414,272,4,961513862
62997,414,1035,4,961514186
62998,414,1560,2,961437722
62999,414,1779,4,961681268
63000,414,5163,2,961681426
63001,414,1036,4,961519005
63002,414,1780,5,961519005
63003,414,1561,3,961595082
63004,414,1781,4,961519060
63005,414,129,4,961519060
63006,414,5017,3,961515271
63007,414,1562,2,961681329
63008,414,130,3,961436997
63009,414,131,2,961514985
63010,414,6376,3,961596392
63011,414,132,4,961518975
63012,414,1563,3,961681287
63013,414,998,3,961514035
63014,414,4150,2,961595149
63015,414,134,3,961515229
63016,414,2679,3,961512595
63017,414,385,3,961595734
63018,414,1565,4,961596045
63019,414,4146,5,961518026
63020,414,135,4,961515928
63021,414,136,4,961514985
63022,414,4064,3,961515229
63023,414,7435,2,962372349
63024,414,6378,2,961518176
63025,414,2680,2,961438532
63026,414,3288,3,961513923
63027,414,5115,3,961516249
63028,414,5056,3,1050025513
63029,414,1569,4,961595008
63030,414,1570,5,961596173
63031,414,137,4,961519005
63032,414,4066,4,961517101
63033,414,138,4,961518975
63034,414,1571,5,961514958
63035,414,139,4,961519060
63036,414,140,4,961514359
63037,414,1572,5,961595643
63038,414,386,4,961514161
63039,414,2570,4,961514489
63040,414,5604,3,991145252
63041,414,1573,2,962372073
63042,414,2571,3,961438502
63043,414,141,4,961594982
63044,414,1575,2,961515752
63045,414,1576,2,961439359
63046,414,7436,3,979568961
63047,414,142,4,961595440
63048,414,6179,3,1073862793
63049,414,6980,2,961436469
63050,414,143,5,961515928
63051,414,1141,4,961515727
63052,414,2184,3,961518227
63053,414,2572,4,961518277
63054,414,6169,3,961517861
63055,414,6380,3,961596626
63056,414,1582,1,961514611
63057,414,1583,3,961518108
63058,414,1584,5,961513862
63059,414,1585,3,961438842
63060,414,5118,3,961438735
63061,414,144,1,1008691553
63062,414,6381,2,961514489
63063,414,7437,2,961516318
63064,414,1587,5,961595643
63065,414,4176,3,961514273
63066,414,1588,2,961682324
63067,414,7438,3,961518683
63068,414,1589,2,961439278
63069,414,145,4,961517665
63070,414,2488,2,961518731
63071,414,7439,3,1019484355
63072,414,6713,4,961514724
63073,414,1037,4,961515808
63074,414,1591,2,962371988
63075,414,391,3,961438292
63076,414,3027,4,961438151
63077,414,147,4,961513747
63078,414,1593,4,961519028
63079,414,2573,2,961514217
63080,414,838,4,961595311
63081,414,2402,3,961596045
63082,414,1594,5,961438373
63083,414,3173,4,961517212
63084,414,3598,4,1100800216
63085,414,1596,2,1073680383
63086,414,1597,5,961438248
63087,414,2910,3,961512658
63088,414,4221,4,961438642
63089,414,1598,2,962372036
63090,414,148,5,961516921
63091,414,1599,4,961439560
63092,414,149,2,961682465
63093,414,3290,2,1016114894
63094,414,2502,3,961438127
63095,414,6146,4,961516841
63096,414,150,4,961515752
63097,414,1601,4,961436556
63098,414,5121,2,961516093
63099,414,1602,2,961437670
63100,414,1603,4,961595806
63101,414,1604,2,961596517
63102,414,5720,2,991145449
63103,414,1605,3,961518537
63104,414,1606,3,961596551
63105,414,1861,3,991144780
63106,414,1862,3,961596392
63107,414,2913,1,991145500
63108,414,152,2,998919849
63109,414,1607,3,961515325
63110,414,1608,3,1109961959
63111,414,154,5,961437029
63112,414,1609,5,961437029
63113,414,4147,4,961517253
63114,414,7079,2,961595026
63115,414,3229,5,965742623
63116,414,1863,3,961512658
63117,414,1864,4,961515889
63118,414,2576,2,961516398
63119,414,2121,3,961514438
63120,414,155,4,961514035
63121,414,1610,4,961595806
63122,414,2915,2,991145036
63123,414,1173,4,961515958
63124,414,1174,3,961516318
63125,414,1175,3,961516376
63126,414,1176,2,961516434
63127,414,156,4,961594982
63128,414,1612,4,961437647
63129,414,1177,4,961518176
63130,414,999,2,961516318
63131,414,1614,2,961596009
63132,414,6918,4,961692444
63133,414,157,4,961512557
63134,414,1615,2,961436709
63135,414,1783,2,1026225706
63136,414,2577,2,961436616
63137,414,2470,4,961436964
63138,414,4492,4,961438662
63139,414,158,2,961515451
63140,414,1617,2,991144833
63141,414,1618,4,961514857
63142,414,4069,2,961515476
63143,414,5436,5,1023113912
63144,414,1619,3,961596684
63145,414,1622,2,961514568
63146,414,5770,3,961514273
63147,414,160,4,961594982
63148,414,3292,2,961595149
63149,414,7440,4,961596045
63150,414,5722,3,961596668
63151,414,5307,4,961437526
63152,414,3029,5,961512629
63153,414,161,3,961513576
63154,414,7441,3,979568922
63155,414,1000,3,961437029
63156,414,1115,3,961436964
63157,414,1624,3,961438822
63158,414,2579,3,961438373
63159,414,2471,4,961516716
63160,414,163,4,961436932
63161,414,1625,2,962372176
63162,414,164,3,961514958
63163,414,165,3,961514761
63164,414,1627,3,961596196
63165,414,1010,2,961436617
63166,414,166,5,961438175
63167,414,6453,3,961515271
63168,414,4222,3,991144742
63169,414,7442,2,961596551
63170,414,1631,2,961438887
63171,414,5308,3,961518135
63172,414,7443,3,1003247948
63173,414,167,5,961514761
63174,414,1001,4,961436469
63175,414,5565,3,1067277914
63176,414,168,5,961436763
63177,414,1002,3,961436932
63178,414,2583,2,961436997
63179,414,399,4,961436680
63180,414,4154,4,961437105
63181,414,1632,1,961436680
63182,414,1633,3,961436800
63183,414,5309,3,1053623806
63184,414,2922,2,961515355
63185,414,170,3,961516093
63186,414,171,2,961515889
63187,414,1635,3,1037630823
63188,414,172,4,1258247798
63189,414,173,3,961514795
63190,414,174,3,961514924
63191,414,1636,3,961515424
63192,414,1637,2,991145468
63193,414,178,4,961514857
63194,414,732,4,961438292
63195,414,1639,3,961437055
63196,414,6982,2,961436800
63197,414,400,4,961436515
63198,414,2094,4,961436997
63199,414,2472,3,961438532
63200,414,179,5,961436997
63201,414,1003,3,961436556
63202,414,1641,2,961436469
63203,414,180,4,961437029
63204,414,2584,2,961437055
63205,414,1179,5,961436469
63206,414,1116,3,961436515
63207,414,401,4,961436710
63208,414,181,5,961436763
63209,414,735,3,961596497
63210,414,2684,4,961436680
63211,414,1646,2,961436657
63212,414,1117,3,961436932
63213,414,1865,1,1025108900
63214,414,2095,4,1033149116
63215,414,2096,4,1017937350
63216,414,5063,3,961436852
63217,414,2489,3,961516093
63218,414,6489,4,961596009
63219,414,5123,4,991144487
63220,414,1648,4,961437549
63221,414,7444,4,961596281
63222,414,3031,3,961436657
63223,414,182,4,961436800
63224,414,402,3,961437029
63225,414,403,2,961437096
63226,414,6147,3,961437391
63227,414,5125,4,989248869
63228,414,404,3,1034687307
63229,414,5065,3,961595759
63230,414,6601,3,962371905
63231,414,405,4,961595418
63232,414,3606,2,961596497
63233,414,1651,2,961439278
63234,414,2490,3,961596392
63235,414,2587,3,961595606
63236,414,183,4,961595544
63237,414,1652,3,961514359
63238,414,3297,2,961682185
63239,414,1653,4,961516693
63240,414,1654,2,1026225670
63241,414,1655,3,961515392
63242,414,5580,2,961512658
63243,414,5729,1,991145383
63244,414,4908,4,961681733
63245,414,1656,2,961514489
63246,414,184,3,961436469
63247,414,7445,1,961516434
63248,414,1657,5,961437586
63249,414,1659,3,961518975
63250,414,185,5,961436469
63251,414,2591,3,975941113
63252,414,1661,3,961596097
63253,414,2592,3,961594916
63254,414,186,5,961513948
63255,414,839,4,961681635
63256,414,3298,2,961436658
63257,414,1663,4,961437391
63258,414,7446,2,1082914221
63259,414,1664,1,1324237924
63260,414,4909,4,969375594
63261,414,2593,5,961512442
63262,414,7447,3,1024324254
63263,414,7448,3,961437647
63264,414,2189,4,976894910
63265,414,2097,4,961515684
63266,414,1667,4,961595489
63267,414,188,4,961514795
63268,414,1180,5,961595489
63269,414,408,4,961513509
63270,414,3033,4,961436216
63271,414,7449,4,961518368
63272,414,4880,4,1039531168
63273,414,2713,2,961514461
63274,414,189,5,961512369
63275,414,190,3,961515597
63276,414,191,3,961515643
63277,414,192,3,961515684
63278,414,3299,2,961514611
63279,414,1181,4,961513402
63280,414,193,5,961437188
63281,414,1669,4,961514761
63282,414,7450,3,961518708
63283,414,194,4,961514832
63284,414,5129,2,961515424
63285,414,195,4,961437096
63286,414,1866,3,961515844
63287,414,1867,3,961515844
63288,414,196,3,961515781
63289,414,4910,2,961437615
63290,414,198,5,961436515
63291,414,1118,5,982596920
63292,414,2686,1,1023465844
63293,414,1671,1,961436556
63294,414,2041,4,1028643790
63295,414,7451,4,961436823
63296,414,2503,4,961517121
63297,414,2191,4,961515928
63298,414,199,4,961437686
63299,414,200,5,961519005
63300,414,5606,3,961594982
63301,414,2157,4,961513402
63302,414,1142,4,961595489
63303,414,1677,4,961596071
63304,414,3175,1,991145357
63305,414,411,3,961513998
63306,414,6603,3,961436469
63307,414,201,3,961437391
63308,414,202,4,961436852
63309,414,412,4,961438552
63310,414,1680,2,961682185
63311,414,2491,4,989933666
63312,414,1682,4,961514832
63313,414,4155,4,961517591
63314,414,5316,4,963236704
63315,414,413,3,965742502
63316,414,1183,5,961437029
63317,414,1684,3,961437647
63318,414,1685,4,961595895
63319,414,2595,4,1038842202
63320,414,2192,4,961518026
63321,414,1686,4,961681927
63322,414,1687,5,961515708
63323,414,2193,3,961517141
63324,414,2194,4,961515997
63325,414,1120,3,961438502
63326,414,7452,4,1010588391
63327,414,736,5,991146026
63328,414,4914,4,965742623
63329,414,7080,2,975941018
63330,414,5607,3,991144870
63331,414,2597,4,961681597
63332,414,6604,4,961437549
63333,414,1689,3,962202392
63334,414,204,4,963322341
63335,414,2929,4,971182840
63336,414,1786,4,1005067181
63337,414,415,5,970494264
63338,414,205,4,961517053
63339,414,2195,4,961517519
63340,414,841,3,961518453
63341,414,1121,3,961437527
63342,414,416,4,961436763
63343,414,2196,4,963840620
63344,414,4183,3,967129324
63345,414,2099,4,961517791
63346,414,2599,3,966950355
63347,414,1788,4,963840685
63348,414,3611,3,961515863
63349,414,2197,4,961517193
63350,414,1691,3,961436617
63351,414,7453,2,991145100
63352,414,277,4,961595525
63353,414,1693,2,961436932
63354,414,1694,1,963840652
63355,414,1695,2,961436710
63356,414,207,2,961439491
63357,414,208,2,961439308
63358,414,2688,3,961682077
63359,414,2199,3,961518176
63360,414,4683,3,961517936
63361,414,2200,5,961518066
63362,414,209,3,961436216
63363,414,1697,3,961439170
63364,414,418,4,961595843
63365,414,2201,3,961515808
63366,414,1184,2,961514489
63367,414,1698,2,961438887
63368,414,2601,4,961514273
63369,414,2602,4,961438642
63370,414,3235,3,961518428
63371,414,1143,2,961438957
63372,414,1699,3,961438762
63373,414,4083,4,1022601274
63374,414,1700,3,961514310
63375,414,2492,2,1511541458
63376,414,2203,5,961517682
63377,414,2204,3,961518453
63378,414,210,3,963236640
63379,414,1185,5,998322752
63380,414,2511,3,961436515
63381,414,4684,5,961517936
63382,414,2603,4,963840670
63383,414,1011,4,975683174
63384,414,1701,4,965067612
63385,414,1702,4,961517791
63386,414,1703,2,1216151232
63387,414,419,4,986219297
63388,414,842,4,968682050
63389,414,2493,4,961517073
63390,414,3505,4,1485656574
63391,414,2205,5,961516793
63392,414,1706,4,961595525
63393,414,2494,4,961516737
63394,414,2403,5,961517035
63395,414,421,4,961513402
63396,414,7454,4,1005067139
63397,414,2691,5,961596551
63398,414,211,3,961517771
63399,414,2930,2,963322150
63400,414,7455,2,991145449
63401,414,1709,1,1024928888
63402,414,1710,2,991145252
63403,414,1712,4,961595327
63404,414,1713,4,961595667
63405,414,1714,3,991144327
63406,414,422,3,966950336
63407,414,1717,4,961515684
63408,414,1718,5,961595311
63409,414,1719,4,961517162
63410,414,3613,3,961518476
63411,414,5567,2,961514542
63412,414,1790,2,961515997
63413,414,214,4,961512629
63414,414,3236,3,961515997
63415,414,215,4,961512526
63416,414,216,4,961438688
63417,414,3301,3,966259346
63418,414,3064,3,961437472
63419,414,1722,4,999617473
63420,414,1723,3,961681857
63421,414,1724,3,961517557
63422,414,6607,2,961518108
63423,414,217,4,961514035
63424,414,6331,4,961518026
63425,414,423,5,961437877
63426,414,1725,1,1095466329
63427,414,1726,2,1035308912
63428,414,218,4,1034001626
63429,414,1039,4,962371795
63430,414,3066,4,961595392
63431,414,1730,5,961681885
63432,414,3041,5,961595806
63433,414,424,5,961513402
63434,414,1040,4,975683151
63435,414,1791,4,974142612
63436,414,1013,1,1095466304
63437,414,1731,3,978449737
63438,414,5741,2,961514247
63439,414,6398,3,961596316
63440,414,1732,4,961595566
63441,414,219,4,961514795
63442,414,1041,4,974736967
63443,414,1734,4,972915654
63444,414,425,3,975683131
63445,414,7456,2,1216146864
63446,414,2206,4,961436658
63447,414,2606,4,961437472
63448,414,1042,3,961437930
63449,414,2122,4,978619731
63450,414,1793,3,971182816
63451,414,6018,4,974736698
63452,414,220,5,961436763
63453,414,7457,3,978449719
63454,414,426,2,961437569
63455,414,1739,3,961437914
63456,414,3739,4,961681635
63457,414,3741,5,961436932
63458,414,1740,3,961437437
63459,414,2932,2,961437569
63460,414,1794,3,981386236
63461,414,5132,2,979568982
63462,414,221,4,961437877
63463,414,5047,2,986835783
63464,414,738,4,961436852
63465,414,7458,2,1050934949
63466,414,1869,3,961515752
63467,414,1870,3,961437686
63468,414,222,3,961515781
63469,414,2161,4,965742446
63470,414,223,4,961513349
63471,414,6002,2,961595082
63472,414,3305,4,961681553
63473,414,4919,3,961513998
63474,414,1744,4,961682008
63475,414,5841,3,961596551
63476,414,1746,3,961596368
63477,414,1871,2,961515271
63478,414,1747,4,961515297
63479,414,1748,3,961513901
63480,414,1749,2,1073680021
63481,414,224,4,961514725
63482,414,225,4,961514725
63483,414,1750,3,961514985
63484,414,1751,2,961514611
63485,414,3306,3,961518654
63486,414,1753,3,961682161
63487,414,6494,2,961516355
63488,414,1754,3,961438532
63489,414,1015,3,979325624
63490,414,5617,4,961519093
63491,414,226,3,961437670
63492,414,843,4,961516639
63493,414,227,5,961515958
63494,414,1756,4,973790972
63495,414,5323,3,981386212
63496,414,1187,5,975683131
63497,414,1757,3,984495626
63498,414,1016,3,962892062
63499,414,1758,3,986219525
63500,414,1795,3,965067424
63501,414,1759,3,961437358
63502,414,7264,3,961514359
63503,414,2495,2,961437831
63504,414,1760,2,961437615
63505,414,2207,4,991664784
63506,414,1761,4,980784477
63507,414,1188,3,979325648
63508,414,3307,2,1011208551
63509,414,427,3,1090788506
63510,414,7459,4,983815886
63511,414,2162,4,963413835
63512,414,229,4,963840900
63513,414,6333,3,1053552124
63514,414,1763,2,963413835
63515,414,230,3,963414056
63516,414,4087,3,963414056
63517,414,7417,4,989248906
63518,414,1764,2,965742470
63519,414,1765,2,978963021
63520,414,1018,2,989248906
63521,414,4687,3,980259417
63522,414,1766,2,968165599
63523,414,2163,5,965141917
63524,414,2612,2,968165572
63525,414,2714,2,991144517
63526,414,7460,2,966612823
63527,414,1796,4,972051591
63528,414,5134,3,1000995181
63529,414,2496,4,968165184
63530,414,5325,4,1047173077
63531,414,1019,3,979049936
63532,414,1872,3,991144390
63533,414,5136,2,968165491
63534,414,867,4,970494356
63535,414,1020,3,989248869
63536,414,1189,3,978963106
63537,414,429,5,970494405
63538,414,7461,1,1073680700
63539,414,7462,4,978963084
63540,414,5205,2,1019484488
63541,414,3722,4,1012837847
63542,414,430,3,991055326
63543,414,5329,4,1011207140
63544,414,740,4,986219585
63545,414,2935,2,991144656
63546,414,2613,3,971182655
63547,414,1797,3,984495660
63548,414,278,4,981554046
63549,414,2208,4,989248869
63550,414,7463,5,997453431
63551,414,1021,4,989248869
63552,414,7464,2,981988489
63553,414,431,4,978708313
63554,414,2512,3,993483069
63555,414,2715,4,990716056
63556,414,1798,3,991143843
63557,414,741,4,979226537
63558,414,3308,3,986835824
63559,414,2209,3,979226593
63560,414,4923,5,998322817
63561,414,1799,1,1073679748
63562,414,5333,3,1046448245
63563,414,5334,4,1024324315
63564,414,742,4,993651935
63565,414,432,5,979226507
63566,414,2475,2,992878701
63567,414,4925,4,993483028
63568,414,1802,2,1216151260
63569,414,433,5,991144253
63570,414,1190,4,991144487
63571,414,2615,4,991144656
63572,414,6413,3,991144742
63573,414,1022,5,980784313
63574,414,7465,3,991144975
63575,414,434,4,1049060191
63576,414,3310,3,994167480
63577,414,1803,4,994692767
63578,414,2042,4,1032875346
63579,414,743,3,991664853
63580,414,1804,4,979568865
63581,414,435,3,1000734004
63582,414,1043,5,992878825
63583,414,3176,3,1000129365
63584,414,437,5,992878899
63585,414,438,5,993482948
63586,414,6205,2,996847247
63587,414,439,4,1000129365
63588,414,440,4,986219241
63589,414,4927,3,1000733982
63590,414,2043,3,994266082
63591,414,1806,3,991144889
63592,414,1875,1,1016115434
63593,414,2616,3,1019484355
63594,414,5336,3,990716056
63595,414,1807,3,1011208551
63596,414,2617,2,986219409
63597,414,4689,2,986219448
63598,414,2618,4,986219470
63599,414,3311,2,997375249
63600,414,3312,2,980967652
63601,414,7466,2,1073680625
63602,414,4746,2,991144354
63603,414,2619,3,991145003
63604,414,1876,4,991144390
63605,414,6921,3,991144517
63606,414,7467,2,991145275
63607,414,6361,3,991144870
63608,414,2620,3,991144975
63609,414,3552,5,991144129
63610,414,3140,3,1025108900
63611,414,7468,2,991145077
63612,414,6709,5,991144129
63613,414,442,3,991144440
63614,414,7469,2,991145003
63615,414,7470,1,991145383
63616,414,4157,3,991144870
63617,414,3177,5,991144487
63618,414,2621,2,991145150
63619,414,7471,1,991144975
63620,414,7472,3,1045422649
63621,414,3314,3,996776697
63622,414,443,4,1050107552
63623,414,7473,4,1014733411
63624,414,1023,2,1095466257
63625,414,3238,3,982170225
63626,414,4469,2,1046700873
63627,414,1810,3,997709153
63628,414,4930,4,1073679638
63629,414,4846,4,998919768
63630,414,7420,4,1003247830
63631,414,3240,3,986219548
63632,414,6716,3,986219426
63633,414,4091,3,986219364
63634,414,2938,2,986219548
63635,414,5764,3,984495424
63636,414,2497,4,986219409
63637,414,7474,3,986219470
63638,414,744,4,999873731
63639,414,445,5,991750128
63640,414,4494,3,1052747208
63641,414,5843,3,1000129420
63642,414,3241,3,1005067053
63643,414,1811,4,1005066997
63644,414,5844,2,1003247888
63645,414,4933,3,1000995124
63646,414,2102,4,1015601373
63647,414,446,4,990713947
63648,414,7475,2,1005067087
63649,414,447,4,1073681635
63650,414,4495,2,1072058401
63651,414,6208,4,998919806
63652,414,6733,3,1012242003
63653,414,1191,4,991144487
63654,414,4936,3,990714050
63655,414,2941,3,990713977
63656,414,1812,2,1008691238
63657,414,5343,4,991145036
63658,414,2625,4,991144327
63659,414,7476,2,992878662
63660,414,2942,3,992878567
63661,414,1813,3,1002037576
63662,414,4093,4,1046700807
63663,414,5344,1,1073680271
63664,414,745,4,990713929
63665,414,451,5,1016034211
63666,414,746,4,991328111
63667,414,7477,4,1005066939
63668,414,2628,4,992878277
63669,414,2629,4,991144299
63670,414,3315,3,992878249
63671,414,1192,4,992878211
63672,414,6004,4,992878211
63673,414,2630,4,991144742
63674,414,6338,4,1050071438
63675,414,2214,2,1095466496
63676,414,1814,4,1005067208
63677,414,6339,3,1021986500
63678,414,2631,3,991328023
63679,414,2632,4,992878533
63680,414,7478,3,991144870
63681,414,7247,2,991145619
63682,414,2633,4,992878211
63683,414,2634,4,991144157
63684,414,1815,3,1013702889
63685,414,1816,2,992878752
63686,414,1817,3,1010588283
63687,414,747,4,995896797
63688,414,3317,4,1006783543
63689,414,1818,4,1020692305
63690,414,3178,5,1016462828
63691,414,3318,4,1012241942
63692,414,3319,2,1072058374
63693,414,5348,2,1070050261
63694,414,2635,3,1073681863
63695,414,1819,4,995294426
63696,414,868,3,1008691135
63697,414,3179,4,995896778
63698,414,5138,4,1017937069
63699,414,7479,3,1160955028
63700,414,5351,2,1008691094
63701,414,7480,4,1019480571
63702,414,7481,1,1024928700
63703,414,7482,2,1026225501
63704,414,4871,4,1026225790
63705,414,2716,2,1034002624
63706,414,7483,4,1032789366
63707,414,7484,4,1026225946
63708,414,2639,2,1064941938
63709,414,2640,3,1034002755
63710,414,7485,4,1005067413
63711,414,6005,3,1008691115
63712,414,3243,5,1008691094
63713,414,2641,3,1023465730
63714,414,2642,2,1026225630
63715,414,1821,2,1026225630
63716,414,6614,2,1324237934
63717,414,7486,3,1261423049
63718,414,7283,3,1011105029
63719,414,2643,3,1065800151
63720,414,1878,3,1025108900
63721,414,3554,4,1022601226
63722,414,4872,4,1064941786
63723,414,2644,3,1073680137
63724,414,2645,3,1008691238
63725,414,1146,4,1008691042
63726,414,3245,3,1016114875
63727,414,7487,2,1073681310
63728,414,2646,3,1010588462
63729,414,7488,4,1037024199
63730,414,3247,3,1026225401
63731,414,4096,3,1026226080
63732,414,2948,3,1026225501
63733,414,7489,3,1089994944
63734,414,4097,2,1024928520
63735,414,7490,4,1003247830
63736,414,6616,3,1017669986
63737,414,7491,2,1019480788
63738,414,7492,5,1005067413
63739,414,7035,2,1036431611
63740,414,2647,4,1026225670
63741,414,4098,3,1011622511
63742,414,7493,2,1082736203
63743,414,1822,3,1008691259
63744,414,3320,1,1037630668
63745,414,5353,3,1072057804
63746,414,454,5,1011206359
63747,414,5354,4,1020963283
63748,414,748,4,997278272
63749,414,4496,2,1049566388
63750,414,2649,4,1045422675
63751,414,4100,3,1036431650
63752,414,4229,1,1023465818
63753,414,7494,3,1024928700
63754,414,7495,2,1024928520
63755,414,7496,1,1024928617
63756,414,3321,3,1017670074
63757,414,4101,3,1024928548
63758,414,2650,4,1026225364
63759,414,3322,4,1008691115
63760,414,2216,4,1016114875
63761,414,6927,2,1024928617
63762,414,1823,5,1005066817
63763,414,1044,3,1046700847
63764,414,7497,3,1008691166
63765,414,1194,3,1019830382
63766,414,1824,2,1015947680
63767,414,4945,1,1057178118
63768,414,7498,4,1015601309
63769,414,6502,3,1015601342
63770,414,456,4,1020780369
63771,414,6212,4,1021986558
63772,414,3180,2,1020096181
63773,414,4102,3,1034687236
63774,414,1825,4,1017669912
63775,414,7499,2,1216149582
63776,414,7500,2,1020178582
63777,414,5846,3,1052148205
63778,414,5571,3,1022601226
63779,414,4875,3,1008691166
63780,414,5360,3,1020178623
63781,414,1195,4,1017071822
63782,414,7501,2,1091716530
63783,414,4948,2,1073315023
63784,414,3323,2,1135220835
63785,414,750,2,1018291437
63786,414,1828,4,1017937069
63787,414,7502,2,1066943058
63788,414,1829,4,1011370862
63789,414,5362,3,1072058046
63790,414,1830,5,1005066901
63791,414,4951,3,1016114972
63792,414,5167,3,1017670039
63793,414,4184,5,1021381418
63794,414,751,3,1017669890
63795,414,1125,5,1016634298
63796,414,3498,4,1017669867
63797,414,457,5,1019480824
63798,414,752,4,1006186497
63799,414,3615,2,1064942028
63800,414,5364,4,1053552138
63801,414,4470,4,1016462828
63802,414,2513,4,1006186356
63803,414,458,2,1069692955
63804,414,5365,2,1072058268
63805,414,3744,2,1049566325
63806,414,4497,4,1023113988
63807,414,1831,3,1018614460
63808,414,459,4,1034002959
63809,414,2044,4,1035921510
63810,414,4105,2,1019480751
63811,414,6626,3,1008691259
63812,414,7503,2,1012241879
63813,414,2694,2,1008691489
63814,414,5168,3,1026225790
63815,414,4233,3,1016115482
63816,414,5169,4,1008691042
63817,414,4159,4,1008691042
63818,414,2695,3,1020356981
63819,414,7504,2,1072058131
63820,414,7505,2,1050326174
63821,414,753,4,1008690868
63822,414,7383,4,1044893227
63823,414,460,4,1019484355
63824,414,2951,3,1010588441
63825,414,1126,5,1027519001
63826,414,2696,3,1020450139
63827,414,2717,5,1008690896
63828,414,5369,3,1023465634
63829,414,1832,5,1014653694
63830,414,2404,2,1008691166
63831,414,7289,1,1008691553
63832,414,1833,2,1072058082
63833,414,2952,3,1024928472
63834,414,754,5,1010588118
63835,414,4472,4,1024664534
63836,414,755,4,1017669769
63837,414,2770,3,1034001596
63838,414,2219,4,1010588149
63839,414,2220,5,1024324366
63840,414,1834,4,1026399957
63841,414,1836,4,1024063027
63842,414,4954,4,1024928520
63843,414,3250,4,1010588391
63844,414,4498,3,1024664440
63845,414,3182,5,1023373346
63846,414,4160,2,1073680310
63847,414,5506,4,1067202420
63848,414,5370,3,1029766608
63849,414,3326,3,1073679729
63850,414,4475,3,1052148284
63851,414,232,4,1010588391
63852,414,2124,4,1033391106
63853,414,869,4,1044373665
63854,414,7506,4,1030026894
63855,414,7507,4,1021986402
63856,414,4161,4,1021986456
63857,414,7508,4,1037630608
63858,414,7026,4,1029511024
63859,414,6931,5,1011105161
63860,414,6214,2,1072058380
63861,414,7509,3,1047492442
63862,414,5372,3,1072057881
63863,414,2498,3,1031058532
63864,414,3646,2,1044287079
63865,414,3647,2,1046448095
63866,414,4956,2,1028643819
63867,414,2718,3,1513959435
63868,414,7510,3,1032789434
63869,414,6504,3,1047913642
63870,414,7130,3,1283877220
63871,414,4476,4,1034687124
63872,414,6151,5,1034687162
63873,414,5590,3,1073680658
63874,414,2476,4,1018291389
63875,414,2697,4,1034001717
63876,414,2222,3,1017937168
63877,414,4836,3,1016114972
63878,414,6628,2,1070638288
63879,414,1839,3,1029766679
63880,414,7511,4,1017669841
63881,414,7512,2,1064941928
63882,414,756,3,1038842156
63883,414,1881,4,1046106442
63884,414,2698,3,1031058511
63885,414,5170,4,1032789337
63886,414,3183,4,1021986402
63887,414,7513,4,1016115262
63888,414,7514,4,1157472140
63889,414,4163,3,1016115183
63890,414,1840,4,1017760676
63891,414,6629,3,1050766574
63892,414,4958,2,1072058128
63893,414,6344,2,1050934985
63894,414,5208,2,1072058395
63895,414,3251,2,1095466344
63896,414,1198,5,1033391106
63897,414,2223,4,1031058468
63898,414,7515,1,1024928888
63899,414,4959,2,1059666278
63900,414,2699,2,1040049058
63901,414,7516,4,1035555865
63902,414,3184,4,1074004712
63903,414,2224,5,1017669841
63904,414,1841,4,1050766603
63905,414,4108,3,1046791709
63906,414,3648,3,1037630668
63907,414,7517,2,1047274352
63908,414,5376,3,1055265809
63909,414,1842,3,1072057874
63910,414,4477,4,1017670074
63911,414,2701,3,1017670039
63912,414,4479,3,1064941652
63913,414,7518,2,1064202518
63914,414,7519,4,1072058219
63915,414,7520,2,1035309097
63916,414,5378,4,1026741020
63917,414,7521,5,1047913589
63918,414,2225,3,1034002692
63919,414,7522,3,1024928669
63920,414,7523,3,1024928617
63921,414,4109,1,1024928888
63922,414,5379,2,1047266264
63923,414,757,5,1020450091
63924,414,4499,3,1075128993
63925,414,1844,3,1074530440
63926,414,870,5,1023465698
63927,414,758,4,1021645042
63928,414,5380,4,1069256371
63929,414,4178,4,1040048665
63930,414,5776,2,1024928648
63931,414,5209,2,1216150579
63932,414,1845,3,1043699480
63933,414,7524,3,1032193170
63934,414,4480,4,1058760913
63935,414,3327,4,1037630823
63936,414,5150,2,1040398920
63937,414,7525,5,1040048665
63938,414,3185,3,1039530983
63939,414,1199,4,1029248881
63940,414,1846,4,1035308879
63941,414,4172,2,1055265775
63942,414,5381,4,1026136713
63943,414,7526,4,1043699537
63944,414,5382,2,1026740972
63945,414,7527,3,1052747268
63946,414,5383,4,1047184588
63947,414,5384,2,1026229982
63948,414,6426,2,1024928617
63949,414,7528,3,1024928648
63950,414,4110,3,1024928520
63951,414,3328,4,1026136713
63952,414,759,5,1024928368
63953,414,2226,3,1067618234
63954,414,846,3,1043699537
63955,414,2477,1,1053552027
63956,414,847,3,1037024123
63957,414,6217,1,1024928888
63958,414,760,3,1039442795
63959,414,4234,4,1095466206
63960,414,7529,2,1069804848
63961,414,1847,4,1038842174
63962,414,761,4,1026826617
63963,414,4482,3,1072058248
63964,414,7530,2,1026225670
63965,414,7385,3,1100800073
63966,414,5869,4,1037023813
63967,414,4111,4,1040048606
63968,414,3746,3,1058144659
63969,414,848,3,1039442777
63970,414,7531,3,1065800129
63971,414,5151,5,1032283397
63972,414,5385,2,1072058163
63973,414,2702,4,1034001757
63974,414,762,3,1045422612
63975,414,2955,4,1033391039
63976,414,849,3,1072058302
63977,414,4848,3,1045422573
63978,414,7532,4,1034001695
63979,414,4501,3,1043699575
63980,414,3747,2,1072058368
63981,414,7297,2,1072058209
63982,414,5511,3,1034001913
63983,414,3329,3,1034345816
63984,414,3252,3,1034002624
63985,414,3330,4,1034001886
63986,414,7533,2,1066943763
63987,414,4965,3,1072058039
63988,414,2704,4,1034001886
63989,414,5870,3,1043699537
63990,414,5871,2,1216151114
63991,414,1200,3,1079920437
63992,414,2227,5,1044888496
63993,414,2707,4,1034001757
63994,414,5591,2,1043699917
63995,414,4966,3,1065799704
63996,414,2045,5,1034687044
63997,414,763,5,1035828876
63998,414,871,2,1095466264
63999,414,3748,1,1095466561
64000,414,7534,4,1049060127
64001,414,1849,3,1050071095
64002,414,7535,3,1072068743
64003,414,7536,3,1113229759
64004,414,7537,2,1089043973
64005,414,3253,2,1168281459
64006,414,5391,3,1040048606
64007,414,4114,5,1034001757
64008,414,7538,3,1064941611
64009,414,5284,3,1065052469
64010,414,5392,5,1034687044
64011,414,1202,4,1081119876
64012,414,2046,5,1036431650
64013,414,7539,2,1072058239
64014,414,1203,4,1070050686
64015,414,5394,3,1072058052
64016,414,7540,4,1072057972
64017,414,7541,3,1095465787
64018,414,1851,4,1072058073
64019,414,5089,2,1072057985
64020,414,2125,3,1036679521
64021,414,4165,3,1065799747
64022,414,3650,2,1066748269
64023,414,5397,4,1050766543
64024,414,2772,4,1037023875
64025,414,3559,3,1095465993
64026,414,764,3,1072057909
64027,414,7542,4,1076182735
64028,414,6152,3,1072572264
64029,414,7543,4,1038234648
64030,414,850,2,1053624683
64031,414,851,2,1037024102
64032,414,852,3,1095466014
64033,414,6364,4,1049060238
64034,414,3187,4,1058144631
64035,414,7544,1,1069256409
64036,414,4483,4,1082735968
64037,414,7545,4,1039531275
64038,414,856,5,1045422330
64039,414,1204,4,1056125960
64040,414,5172,2,1086789488
64041,414,872,2,1065538378
64042,414,1205,3,1040048450
64043,414,2231,4,1070638266
64044,414,5619,3,1077293704
64045,414,6996,2,1089819334
64046,414,765,5,1040398879
64047,414,3188,4,1070049637
64048,414,2232,3,1095465790
64049,414,857,4,1074004722
64050,414,873,1,1095466291
64051,414,7546,4,1040048560
64052,414,4850,2,1053624533
64053,414,1045,5,1039531016
64054,414,7300,3,1040048625
64055,414,860,3,1053624517
64056,414,766,4,1057178061
64057,414,767,5,1050934893
64058,414,4851,3,1077917666
64059,414,5154,4,1073314999
64060,414,7547,4,1060054222
64061,414,1206,4,1068840189
64062,414,5400,3,1060644526
64063,414,4504,3,1092414917
64064,414,4235,2,1075128974
64065,414,1147,4,1100799550
64066,414,3254,4,1045422454
64067,414,6153,4,1045422490
64068,414,7548,3,1045422612
64069,414,7549,3,1053624415
64070,414,7550,2,1053624425
64071,414,3616,3,1073314982
64072,414,5402,3,1075175281
64073,414,7551,2,1053624341
64074,414,4837,4,1053624329
64075,414,7552,3,1053624304
64076,414,7553,3,1053624247
64077,414,6642,1,1053624204
64078,414,874,2,1075128982
64079,414,1854,3,1061156233
64080,414,7554,5,1056125978
64081,414,7555,3,1095466192
64082,414,4238,2,1073681274
64083,414,1856,3,1073681268
64084,414,4972,3,1076948512
64085,414,4281,3,1216149383
64086,414,3189,4,1057951571
64087,414,7556,4,1100799734
64088,414,6741,3,1095465866
64089,414,4973,2,1073679510
64090,414,5405,3,1086201903
64091,414,7557,4,1085415507
64092,414,3191,5,1046700673
64093,414,6224,3,1095466158
64094,414,7558,3,1216150056
64095,414,7009,2,1095465733
64096,414,285,1,1053624121
64097,414,3655,2,1082735949
64098,414,5174,2,1079291865
64099,414,5407,2,1095466524
64100,414,875,3,1095466092
64101,414,7559,4,1093392913
64102,414,7560,4,1071505645
64103,414,7561,2,1089043960
64104,414,2233,2,1092323929
64105,414,4118,4,1058144594
64106,414,6998,4,1128977038
64107,414,1207,2,1079901592
64108,414,4167,3,1058630880
64109,414,5409,2,1095466517
64110,414,7562,2,1105474074
64111,414,3192,3,1095465901
64112,414,1857,3,1095465832
64113,414,4976,4,1095465986
64114,414,3564,4,1053623956
64115,414,3596,3,1053623963
64116,414,5777,4,1098974661
64117,414,7563,2,1053624011
64118,414,7564,2,1053623973
64119,414,7565,2,1053623937
64120,414,5142,4,1065800091
64121,414,2958,3,1086207088
64122,414,3193,4,1069081966
64123,414,5003,2,1076948461
64124,414,768,4,1052148258
64125,414,5411,4,1069081913
64126,414,5412,4,1059666187
64127,414,6154,4,1066748248
64128,414,5176,3,1089641305
64129,414,5413,3,1095465829
64130,414,7566,3,1053623881
64131,414,769,4,1053623904
64132,414,4168,4,1095466032
64133,414,5520,3,1053623856
64134,414,6155,5,1062512504
64135,414,1209,2,1103335744
64136,414,5876,2,1085505948
64137,414,876,4,1055777981
64138,414,1210,4,1055778010
64139,414,5285,3,1104766953
64140,414,3332,2,1216150474
64141,414,3194,4,1060644404
64142,414,7567,5,1055265907
64143,414,7568,2,1089641315
64144,414,1046,4,1091716512
64145,414,1883,3,1057178037
64146,414,7569,3,1073681412
64147,414,7570,3,1073680553
64148,414,770,4,1060644448
64149,414,3658,3,1089641290
64150,414,2235,3,1095466064
64151,414,5143,4,1075128943
64152,414,771,4,1058630859
64153,414,3070,1,1094957857
64154,414,7571,3,1088437531
64155,414,7572,2,1103335764
64156,414,7573,2,1073315079
64157,414,2236,3,1082914105
64158,414,6505,2,1099980461
64159,414,7574,2,1064942008
64160,414,7575,2,1082914275
64161,414,2237,4,1073234635
64162,414,2479,4,1075733630
64163,414,5177,2,1098644049
64164,414,7576,1,1065800319
64165,414,7577,3,1064941859
64166,414,3662,3,1088437542
64167,414,3333,2,1091716608
64168,414,7578,3,1098643734
64169,414,7579,1,1089641333
64170,414,2238,3,1100799960
64171,414,2480,3,1109612432
64172,414,4123,4,1074188400
64173,414,5214,2,1095466422
64174,414,7580,2,1064942016
64175,414,7581,1,1065800300
64176,414,3258,4,1061155164
64177,414,4125,2,1064941946
64178,414,7582,2,1216149720
64179,414,7583,4,1071505718
64180,414,7584,2,1072571764
64181,414,7585,3,1090379558
64182,414,2514,3,1098643915
64183,414,1213,4,1064169971
64184,414,7309,4,1095882960
64185,414,2047,4,1067202583
64186,414,6156,4,1076099692
64187,414,7586,2,1064941890
64188,414,7587,3,1064941990
64189,414,3335,4,1093913511
64190,414,3259,3,1064941581
64191,414,3336,3,1082914343
64192,414,3668,4,1081119746
64193,414,2107,4,1072571674
64194,414,7588,3,1073681646
64195,414,1214,4,1073680082
64196,414,2108,2,1072889085
64197,414,2239,3,1073681551
64198,414,7589,3,1073681731
64199,414,1215,4,1065800029
64200,414,7590,3,1065800034
64201,414,7591,2,1064941816
64202,414,6506,3,1065800164
64203,414,7592,2,1065800277
64204,414,7593,4,1065799981
64205,414,4129,4,1066942632
64206,414,3260,4,1065800202
64207,414,7594,3,1065800107
64208,414,772,3,1079291855
64209,414,2241,4,1069081933
64210,414,6231,3,1095465802
64211,414,1148,4,1109974108
64212,414,2963,4,1067202574
64213,414,235,4,1067202569
64214,414,5421,3,1081119793
64215,414,7595,3,1095466109
64216,414,2242,2,1095447132
64217,414,5422,4,1070638228
64218,414,7596,2,1085415473
64219,414,5423,4,1071615803
64220,414,773,4,1068840163
64221,414,3195,3,1128977161
64222,414,878,4,1085493649
64223,414,2243,4,1105637550
64224,414,2244,4,1071505663
64225,414,7597,4,1109974396
64226,414,2245,3,1090767140
64227,414,2246,4,1073862877
64228,414,3340,3,1485656993
64229,414,3264,3,1116532855
64230,414,7598,3,1105040541
64231,414,4240,5,1511541049
64232,414,4982,3,1073681742
64233,414,2251,4,1109974393
64234,414,7108,3,1073679652
64235,414,3341,3,1096916036
64236,414,3197,4,1102694701
64237,414,774,4,1071505677
64238,414,1218,4,1074186367
64239,414,879,2,1100799993
64240,414,5881,3,1216150141
64241,414,880,4,1072889041
64242,414,775,4,1072123275
64243,414,2405,4,1077505441
64244,414,2720,3,1102964490
64245,414,4983,2,1106195415
64246,414,3198,4,1105473988
64247,414,2969,3,1086201846
64248,414,7599,3,1103522460
64249,414,882,3,1105474079
64250,414,7600,2,1105040583
64251,414,7601,3,1105637845
64252,414,7602,4,1073679902
64253,414,6235,2,1166460047
64254,414,6236,3,1073681514
64255,414,7603,3,1109974480
64256,414,7604,4,1076099570
64257,414,1047,4,1075733597
64258,414,5005,3,1102310716
64259,414,5882,2,1216150508
64260,414,5883,3,1216150034
64261,414,2252,3,1101593455
64262,414,4752,4,1128977169
64263,414,4507,4,1075492822
64264,414,883,3,1106190123
64265,414,7133,2,1082914267
64266,414,7605,2,1106195402
64267,414,1219,3,1086789477
64268,414,1220,3,1216149545
64269,414,5749,2,1103522432
64270,414,1221,4,1109974401
64271,414,4984,3,1216149526
64272,414,3269,2,1090767159
64273,414,7606,2,1082914251
64274,414,3344,4,1094518942
64275,414,4286,3,1105040528
64276,414,7607,3,1109974492
64277,414,5431,3,1082914213
64278,414,1130,4,1081911295
64279,414,7608,4,1101751603
64280,414,5225,3,1216150464
64281,414,4185,4,1081911299
64282,414,4287,4,1082914023
64283,414,1222,3,1081911283
64284,414,884,2,1113230265
64285,414,5886,3,1082736161
64286,414,2406,3,1216150320
64287,414,3757,2,1216151174
64288,414,7609,1,1113230425
64289,414,1048,4,1085493606
64290,414,4508,2,1089043902
64291,414,2517,3,1216149555
64292,414,777,2,1099290653
64293,414,7324,2,1216150298
64294,414,885,4,1098713049
64295,414,3345,2,1089043897
64296,414,886,4,1086201679
64297,414,1149,4,1089994926
64298,414,2257,3,1085415479
64299,414,2258,4,1158355392
64300,414,3145,4,1132958379
64301,414,5524,3,1128977025
64302,414,7610,4,1093392951
64303,414,4139,2,1094941671
64304,414,779,4,1100799845
64305,414,1226,3,1216150432
64306,414,5188,2,1216150064
64307,414,5786,4,1100799404
64308,414,3348,3,1098659561
64309,414,2120,4,1100799451
64310,414,2753,3,1216150460
64311,414,3146,3,1104766940
64312,414,2048,4,1088437401
64313,414,782,4,1088437404
64314,414,887,4,1089129104
64315,414,888,3,1216147667
64316,414,7611,3,1109974344
64317,414,2049,4,1089043876
64318,414,783,4,1089043931
64319,414,4292,4,1101751640
64320,414,4892,2,1089819349
64321,414,1227,3,1122560776
64322,414,1049,3,1125287806
64323,414,3207,4,1109962037
64324,414,784,3,1249835218
64325,414,785,0,1485656057
64326,414,3350,2,1216149551
64327,414,786,3,1122932067
64328,414,1228,5,1094518928
64329,414,236,4,1109962079
64330,414,3351,4,1128977177
64331,414,2265,2,1139849368
64332,414,5585,3,1123518668
64333,414,5893,2,1125295038
64334,414,5232,3,1133921233
64335,414,788,3,1107191494
64336,414,889,2,1216150593
64337,414,789,2,1123518652
64338,414,3147,3,1114376721
64339,414,2266,4,1109962032
64340,414,5750,4,1095631931
64341,414,790,2,1109961982
64342,414,791,3,1216150424
64343,414,3354,4,1099980438
64344,414,2267,4,1113229773
64345,414,7612,3,1137259731
64346,414,1229,3,1216149079
64347,414,7613,4,1128976954
64348,414,2268,4,1098643652
64349,414,5233,3,1115172162
64350,414,792,4,1116532800
64351,414,1230,4,1102297567
64352,414,7614,3,1158601616
64353,414,7615,4,1216145481
64354,414,794,4,1112630162
64355,414,795,4,1103609459
64356,414,2721,3,1216147551
64357,414,797,4,1114376716
64358,414,798,2,1216149532
64359,414,2518,4,1117044347
64360,414,2272,3,1131989219
64361,414,3357,2,1131044357
64362,414,7616,4,1246413878
64363,414,6446,4,1158355439
64364,414,6662,3,1216145431
64365,414,1131,4,1511541006
64366,414,3072,4,1158355416
64367,414,3073,4,1104766918
64368,414,1132,4,1485656436
64369,414,2280,2,1216150390
64370,414,2484,4,1109612350
64371,414,3074,3,1131989250
64372,414,4989,3,1135981019
64373,414,6260,3,1216150016
64374,414,1235,4,1141225574
64375,414,5902,3,1139244660
64376,414,3148,4,1116532816
64377,414,4145,3,1126758881
64378,414,5535,4,1158355352
64379,414,5795,3,1216150358
64380,414,3149,4,1155051787
64381,414,2050,4,1108393827
64382,414,891,4,1158601988
64383,414,3150,4,1109612371
64384,414,801,3,1216146615
64385,414,7617,3,1130080353
64386,414,3364,4,1128977215
64387,414,6664,3,1216147593
64388,414,6954,4,1145140631
64389,414,5905,2,1163776161
64390,414,2282,4,1158601850
64391,414,7618,3,1216145625
64392,414,5751,2,1216150572
64393,414,2284,3,1216145643
64394,414,5910,2,1216149770
64395,414,893,3,1128977090
64396,414,2126,3,1140453803
64397,414,5914,2,1216151253
64398,414,804,2,1139849078
64399,414,805,4,1155842954
64400,414,7619,2,1109962272
64401,414,807,4,1112630135
64402,414,1239,3,1128976607
64403,414,808,3,1192047400
64404,414,2286,4,1128976800
64405,414,5540,3,1152023723
64406,414,3368,3,1137431293
64407,414,809,4,1117044302
64408,414,2709,2,1216150669
64409,414,1240,2,1216147608
64410,414,2983,2,1216149933
64411,414,2288,4,1135980927
64412,414,3369,4,1128976850
64413,414,6470,3,1130096668
64414,414,895,4,1118685959
64415,414,7620,2,1216147050
64416,414,810,4,1118949162
64417,414,7621,2,1158355443
64418,414,7622,3,1216148964
64419,414,812,3,1121481324
64420,414,3216,4,1145140650
64421,414,1241,2,1122560831
64422,414,3370,4,1135028700
64423,414,1892,3,1216149187
64424,414,813,3,1153752772
64425,414,6670,4,1129666764
64426,414,3778,3,1216145680
64427,414,4992,2,1216151116
64428,414,5246,2,1135220809
64429,414,1242,3,1216145546
64430,414,4511,2,1216150563
64431,414,4993,3,1135981007
64432,414,2289,4,1125287793
64433,414,7623,3,1216150364
64434,414,2127,4,1135028728
64435,414,5247,3,1139244641
64436,414,4313,3,1161012900
64437,414,2290,4,1139849175
64438,414,1243,2,1157472091
64439,414,2291,4,1141225590
64440,414,1244,3,1139849141
64441,414,5025,4,1164318341
64442,414,5752,4,1158794187
64443,414,5542,4,1157132436
64444,414,6267,3,1216150397
64445,414,3780,3,1216150440
64446,414,1245,2,1216151225
64447,414,5857,3,1139849207
64448,414,4994,4,1139244686
64449,414,2292,3,1216146966
64450,414,1247,4,1145140730
64451,414,2293,3,1145140707
64452,414,814,3,1184683834
64453,414,5927,2,1216149868
64454,414,1248,3,1157472115
64455,414,1249,4,1150727262
64456,414,2294,4,1135028665
64457,414,2053,3,1161961729
64458,414,5929,3,1140453855
64459,414,6672,4,1131044429
64460,414,3585,4,1144255756
64461,414,2295,3,1216148882
64462,414,5191,4,1130080328
64463,414,2296,3,1141773938
64464,414,5248,2,1145900777
64465,414,2297,4,1131989175
64466,414,3782,3,1159798631
64467,414,2299,4,1134354924
64468,414,7145,4,1149889923
64469,414,896,4,1160666293
64470,414,1894,3,1511535762
64471,414,897,4,1133636669
64472,414,5249,2,1216150452
64473,414,3373,3,1145550192
64474,414,898,3,1216147618
64475,414,7624,4,1145900925
64476,414,1895,4,1145900930
64477,414,2300,4,1135980873
64478,414,3374,3,1167249194
64479,414,3375,3,1149889821
64480,414,5754,2,1153752805
64481,414,2054,4,1137259676
64482,414,816,3,1167845402
64483,414,5250,2,1161961781
64484,414,5251,3,1216149342
64485,414,7625,3,1230174249
64486,414,5934,3,1163775855
64487,414,4997,2,1150727281
64488,414,3379,3,1216150216
64489,414,2303,3,1216149206
64490,414,5936,3,1158355318
64491,414,5937,2,1140453820
64492,414,7626,2,1150130066
64493,414,4998,3,1157132443
64494,414,2304,3,1157472145
64495,414,2305,2,1216151152
64496,414,2306,3,1157132456
64497,414,1250,2,1489548300
64498,414,1251,4,1144255732
64499,414,2307,4,1145550074
64500,414,1252,4,1147702365
64501,414,2308,3,1216149133
64502,414,1254,4,1159798654
64503,414,4859,3,1216149162
64504,414,3381,3,1185384071
64505,414,2309,3,1160666253
64506,414,3382,3,1216149102
64507,414,4515,2,1216150504
64508,414,7364,3,1158953425
64509,414,7627,3,1157132462
64510,414,4248,3,1216147544
64511,414,1896,3,1168551546
64512,414,5586,4,1146515040
64513,414,3510,2,1186081356
64514,414,4760,4,1166460098
64515,414,1897,3,1164641778
64516,414,817,3,1165418891
64517,414,3384,2,1180373574
64518,414,818,3,1192047422
64519,414,7628,3,1216149238
64520,414,5944,2,1216151045
64521,414,2977,2,1216150336
64522,414,1898,2,1216150351
64523,414,3385,4,1189529698
64524,414,1255,3,1153752785
64525,414,3152,3,1216146735
64526,414,2805,3,1188919908
64527,414,3387,3,1216149194
64528,414,2722,4,1150484295
64529,414,5755,2,1216150591
64530,414,7629,3,1216147632
64531,414,821,4,1152023673
64532,414,7630,3,1168551566
64533,414,5544,2,1216149761
64534,414,1256,4,1173893502
64535,414,2311,4,1175542830
64536,414,5756,4,1165418906
64537,414,1257,3,1168551575
64538,414,237,2,1167249394
64539,414,1899,2,1216151280
64540,414,5254,3,1166460028
64541,414,2055,4,1173893515
64542,414,5000,3,1216149975
64543,414,899,3,1286739003
64544,414,3511,2,1216149896
64545,414,1258,3,1173893604
64546,414,2723,4,1178035594
64547,414,3512,2,1216150408
64548,414,2128,3,1173893586
64549,414,2312,4,1180373536
64550,414,2313,2,1168551533
64551,414,2314,4,1190570886
64552,414,6441,3,1216149371
64553,414,3390,4,1168364716
64554,414,3075,4,1203130312
64555,414,6673,3,1167845428
64556,414,5945,3,1173893567
64557,414,1050,4,1184683869
64558,414,7631,2,1173893610
64559,414,2315,3,1168551452
64560,414,1133,4,1187622200
64561,414,5255,2,1173893600
64562,414,238,4,1160666330
64563,414,3794,2,1216150324
64564,414,7632,2,1187622233
64565,414,2317,4,1176919805
64566,414,1051,4,1168281392
64567,414,1052,4,1163775795
64568,414,822,4,1216146873
64569,414,3796,2,1249835367
64570,414,3076,3,1193502895
64571,414,7633,3,1189811090
64572,414,824,4,1164641717
64573,414,3395,2,1192568463
64574,414,825,2,1165787126
64575,414,7634,3,1183481122
64576,414,826,2,1199721825
64577,414,4519,3,1216150161
64578,414,2320,4,1166460004
64579,414,3077,1,1195587198
64580,414,1260,4,1167249144
64581,414,5950,4,1167845279
64582,414,2321,4,1178035591
64583,414,827,2,1216149756
64584,414,5002,3,1194293752
64585,414,7635,3,1216146955
64586,414,2323,4,1185384140
64587,414,5952,2,1216151127
64588,414,2324,3,1216149578
64589,414,7636,2,1216149641
64590,414,2984,2,1192047450
64591,414,3078,3,1183481157
64592,414,1053,4,1216145537
64593,414,5955,2,1216150383
64594,414,2985,2,1216150609
64595,414,2325,4,1172770128
64596,414,1903,3,1199721810
64597,414,3079,3,1216150276
64598,414,6278,4,1216146659
64599,414,2326,3,1216146970
64600,414,5957,2,1273977801
64601,414,1262,3,1189811286
64602,414,3802,2,1216150281
64603,414,900,4,1175542780
64604,414,7637,3,1286739146
64605,414,902,3,1273976885
64606,414,2724,3,1273976786
64607,414,2328,3,1187622175
64608,414,2330,3,1188919798
64609,414,2986,2,1188919876
64610,414,2056,3,1216146915
64611,414,5961,3,1194293717
64612,414,7638,3,1249834842
64613,414,6677,3,1194973980
64614,414,3405,3,1190571083
64615,414,1263,4,1188919814
64616,414,7639,4,1194459271
64617,414,5962,3,1216149889
64618,414,2979,3,1194293680
64619,414,7640,3,1216149948
64620,414,7641,4,1261423410
64621,414,3589,3,1344733198
64622,414,1905,4,1183480915
64623,414,3407,3,1216146923
64624,414,1906,3,1273977952
64625,414,2333,4,1203130220
64626,414,1264,2,1203130264
64627,414,1907,3,1197733195
64628,414,7642,4,1273977697
64629,414,6280,2,1216146859
64630,414,2057,3,1205173857
64631,414,2725,3,1216145550
64632,414,2335,3,1216149377
64633,414,1268,3,1273977156
64634,414,2710,2,1216149774
64635,414,1269,3,1216149117
64636,414,2519,3,1511535764
64637,414,3409,2,1216150266
64638,414,4148,3,1249835146
64639,414,5964,1,1216145464
64640,414,3154,3,1203130241
64641,414,1270,4,1216149010
64642,414,3412,3,1283876331
64643,414,903,4,1188919668
64644,414,2058,4,1188919664
64645,414,2336,3,1192047075
64646,414,7643,2,1273977811
64647,414,3414,4,1273977141
64648,414,2987,3,1205173870
64649,414,2338,4,1190058682
64650,414,2988,3,1205174990
64651,414,3415,3,1249835170
64652,414,2339,4,1273977421
64653,414,2340,4,1273977097
64654,414,7644,3,1273977555
64655,414,1271,4,1199721798
64656,414,1272,3,1249835033
64657,414,7645,2,1216150346
64658,414,4522,2,1273977614
64659,414,3420,3,1249835278
64660,414,3806,4,1485656890
64661,414,6681,3,1216150231
64662,414,2342,3,1273977457
64663,414,1273,4,1205174976
64664,414,3421,3,1273977946
64665,414,1274,4,1273977019
64666,414,2343,3,1249835175
64667,414,3591,3,1249835266
64668,414,1275,4,1194973915
64669,414,3516,2,1273977910
64670,414,2059,4,1196274454
64671,414,3423,3,1273977473
64672,414,4523,3,1216146611
64673,414,5965,3,1195587172
64674,414,2060,3,1273977942
64675,414,1054,3,1216146980
64676,414,904,4,1216145517
64677,414,3428,3,1246413860
64678,414,2347,2,1273977443
64679,414,1276,4,1273977299
64680,414,2061,3,1216145558
64681,414,2062,3,1216146715
64682,414,7646,4,1230174149
64683,414,2349,3,1230174178
64684,414,2129,3,1249835253
64685,414,1279,4,1273977103
64686,414,906,3,1249835300
64687,414,3594,3,1205631910
64688,414,3595,4,1273977434
64689,414,4525,2,1273978067
64690,414,3432,3,1249835100
64691,414,2350,2,1273978054
64692,414,1280,3,1216144871
64693,414,239,4,1251142393
64694,414,6516,3,1273977857
64695,414,3434,2,1273977904
64696,414,5970,3,1216145437
64697,414,7647,3,1273977268
64698,414,1911,3,1489548259
64699,414,4189,2,1273977884
64700,414,7648,2,1273977833
64701,414,7032,4,1273977286
64702,414,1055,4,1216145513
64703,414,1912,3,1283877039
64704,414,1282,2,1273977925
64705,414,1283,4,1273977148
64706,414,1284,4,1273977095
64707,414,1056,4,1249835059
64708,414,3081,2,1489548293
64709,414,1285,3,1489548257
64710,414,3082,3,1273977938
64711,414,7649,3,1283877181
64712,414,7650,2,1273977735
64713,414,909,2,1273977815
64714,414,1286,3,1249833230
64715,414,240,2,1273977751
64716,414,2130,4,1222106260
64717,414,2131,4,1273977332
64718,414,1915,2,1273977805
64719,414,2523,3,1283876226
64720,414,2367,3,1273977548
64721,414,911,2,1273977625
64722,414,2064,3,1273976922
64723,414,7651,2,1273978032
64724,414,5263,4,1511540907
64725,414,5973,2,1273977920
64726,414,3442,4,1273977175
64727,414,2372,4,1489548357
64728,414,1287,3,1273977373
64729,414,1916,4,1297016125
64730,414,912,4,1273977218
64731,414,1288,4,1273977245
64732,414,2726,4,1273976702
64733,414,913,2,1273977836
64734,414,1058,4,1261937993
64735,414,2409,4,1273976991
64736,414,1151,4,1261423158
64737,414,1290,3,1246413595
64738,414,2384,3,1249833179
64739,414,4765,4,1251142119
64740,414,915,3,1273977603
64741,414,5975,3,1261937716
64742,414,3449,4,1258247399
64743,414,1292,4,1249835023
64744,414,3450,3,1328313671
64745,414,1293,4,1511537080
64746,414,3084,4,1249833314
64747,414,4326,3,1511537198
64748,414,3156,4,1485656857
64749,414,1294,3,1273977199
64750,414,3517,3,1256417411
64751,414,241,4,1261010104
64752,414,1295,4,1258247420
64753,414,2390,3,1273977535
64754,414,1059,4,1258247519
64755,414,1296,2,1256417416
64756,414,1152,4,1246413686
64757,414,3454,3,1249833237
64758,414,2727,3,1273977741
64759,414,916,4,1261010107
64760,414,1297,4,1273977029
64761,414,4739,3,1261937809
64762,414,917,1,1261937735
64763,414,2991,4,1273977063
64764,414,1920,2,1246413702
64765,414,1298,3,1261423128
64766,414,1060,4,1331328494
64767,414,918,3,1511537090
64768,414,1299,4,1273977081
64769,414,1061,4,1255016534
64770,414,2392,2,1261937793
64771,414,7652,4,1261937623
64772,414,3464,4,1344733160
64773,414,2068,4,1273977259
64774,414,3519,4,1273977358
64775,414,242,5,1273977367
64776,414,921,3,1273976964
64777,414,4173,4,1273977356
64778,414,4536,2,1273977893
64779,414,922,4,1273977342
64780,414,3520,4,1273976976
64781,414,291,2,1273977791
64782,414,6054,4,1275267211
64783,414,1922,3,1273976902
64784,414,5271,4,1489548416
64785,414,927,4,1261503960
64786,414,928,4,1273977264
64787,414,1310,3,1283875928
64788,414,1926,4,1344734328
64789,414,1312,4,1286737546
64790,414,7653,3,1283875912
64791,414,6305,3,1286737572
64792,414,244,4,1511537140
64793,414,1313,3,1511535652
64794,414,3474,1,1294085477
64795,414,1134,5,1294085364
64796,414,5273,4,1344733804
64797,414,932,3,1511535659
64798,414,245,5,1281973850
64799,414,1315,2,1294085442
64800,414,1316,4,1511537174
64801,414,1317,2,1294085451
64802,414,1318,5,1281973814
64803,414,5274,4,1294085413
64804,414,1153,4,1286737454
64805,414,933,4,1294085377
64806,414,4201,3,1300279536
64807,414,6030,4,1298751655
64808,414,1931,2,1298751623
64809,414,1932,4,1511537104
64810,414,1933,4,1300279548
64811,414,4740,3,1298751610
64812,414,1934,3,1511535642
64813,414,935,4,1511535588
64814,414,1154,4,1485656700
64815,414,6033,3,1511537245
64816,414,1935,3,1511537252
64817,414,1155,4,1344733797
64818,414,3091,4,1511537107
64819,414,1064,4,1356136063
64820,414,3847,4,1511535994
64821,414,1065,4,1489536931
64822,414,1066,4,1312506393
64823,414,6066,4,1485657230
64824,414,2526,4,1344733836
64825,414,3849,4,1356136136
64826,414,1324,4,1511537178
64827,414,1325,3,1489536951
64828,414,2132,4,1485656958
64829,414,5670,4,1519592651
64830,414,1328,3,1344734337
64831,414,6828,4,1485657233
64832,414,2410,4,1328313089
64833,414,3094,2,1511537183
64834,414,1939,3,1511535645
64835,414,1330,5,1324237914
64836,414,1331,3,1511535697
64837,414,942,4,1324237568
64838,414,1940,3,1324237595
64839,414,1941,4,1511535685
64840,414,3487,4,1328313102
64841,414,3095,4,1328313081
64842,414,1067,4,1356135802
64843,414,5277,4,1485656889
64844,414,3096,4,1328313084
64845,414,3161,5,1344733704
64846,414,3630,3,1489536938
64847,414,7164,3,1324237554
64848,414,3507,4,1344733765
64849,414,1068,3,1489536946
64850,414,250,4,1357156227
64851,414,1334,3,1356136098
64852,414,1944,2,1511535737
64853,414,251,4,1485656810
64854,414,4781,4,1356136121
64855,414,2530,4,1356136045
64856,414,1069,3,1489536949
64857,414,3491,4,1344732732
64858,414,4732,4,1513959118
64859,414,7654,4,1356136168
64860,414,6090,4,1511541291
64861,414,1336,3,1356135864
64862,414,949,3,1356135822
64863,414,5281,4,1356135805
64864,414,951,4,1511535661
64865,414,6094,3,1356135845
64866,414,1338,4,1522624379
64867,414,1953,3,1525558876
64868,414,1070,4,1357156248
64869,414,4213,4,1357156264
64870,414,4733,4,1522624838
64871,414,2412,4,1356135993
64872,414,2830,4,1485656745
64873,414,4734,4,1519594433
64874,414,2532,4,1485656924
64875,414,2734,4,1522624732
64876,414,2411,4,1485656697
64877,414,4705,3,1525558988
64878,414,252,4,1485656719
64879,414,1347,3,1489537101
64880,414,6530,4,1525563046
64881,414,3102,4,1511541227
64882,414,1351,3,1525562482
64883,414,957,4,1489537036
64884,414,1073,5,1485656670
64885,414,1074,4,1522624502
64886,414,4215,4,1485656707
64887,414,253,4,1485656712
64888,414,1974,4,1519594261
64889,414,1975,5,1522624529
64890,414,1976,4,1485657161
64891,414,3106,4,1489536975
64892,414,1981,5,1485656672
64893,414,962,4,1485656515
64894,414,254,4,1485656421
64895,414,5448,4,1521847624
64896,414,6115,3,1525562371
64897,414,1076,4,1519593204
64898,414,2537,3,1519593484
64899,414,1358,4,1485656823
64900,414,255,4,1485656502
64901,414,1077,4,1485656677
64902,414,4795,4,1511541275
64903,414,1078,4,1489537019
64904,414,7655,4,1519593300
64905,414,3109,3,1511541633
64906,414,1079,4,1519593230
64907,414,3112,4,1489536972
64908,414,1998,3,1489536909
64909,414,257,4,1485656424
64910,414,7656,4,1485656979
64911,414,1362,4,1485657163
64912,414,2001,3,1525562381
64913,414,967,4,1522624524
64914,414,258,5,1485656726
64915,414,1081,3,1489537024
64916,414,1367,3,1519593454
64917,414,1082,4,1485656101
64918,414,5450,4,1527977892
64919,414,2136,4,1522624761
64920,414,1368,4,1513958808
64921,414,1083,3,1519593462
64922,414,1370,4,1511535806
64923,414,6535,5,1519593248
64924,414,7657,4,1519593351
64925,414,2542,4,1519593261
64926,414,4803,4,1525557511
64927,414,1085,5,1485656565
64928,414,1086,4,1485656561
64929,414,2017,2,1489537034
64930,414,2853,4,1485656126
64931,414,1373,5,1519593286
64932,414,2855,4,1519593218
64933,414,2742,4,1511540882
64934,414,2744,4,1525562956
64935,414,2856,4,1513958722
64936,414,1376,5,1511535975
64937,414,4809,3,1511541327
64938,414,3118,4,1511535813
64939,414,1087,4,1513959196
64940,414,1379,5,1485656568
64941,414,1380,4,1511541166
64942,414,1089,4,1485656079
64943,414,4820,4,1511535970
64944,414,7658,4,1525562962
64945,414,4606,4,1519593368
64946,414,1384,4,1485656116
64947,414,4826,4,1511541249
64948,414,4611,3,1485656197
64949,414,1387,2,1485656169
64950,414,1091,3,1519593256
64951,414,3120,3,1519593456
64952,414,1388,5,1519593196
64953,414,5676,3,1519593253
64954,414,1389,2,1513958742
64955,414,4831,4,1489548476
64956,414,2748,4,1511541266
64957,414,1391,4,1489548268
64958,414,6482,4,1489548471
64959,414,7659,4,1522624338
64960,414,1092,4,1485656093
64961,414,7660,4,1511535810
64962,414,1093,4,1519593386
64963,414,2749,4,1489548480
64964,414,7661,4,1511535836
64965,414,1393,4,1511535789
64966,414,4629,5,1511535794
64967,414,6897,4,1519593076
64968,414,7662,3,1514242062
64969,414,2873,5,1519593882
64970,414,3124,5,1511535821
64971,414,6497,4,1511535838
64972,414,6900,4,1511541655
64973,414,7663,4,1521847441
64974,414,7664,4,1511535879
64975,414,2879,5,1511535784
64976,414,6124,4,1515207413
64977,414,2884,3,1527977909
64978,414,2137,5,1511535779
64979,414,7665,4,1525548591
64980,414,6978,4,1521844173
64981,414,1396,4,1521844144
64982,414,5038,4,1521844149
64983,414,5991,4,1521844167
64984,414,5631,4,1525562730
64985,414,3131,4,1513958832
64986,414,5667,4,1519592584
64987,414,7666,4,1515207301
64988,414,5475,4,1525548614
64989,414,5476,3,1527978072
64990,414,4035,2,1519592410
64991,414,3136,3,1527977920
64992,415,4,4,1382470301
64993,415,5,4,1382469955
64994,415,1094,4,1382470177
64995,415,525,4,1382470382
64996,415,464,4,1382470263
64997,415,2070,4,1382469687
64998,415,13,4,1382470378
64999,415,16,4,1382470256
65000,415,17,5,1382470083
65001,415,233,5,1382469950
65002,415,471,3,1382470309
65003,415,21,5,1382470244
65004,415,622,3,1382470305
65005,415,26,3,1382470266
65006,415,27,4,1382470250
65007,415,323,4,1382470291
65008,415,35,5,1382470033
65009,415,37,4,1382470188
65010,415,723,5,1382469985
65011,415,1028,5,1382469952
65012,415,1438,4,1382470095
65013,415,333,4,1382470197
65014,415,334,5,1382470195
65015,415,2754,4,1382470181
65016,415,831,4,1382469976
65017,415,3053,4,1382470168
65018,415,338,4,1382470019
65019,415,3696,4,1382469873
65020,415,1448,4,1382469767
65021,415,1102,5,1382469968
65022,415,70,4,1382470062
65023,415,71,4,1382470692
65024,415,1103,5,1382470161
65025,415,352,4,1382470207
65026,415,75,5,1382470027
65027,415,1137,5,1382469965
65028,415,1139,5,1382470066
65029,415,1107,4,1382470024
65030,415,84,4,1382470361
65031,415,1111,4,1382470212
65032,415,2420,3,1382470358
65033,415,99,3,1382470355
65034,415,102,3,1382470352
65035,415,986,4,1382469699
65036,415,131,3,1382469618
65037,415,388,4,1382470086
65038,415,147,4,1382470346
65039,415,148,4,1382470071
65040,415,1627,4,1382470478
65041,415,167,4,1382470013
65042,415,171,2,1382470472
65043,415,2094,3,1382469652
65044,415,402,4,1382470317
65045,415,4677,4,1382469855
65046,415,185,3,1382470058
65047,415,2713,3,1382469751
65048,415,193,5,1382469997
65049,415,198,4,1382470344
65050,415,204,4,1382470340
65051,415,2929,4,1382469623
65052,415,2494,4,1382470447
65053,415,3506,4,1382470192
65054,415,3041,4,1382469842
65055,415,1015,3,1382470439
65056,415,2764,4,1382470210
65057,415,2496,2,1382469879
65058,415,437,4,1382470335
65059,415,445,4,1382470041
65060,415,451,3,1382470434
65061,415,2628,3,1382469609
65062,415,1817,3,1382470426
65063,415,868,3,1382470424
65064,415,3243,4,1382469738
65065,415,2695,3,1382469892
65066,415,1198,3,1382470418
65067,415,2701,3,1382469822
65068,415,1850,3,1382469883
65069,415,1127,4,1382470166
65070,415,1147,4,1382469973
65071,415,2245,4,1382469793
65072,415,2405,4,1382470218
65073,415,1130,5,1382470154
65074,415,893,2,1382469783
65075,415,807,4,1382470410
65076,415,895,3,1382470406
65077,415,2307,4,1382470403
65078,415,1255,2,1382470393
65079,415,238,4,1382470185
65080,415,239,4,1382469990
65081,415,1916,4,1382470387
65082,415,245,4,1382470030
65083,415,248,4,1382470224
65084,415,3163,4,1382470225
65085,415,252,4,1382470214
65086,416,534,2,1187495264
65087,416,307,4,1187496829
65088,416,16,3,1187496455
65089,416,17,4,1187496460
65090,416,233,3,1187496720
65091,416,309,1,1187495304
65092,416,599,4,1187495341
65093,416,21,2,1187496632
65094,416,320,4,1187495640
65095,416,29,3,1187496705
65096,416,477,2,1187495273
65097,416,37,4,1187497012
65098,416,723,4,1187495659
65099,416,699,1,1187495328
65100,416,69,2,1187496661
65101,416,351,4,1187495944
65102,416,72,4,1187497538
65103,416,77,4,1187497552
65104,416,3708,3,1187495335
65105,416,102,2,1187496482
65106,416,988,0,1187496464
65107,416,167,1,1187496634
65108,416,181,2,1187496652
65109,416,402,2,1187496431
65110,416,185,3,1187496445
65111,416,193,4,1187496802
65112,416,198,5,1187496722
65113,416,1014,2,1187495345
65114,416,4271,4,1187498528
65115,416,745,0,1187496641
65116,416,2634,1,1187495301
65117,416,1829,4,1187496807
65118,416,752,0,1187496637
65119,416,460,4,1187497384
65120,416,1126,4,1187496196
65121,416,1832,5,1187495599
65122,416,755,2,1187496628
65123,416,4477,4,1187495892
65124,416,759,1,1187496656
65125,416,2045,4,1187495920
65126,416,856,4,1187496816
65127,416,6996,5,1187496536
65128,416,765,2,1187496441
65129,416,769,0,1187496666
65130,416,771,2,1187496479
65131,416,235,3,1187496428
65132,416,1221,4,1187497581
65133,416,779,0,1187496484
65134,416,6432,3,1187496615
65135,416,7400,5,1187496255
65136,416,2055,5,1187495618
65137,417,4,5,1532134167
65138,417,585,4,1529375079
65139,417,17,5,1530156600
65140,417,233,5,1529284254
65141,417,21,4,1529284261
65142,417,35,4,1530384935
65143,417,1160,5,1530156701
65144,417,1028,5,1529283518
65145,417,63,3,1536894565
65146,417,1102,4,1532134177
65147,417,71,2,1530384953
65148,417,72,5,1529284346
65149,417,75,3,1529284422
65150,417,1137,5,1530156633
65151,417,84,5,1529284250
65152,417,106,4,1532134155
65153,417,729,5,1529283776
65154,417,234,5,1529284319
65155,417,109,4,1529284430
65156,417,148,5,1530156612
65157,417,167,5,1529283509
65158,417,401,5,1529283542
65159,417,402,4,1529284314
65160,417,185,4,1529284351
65161,417,193,5,1529283501
65162,417,1041,3,1529283948
65163,417,220,5,1529283845
65164,417,278,4,1529283649
65165,417,445,5,1529283838
65166,417,745,5,1529283842
65167,417,1125,5,1529283854
65168,417,458,5,1529283632
65169,417,2717,5,1529283995
65170,417,754,5,1529284448
65171,417,755,5,1529283609
65172,417,765,5,1529284447
65173,417,1147,5,1529284353
65174,417,235,5,1530156710
65175,417,775,5,1529284449
65176,417,1047,5,1529283713
65177,417,887,3,1529284070
65178,417,2267,2,1529375041
65179,417,1132,5,1529283992
65180,417,899,5,1529284096
65181,417,1133,4,1530156696
65182,417,2320,4,1529283962
65183,417,1272,5,1529284048
65184,417,239,4,1529713884
65185,417,241,5,1529283657
65186,417,243,5,1529283701
65187,417,3622,3,1532134202
65188,417,245,4,1532134102
65189,417,3089,5,1529284933
65190,417,935,4,1529713889
65191,417,1064,5,1529284086
65192,417,945,5,1530156615
65193,417,953,3,1536894589
65194,417,959,4,1536894596
65195,417,253,5,1529283927
65196,417,1976,4,1529284100
65197,417,254,3,1532133590
65198,417,1075,3,1529284136
65199,417,255,4,1529284040
65200,417,257,5,1529284018
65201,417,1082,4,1529283969
65202,417,3122,3,1529285245
65203,417,2138,3,1530384925
65204,418,5,4,1461865740
65205,418,1094,4,1461866063
65206,418,17,4,1461865706
65207,418,233,5,1461865563
65208,418,21,4,1461865723
65209,418,23,0,1461868543
65210,418,28,3,1461868098
65211,418,29,4,1465833234
65212,418,35,4,1461865700
65213,418,38,0,1461868227
65214,418,1160,5,1461865894
65215,418,1135,4,1461867916
65216,418,62,5,1461869088
65217,418,68,5,1461868659
65218,418,72,4,1461865827
65219,418,1104,5,1461868702
65220,418,77,4,1461865939
65221,418,78,5,1461868039
65222,418,79,4,1461869820
65223,418,726,5,1461865954
65224,418,865,4,1461866082
65225,418,356,3,1461865910
65226,418,86,4,1461868041
65227,418,1111,5,1461869715
65228,418,978,4,1461868158
65229,418,100,0,1461868539
65230,418,101,0,1461868528
65231,418,729,4,1461867953
65232,418,234,5,1461865919
65233,418,988,3,1461868618
65234,418,119,4,1461868102
65235,418,120,3,1461868149
65236,418,126,0,1461868562
65237,418,1572,3,1461868164
65238,418,171,0,1461868545
65239,418,1180,4,1461867866
65240,418,193,5,1461865568
65241,418,204,4,1461865714
65242,418,422,3,1461865932
65243,418,1790,0,1461868557
65244,418,445,3,1461865764
65245,418,447,0,1461868092
65246,418,1146,4,1461868100
65247,418,1829,3,1461865599
65248,418,1125,5,1461866001
65249,418,754,5,1461865574
65250,418,759,2,1461865948
65251,418,764,4,1461868033
65252,418,765,5,1461865702
65253,418,2047,5,1461866060
65254,418,1215,5,1461869148
65255,418,772,3,1461865596
65256,418,775,5,1461865570
65257,418,1047,4,1461865590
65258,418,1130,5,1461865991
65259,418,780,5,1461867969
65260,418,1237,2,1461868147
65261,418,1898,0,1461868232
65262,418,1256,4,1461866054
65263,418,2519,3,1461865751
65264,418,1912,0,1461868109
65265,418,1283,0,1461868143
65266,418,1916,4,1461868750
65267,418,1290,3,1461868134
65268,418,918,3,1461867976
65269,418,243,4,1461865943
65270,418,245,4,1461865567
65271,418,1153,4,1461867914
65272,418,935,4,1461867893
65273,418,1066,3,1461868045
65274,418,2528,0,1461868253
65275,418,1939,4,1461867958
65276,418,1330,4,1461869018
65277,418,1067,0,1461868153
65278,418,7667,4,1461865780
65279,418,1068,4,1461868113
65280,418,2412,4,1461869719
65281,418,1343,4,1461868084
65282,418,2133,5,1461868255
65283,418,1348,4,1461868106
65284,418,957,4,1461869083
65285,418,1354,4,1461868128
65286,418,959,3,1461865760
65287,418,4215,4,1461865850
65288,418,1991,0,1461867797
65289,418,1077,4,1461867890
65290,418,1362,4,1461865711
65291,418,1364,4,1461868753
65292,418,6535,4,1461867780
65293,418,969,0,1461867802
65294,418,2741,4,1461867778
65295,418,2742,4,1461865604
65296,418,4823,4,1461865635
65297,419,487,3,1321659128
65298,419,4,4,1321659049
65299,419,5,4,1321854706
65300,419,519,4,1321757450
65301,419,8,4,1321659432
65302,419,1094,4,1321659216
65303,419,2070,4,1321853539
65304,419,14,3,1350347590
65305,419,581,0,1318337802
65306,419,585,1,1321659222
65307,419,588,4,1321659161
65308,419,17,5,1321659004
65309,419,233,5,1321647647
65310,419,309,5,1350344659
65311,419,604,0,1362867515
65312,419,21,4,1322381659
65313,419,622,4,1321659041
65314,419,27,3,1322379808
65315,419,652,4,1318337928
65316,419,29,5,1321659029
65317,419,35,3,1321659439
65318,419,39,1,1318337777
65319,419,40,2,1318337796
65320,419,1160,5,1321659315
65321,419,43,4,1321659017
65322,419,1028,5,1321659074
65323,419,1135,4,1321659154
65324,419,61,0,1321659148
65325,419,63,5,1321854719
65326,419,64,4,1321766180
65327,419,66,0,1321659113
65328,419,72,4,1322336862
65329,419,73,3,1321854974
65330,419,75,4,1321659212
65331,419,1137,4,1321659193
65332,419,79,4,1321757413
65333,419,82,3,1321659123
65334,419,2145,4,1321855025
65335,419,2903,4,1318337879
65336,419,1476,4,1321757486
65337,419,7668,3,1321853469
65338,419,101,3,1367706583
65339,419,234,3,1321659187
65340,419,996,4,1318337757
65341,419,731,5,1321659313
65342,419,122,5,1321647749
65343,419,148,4,1321757403
65344,419,1176,2,1318337952
65345,419,163,4,1321757444
65346,419,166,4,1321659352
65347,419,167,4,1321659031
65348,419,171,2,1350345029
65349,419,1003,3,1318337815
65350,419,180,5,1350345033
65351,419,1179,4,1321659304
65352,419,1643,4,1321658804
65353,419,1646,4,1322305113
65354,419,402,4,1321659084
65355,419,7669,3,1318338113
65356,419,185,4,1322305038
65357,419,193,5,1321659097
65358,419,5129,3,1318337891
65359,419,204,4,1321757440
65360,419,2511,4,1321647768
65361,419,737,2,1322305216
65362,419,1041,4,1322001990
65363,419,220,4,1321659132
65364,419,1757,3,1350347574
65365,419,1016,4,1328498532
65366,419,1795,4,1350347818
65367,419,1019,3,1318337838
65368,419,1802,2,1318337978
65369,419,1043,4,1321647792
65370,419,7670,1,1321647670
65371,419,445,3,1328241901
65372,419,1191,4,1321659346
65373,419,746,4,1321647740
65374,419,3315,3,1321853430
65375,419,4158,2,1318338202
65376,419,1195,4,1350347650
65377,419,1125,4,1322336739
65378,419,2695,4,1328413143
65379,419,755,3,1321757429
65380,419,2220,4,1321757697
65381,419,2222,2,1332622116
65382,419,1198,4,1321757727
65383,419,1199,3,1321757762
65384,419,3746,0,1318338210
65385,419,762,4,1318338423
65386,419,2228,3,1318338293
65387,419,1202,4,1321766432
65388,419,857,2,1328241999
65389,419,3069,3,1321658826
65390,419,4973,3,1328318734
65391,419,1207,3,1350347503
65392,419,769,4,1367706592
65393,419,1209,3,1350347461
65394,419,1046,3,1321757768
65395,419,2964,3,1321658830
65396,419,3142,5,1321757756
65397,419,3342,4,1321757744
65398,419,886,4,1328318799
65399,419,1226,4,1322305180
65400,419,2048,5,1322001740
65401,419,2262,1,1328482514
65402,419,2049,4,1321766427
65403,419,1227,4,1350347669
65404,419,1049,4,1322305416
65405,419,7671,5,1322336918
65406,419,6260,4,1322305104
65407,419,2051,4,1321854960
65408,419,807,2,1322336850
65409,419,810,5,1351542077
65410,419,812,3,1322305407
65411,419,813,4,1322333293
65412,419,5542,4,1321853371
65413,419,2054,4,1328241979
65414,419,5684,3,1321658835
65415,419,237,3,1350347686
65416,419,2055,4,1350347696
65417,419,1052,5,1322336697
65418,419,7672,4,1321659360
65419,419,2986,3,1350347682
65420,419,2725,3,1321766438
65421,419,1275,4,1321659364
65422,419,1054,3,1318338440
65423,419,2129,4,1322305212
65424,419,4525,3,1350347689
65425,419,239,3,1351542179
65426,419,240,4,1350347673
65427,419,1289,5,1321853498
65428,419,1058,4,1328242004
65429,419,914,3,1350347554
65430,419,3156,5,1321766218
65431,419,241,3,1328242008
65432,419,7673,5,1328241818
65433,419,6798,5,1321854714
65434,419,3464,4,1322001769
65435,419,6300,4,1321581146
65436,419,5630,4,1321891717
65437,419,291,4,1322305172
65438,419,7159,4,1321658723
65439,419,1316,3,1350347692
65440,419,7674,3,1321854992
65441,419,3625,5,1321581149
65442,419,2816,1,1321658630
65443,419,7675,3,1372975414
65444,419,7676,5,1321854735
65445,419,7677,4,1321853700
65446,419,7678,5,1372972779
65447,419,3495,4,1350344142
65448,419,2830,1,1367466478
65449,419,7679,5,1372972768
65450,419,1343,5,1362867266
65451,419,2411,5,1362867270
65452,420,1,4,1218207191
65453,420,293,3,1218047864
65454,420,4699,4,1218036406
65455,420,17,4,1218041106
65456,420,233,4,1218206937
65457,420,21,4,1218041499
65458,420,472,4,1218207296
65459,420,27,3,1218041865
65460,420,29,4,1218041177
65461,420,1095,3,1218041713
65462,420,323,4,1218041992
65463,420,723,4,1218041771
65464,420,331,5,1218040266
65465,420,335,5,1218040269
65466,420,46,3,1218041914
65467,420,724,4,1218207758
65468,420,62,4,1218206961
65469,420,3699,4,1229802733
65470,420,3700,4,1229802731
65471,420,68,5,1218040275
65472,420,7251,3,1218206918
65473,420,2075,4,1229802744
65474,420,1102,4,1218040990
65475,420,352,4,1218037390
65476,420,72,4,1218036953
65477,420,73,3,1218041267
65478,420,86,3,1218041551
65479,420,1112,4,1218036912
65480,420,3016,4,1218040081
65481,420,99,4,1218207813
65482,420,1031,3,1218207462
65483,420,102,3,1218207686
65484,420,988,4,1218207717
65485,420,115,3,1218040907
65486,420,1171,3,1218039841
65487,420,1556,3,1218036709
65488,420,142,3,1218207531
65489,420,388,4,1218039981
65490,420,2152,3,1218036314
65491,420,1596,4,1218039716
65492,420,148,4,1218037116
65493,420,167,4,1218041491
65494,420,171,3,1218207873
65495,420,178,5,1218040271
65496,420,400,4,1218207254
65497,420,180,3,1218207549
65498,420,181,3,1218207194
65499,420,1646,3,1218039790
65500,420,402,4,1218041543
65501,420,4908,4,1218036394
65502,420,185,4,1218037104
65503,420,193,4,1218207178
65504,420,1183,4,1218206931
65505,420,204,4,1219666551
65506,420,1787,4,1218036683
65507,420,416,3,1218207883
65508,420,3551,4,1218041883
65509,420,737,3,1218039644
65510,420,1186,3,1218041896
65511,420,1723,4,1218036677
65512,420,1733,3,1218036317
65513,420,7082,3,1218036399
65514,420,6458,4,1218036938
65515,420,1756,3,1218036280
65516,420,229,4,1218207156
65517,420,2935,4,1218207004
65518,420,4493,3,1218039768
65519,420,745,4,1218041586
65520,420,451,4,1218037408
65521,420,1195,4,1218037000
65522,420,1125,4,1218037057
65523,420,752,3,1218207284
65524,420,1126,3,1218207556
65525,420,754,4,1218041503
65526,420,2697,2,1218039750
65527,420,3251,3,1218039660
65528,420,757,3,1218207198
65529,420,1201,4,1218037441
65530,420,1202,4,1218207425
65531,420,6038,3,1218037595
65532,420,856,4,1218039882
65533,420,765,4,1218041507
65534,420,3141,4,1218041309
65535,420,7680,3,1218207054
65536,420,1207,3,1218039698
65537,420,768,3,1218207206
65538,420,771,4,1218207173
65539,420,3336,3,1218221632
65540,420,1215,4,1218206957
65541,420,1148,4,1218037206
65542,420,235,4,1218037183
65543,420,773,3,1218207495
65544,420,3195,4,1218217806
65545,420,3142,3,1218221583
65546,420,1218,4,1218207430
65547,420,775,4,1218041554
65548,420,2405,4,1218036476
65549,420,1130,4,1218037135
65550,420,1222,3,1218207129
65551,420,1048,3,1218037187
65552,420,886,3,1218207066
65553,420,2783,4,1218041242
65554,420,7681,4,1218037243
65555,420,779,3,1218207203
65556,420,2048,4,1218207751
65557,420,7682,4,1218207680
65558,420,2049,4,1218207682
65559,420,1227,3,1218036980
65560,420,2266,3,1218221590
65561,420,7683,4,1229631220
65562,420,2051,4,1218221435
65563,420,807,4,1218207220
65564,420,1239,4,1218047876
65565,420,5286,4,1218036827
65566,420,4313,3,1218036580
65567,420,2300,3,1218217812
65568,420,7205,4,1218041110
65569,420,1251,4,1218042036
65570,420,1253,4,1218206968
65571,420,2486,4,1218041944
65572,420,817,3,1218036707
65573,420,1256,4,1218207569
65574,420,237,3,1218037018
65575,420,1901,3,1218039956
65576,420,2316,3,1218207339
65577,420,1133,4,1218206945
65578,420,900,3,1218207704
65579,420,2986,3,1218039734
65580,420,1264,3,1218207818
65581,420,6280,3,1218039966
65582,420,3154,4,1218039919
65583,420,1270,3,1218207477
65584,420,903,3,1218295886
65585,420,3414,4,1218213347
65586,420,2987,4,1218221551
65587,420,3425,4,1218041723
65588,420,904,4,1218041955
65589,420,1276,4,1218221597
65590,420,1278,3,1223239926
65591,420,7684,1,1229631278
65592,420,3444,4,1229802566
65593,421,4699,4,1311494239
65594,421,233,5,1311494696
65595,421,29,5,1311494599
65596,421,35,5,1311494584
65597,421,333,4,1311495212
65598,421,2754,4,1311494146
65599,421,336,4,1311494770
65600,421,2395,5,1311494608
65601,421,1161,3,1311494083
65602,421,2415,4,1311494331
65603,421,4262,4,1311495271
65604,421,1102,4,1311494748
65605,421,1103,4,1311494717
65606,421,352,4,1311494567
65607,421,72,4,1311494926
65608,421,1104,4,1311495223
65609,421,865,5,1311494617
65610,421,2146,4,1311494656
65611,421,4146,3,1311494216
65612,421,3173,5,1311494957
65613,421,392,5,1311501622
65614,421,4147,3,1311494139
65615,421,161,3,1311494077
65616,421,185,5,1311494799
65617,421,3231,5,1311494939
65618,421,212,2,1311494275
65619,421,3064,3,1311494257
65620,421,1731,3,1311494468
65621,421,1794,3,1311494319
65622,421,278,4,1311494997
65623,421,744,4,1311494085
65624,421,1196,4,1311494456
65625,421,4284,4,1311495320
65626,421,2053,4,1311494152
65627,421,2131,0,1311494280
65628,421,914,4,1311494445
65629,421,935,4,1311495323
65630,422,1,4,986173307
65631,422,16,5,986173117
65632,422,233,5,986173278
65633,422,723,5,986173307
65634,422,690,2,986172013
65635,422,43,4,995235984
65636,422,1028,4,995235768
65637,422,1438,3,986173387
65638,422,333,3,989716114
65639,422,336,4,989715981
65640,422,831,5,986173215
65641,422,46,4,986173215
65642,422,3169,2,986173855
65643,422,1102,5,986173189
65644,422,75,5,986173244
65645,422,355,4,995235719
65646,422,1107,4,986173215
65647,422,85,4,986173367
65648,422,269,5,986173450
65649,422,359,4,986173244
65650,422,977,3,989716114
65651,422,2147,5,986173047
65652,422,104,4,986173215
65653,422,3718,3,995235677
65654,422,382,2,989715982
65655,422,2905,4,986172117
65656,422,4901,4,1010279817
65657,422,273,4,986172013
65658,422,5101,2,986173787
65659,422,1115,3,1010279706
65660,422,1627,3,986172053
65661,422,2581,1,989716081
65662,422,1002,3,1010279673
65663,422,2583,3,1010279752
65664,422,172,4,986172053
65665,422,7685,1,986172053
65666,422,7243,4,1010279707
65667,422,5578,3,1010279788
65668,422,1643,1,989715982
65669,422,1646,3,1010279462
65670,422,3296,5,986173307
65671,422,1653,4,986173117
65672,422,1654,2,1010279817
65673,422,2188,3,1010279788
65674,422,2189,3,995235719
65675,422,193,4,1010279539
65676,422,1672,2,989716014
65677,422,2157,4,986173413
65678,422,202,3,1010279623
65679,422,5772,4,995235768
65680,422,1786,3,1010279788
65681,422,416,3,986173759
65682,422,421,4,986173413
65683,422,1714,3,986172013
65684,422,7686,4,986173047
65685,422,3506,4,986173244
65686,422,223,4,986172053
65687,422,1017,2,989716151
65688,422,1764,2,986172215
65689,422,1765,2,989716044
65690,422,867,1,989716276
65691,422,429,4,989716206
65692,422,740,4,986173367
65693,422,6609,3,993688449
65694,422,1797,2,989716081
65695,422,2512,2,989716259
65696,422,7687,1,989715983
65697,422,3308,3,993688532
65698,422,2209,4,993688479
65699,422,1799,2,989716259
65700,422,1043,4,993688493
65701,422,2621,1,989716081
65702,422,5337,2,986172497
65703,422,4469,3,986172455
65704,422,4931,4,986172401
65705,422,7688,4,986172401
65706,422,3240,4,986172348
65707,422,2624,2,989716114
65708,422,2497,4,986172320
65709,422,7689,4,1004470123
65710,422,6006,4,1004470123
65711,422,4875,2,1004470090
65712,422,7288,4,1004470031
65713,422,6622,4,1004470004
65714,422,2123,4,1004469938
65715,422,6008,4,1007498098
65716,422,7690,3,1007498074
65717,422,7691,3,1007498024
65718,422,6012,3,1007498024
65719,422,2951,3,1007497925
65720,422,2770,4,1010279243
65721,422,5506,4,1010279174
65722,422,7692,3,1010279072
65723,423,519,3,1155285432
65724,423,8,4,1155285864
65725,423,464,5,1155285857
65726,423,17,4,1155285837
65727,423,233,5,1155285853
65728,423,21,5,1155285844
65729,423,635,4,1155285474
65730,423,26,4,1155285850
65731,423,27,5,1155285846
65732,423,479,5,1155285869
65733,423,1159,2,1155285454
65734,423,62,2,1155285428
65735,423,88,5,1155285541
65736,423,361,4,1155285445
65737,423,2751,1,1155285559
65738,423,1032,5,1155285477
65739,423,1141,4,1155285538
65740,423,145,4,1155285516
65741,423,738,3,1155285534
65742,423,1016,1,1155285617
65743,423,755,3,1155285591
65744,423,757,1,1155285552
65745,423,759,3,1155285483
65746,424,293,3,1457901858
65747,424,4,5,1457842442
65748,424,5,5,1457842255
65749,424,1094,4,1457902773
65750,424,525,3,1457844358
65751,424,2165,3,1457901610
65752,424,2070,4,1457901657
65753,424,13,3,1457844055
65754,424,585,4,1457846167
65755,424,589,4,1457845787
65756,424,17,4,1457842438
65757,424,233,3,1457842711
65758,424,472,4,1457845483
65759,424,23,3,1457844332
65760,424,28,2,1457844331
65761,424,30,3,1457846834
65762,424,479,2,1457844832
65763,424,35,4,1457842433
65764,424,37,3,1457900853
65765,424,675,5,1457843765
65766,424,1160,3,1457902209
65767,424,1028,3,1457845710
65768,424,63,3,1457844568
65769,424,65,4,1457902027
65770,424,2174,3,1457845548
65771,424,1102,4,1457843675
65772,424,1104,3,1457845211
65773,424,75,3,1457845744
65774,424,77,4,1457902433
65775,424,1137,2,1457845759
65776,424,1107,3,1457845195
65777,424,84,4,1457843515
65778,424,360,4,1457844030
65779,424,2558,4,1457846226
65780,424,271,1,1457902143
65781,424,1476,3,1457902023
65782,424,2087,4,1457902102
65783,424,365,3,1457843905
65784,424,106,4,1457845231
65785,424,729,3,1457844347
65786,424,234,4,1457844960
65787,424,1169,3,1457844586
65788,424,730,3,1457844053
65789,424,113,4,1457902112
65790,424,2091,3,1457844157
65791,424,1536,3,1457901918
65792,424,379,3,1457846495
65793,424,382,3,1457844042
65794,424,384,3,1457901991
65795,424,2040,4,1457843272
65796,424,142,4,1457844369
65797,424,273,3,1457901986
65798,424,147,4,1457902589
65799,424,5745,3,1457846694
65800,424,148,4,1457843719
65801,424,159,5,1457902376
65802,424,163,4,1457843975
65803,424,2580,3,1457902188
65804,424,167,2,1457842880
65805,424,180,5,1457844382
65806,424,1643,4,1457902048
65807,424,402,2,1457843812
65808,424,183,3,1457844372
65809,424,1653,3,1457844018
65810,424,185,2,1457845777
65811,424,1180,3,1457843981
65812,424,193,4,1457843533
65813,424,206,5,1457845011
65814,424,2599,3,1457845982
65815,424,2602,4,1457902620
65816,424,1039,3,1457846270
65817,424,1041,3,1457845978
65818,424,4274,1,1457846601
65819,424,430,3,1457844164
65820,424,1797,4,1457846475
65821,424,278,3,1457845974
65822,424,445,4,1457843531
65823,424,2212,4,1457902139
65824,424,4495,2,1457902134
65825,424,1191,3,1457900953
65826,424,5138,4,1457901647
65827,424,1044,3,1457901972
65828,424,1195,3,1457846937
65829,424,6503,3,1457846708
65830,424,1829,3,1457902043
65831,424,1845,5,1457902007
65832,424,1203,4,1457843885
65833,424,3189,4,1457846063
65834,424,5210,1,1457846610
65835,424,5809,4,1457902361
65836,424,2958,4,1457901999
65837,424,1148,4,1457843834
65838,424,235,3,1457844578
65839,424,4286,4,1457902058
65840,424,1048,3,1457844583
65841,424,1227,4,1457846526
65842,424,786,4,1457843894
65843,424,1230,4,1457842871
65844,424,3211,3,1457901562
65845,424,1132,2,1457843819
65846,424,1891,3,1457846561
65847,424,807,3,1457844589
65848,424,6266,4,1457902348
65849,424,1246,4,1457902595
65850,424,2297,4,1457846430
65851,424,1251,3,1457901344
65852,424,1897,3,1457843932
65853,424,238,4,1457843150
65854,424,1052,3,1457843023
65855,424,1262,3,1457901982
65856,424,5963,3,1457923219
65857,424,2058,4,1457844035
65858,424,239,3,1457842943
65859,424,240,4,1457846119
65860,424,2066,4,1457844454
65861,424,241,4,1457844571
65862,424,1297,3,1457844138
65863,424,4535,2,1457846666
65864,424,243,5,1457843075
65865,424,3622,3,1457902118
65866,424,245,2,1457844887
65867,424,1928,3,1457846641
65868,424,1933,3,1457845648
65869,424,6555,2,1457902071
65870,424,251,3,1457843837
65871,424,252,4,1457844575
65872,424,1348,1,1457845605
65873,424,4363,4,1457902125
65874,424,1352,5,1457846344
65875,424,1970,3,1457845952
65876,424,2736,4,1457845909
65877,424,253,4,1457844025
65878,424,3105,3,1457846633
65879,424,2737,3,1457902087
65880,424,4735,4,1457843209
65881,424,1077,1,1457845179
65882,424,257,4,1477010019
65883,424,7693,5,1457844263
65884,425,482,3,1085477682
65885,425,3,4,1085477536
65886,425,487,3,1085477406
65887,425,293,4,1085477320
65888,425,461,3,1114173653
65889,425,462,3,1085477524
65890,425,4,4,1085477391
65891,425,5,4,1085477355
65892,425,296,3,1085490369
65893,425,6,4,1085490625
65894,425,516,2,1085477510
65895,425,520,3,1085476661
65896,425,8,4,1085477194
65897,425,525,4,1085477484
65898,425,526,3,1085490786
65899,425,464,3,1085477188
65900,425,529,4,1114173449
65901,425,530,3,1085477763
65902,425,531,3,1085477450
65903,425,532,3,1085477334
65904,425,1027,3,1085490456
65905,425,538,3,1114173422
65906,425,545,3,1085490386
65907,425,550,4,1114173719
65908,425,14,3,1085477427
65909,425,466,4,1114173704
65910,425,16,3,1085477202
65911,425,578,3,1085490918
65912,425,588,3,1085477419
65913,425,589,5,1114174063
65914,425,17,4,1085477156
65915,425,18,3,1085477351
65916,425,233,5,1085477209
65917,425,604,4,1085477787
65918,425,605,3,1085477500
65919,425,471,3,1085477337
65920,425,311,3,1085476656
65921,425,21,5,1085477166
65922,425,472,3,1085477386
65923,425,23,2,1085477446
65924,425,315,3,1085477749
65925,425,622,3,1085477328
65926,425,473,2,1085477219
65927,425,2167,4,1085492489
65928,425,1156,3,1085491136
65929,425,634,2,1085477454
65930,425,25,3,1106482859
65931,425,1157,3,1085477745
65932,425,26,3,1114173628
65933,425,644,3,1085490860
65934,425,27,3,1085477172
65935,425,648,3,1085490493
65936,425,654,3,1085477845
65937,425,28,3,1085477431
65938,425,320,3,1085477659
65939,425,29,4,1085477314
65940,425,31,3,1085490527
65941,425,828,2,1085477576
65942,425,323,3,1085477310
65943,425,479,3,1085477224
65944,425,33,4,1085477182
65945,425,34,3,1085477178
65946,425,35,4,1085477160
65947,425,481,3,1085477415
65948,425,37,2,1085477324
65949,425,38,3,1085477348
65950,425,1426,3,1085491014
65951,425,41,4,1085477399
65952,425,42,2,1085477359
65953,425,2073,2,1106482697
65954,425,723,3,1085477840
65955,425,690,2,1085476645
65956,425,1160,5,1114174049
65957,425,43,3,1085477305
65958,425,2556,4,1114173387
65959,425,1026,2,1085490422
65960,425,1430,3,1085476634
65961,425,2427,3,1085477688
65962,425,1431,3,1114173806
65963,425,1028,3,1085477411
65964,425,3006,3,1114173358
65965,425,1161,4,1114173348
65966,425,2446,4,1106483371
65967,425,1135,3,1085477594
65968,425,1449,3,1085490872
65969,425,720,4,1114173331
65970,425,343,4,1085477719
65971,425,62,3,1085490382
65972,425,63,3,1085477821
65973,425,66,3,1085477461
65974,425,68,3,1085477611
65975,425,1100,3,1085490686
65976,425,349,3,1085477729
65977,425,69,3,1085477383
65978,425,71,4,1085477395
65979,425,1029,3,1085477630
65980,425,72,3,1085477836
65981,425,74,3,1085477285
65982,425,76,4,1085477582
65983,425,1452,3,1085476678
65984,425,3221,4,1106483386
65985,425,1137,3,1085477639
65986,425,79,4,1085490371
65987,425,82,3,1085477562
65988,425,726,4,1085490407
65989,425,2083,4,1085491023
65990,425,356,4,1085477741
65991,425,87,4,1085490790
65992,425,90,4,1085477620
65993,425,2751,4,1085490710
65994,425,1463,3,1114173335
65995,425,994,4,1085490933
65996,425,2147,3,1085477711
65997,425,362,4,1114172999
65998,425,2420,3,1085477649
65999,425,1476,3,1085490364
66000,425,364,4,1085491007
66001,425,98,2,1085490440
66002,425,99,3,1085490360
66003,425,1031,4,1106483398
66004,425,1168,2,1085476552
66005,425,100,4,1085490691
66006,425,1493,3,1114173296
66007,425,101,3,1085490325
66008,425,102,3,1085477551
66009,425,4667,3,1114173301
66010,425,1007,3,1114173291
66011,425,984,3,1085490437
66012,425,728,3,1085477809
66013,425,104,3,1114173732
66014,425,106,4,1085490749
66015,425,366,3,1085490338
66016,425,1501,4,1085490827
66017,425,1032,4,1085490467
66018,425,108,3,1085490475
66019,425,1114,3,1114173285
66020,425,729,3,1085492471
66021,425,1510,3,1085490902
66022,425,234,4,1085477714
66023,425,988,3,1085477546
66024,425,1169,3,1085490987
66025,425,1515,3,1085490812
66026,425,730,3,1085477798
66027,425,2399,4,1114173276
66028,425,996,3,1085490753
66029,425,376,3,1106482769
66030,425,1033,3,1085490746
66031,425,731,3,1085490396
66032,425,379,3,1085477825
66033,425,116,3,1085490575
66034,425,1171,4,1085477707
66035,425,382,3,1085477725
66036,425,1034,3,1085476684
66037,425,1544,3,1085490963
66038,425,1777,2,1085476688
66039,425,837,3,1085490799
66040,425,122,4,1085477467
66041,425,126,2,1085490633
66042,425,1035,2,1085490670
66043,425,134,3,1085490951
66044,425,135,4,1085490470
66045,425,1575,3,1085490960
66046,425,2184,4,1114173262
66047,425,273,3,1106482702
66048,425,147,3,1085478009
66049,425,148,4,1085492359
66050,425,1599,4,1114173246
66051,425,150,3,1085490697
66052,425,1601,3,1085477815
66053,425,1610,3,1085490839
66054,425,4492,4,1114173226
66055,425,160,3,1085490830
66056,425,163,4,1085490739
66057,425,165,3,1085490648
66058,425,167,3,1085477519
66059,425,4154,4,1114173199
66060,425,171,3,1085476615
66061,425,172,3,1085477571
66062,425,173,2,1085476597
66063,425,178,3,1085490662
66064,425,400,3,1085477779
66065,425,179,4,1085490598
66066,425,734,3,1085491019
66067,425,1643,3,1085478001
66068,425,181,2,1085477634
66069,425,1646,4,1114173230
66070,425,402,3,1085477566
66071,425,185,3,1085477422
66072,425,2593,3,1085490802
66073,425,188,3,1085477783
66074,425,1180,3,1085478005
66075,425,193,4,1085492394
66076,425,194,3,1085490584
66077,425,198,3,1085477696
66078,425,2191,4,1085491713
66079,425,201,3,1085490843
66080,425,1183,4,1106483092
66081,425,736,3,1085490334
66082,425,204,4,1106483058
66083,425,206,4,1085477996
66084,425,209,3,1085490847
66085,425,1185,4,1085492408
66086,425,422,3,1085476542
66087,425,1717,4,1085490779
66088,425,423,3,1085476610
66089,425,1040,3,1085492500
66090,425,219,3,1085490777
66091,425,220,4,1106483355
66092,425,738,3,1085490765
66093,425,1747,3,1085491483
66094,425,429,4,1085490536
66095,425,740,3,1085492445
66096,425,1797,3,1085490893
66097,425,741,3,1085490856
66098,425,5334,4,1106483588
66099,425,742,3,1085490940
66100,425,432,3,1085490356
66101,425,1022,4,1085492410
66102,425,1804,4,1085492502
66103,425,1043,3,1085476629
66104,425,437,4,1085490730
66105,425,439,4,1114173158
66106,425,440,4,1085490756
66107,425,1023,4,1114173149
66108,425,445,3,1085476666
66109,425,745,4,1085476559
66110,425,1044,3,1085491101
66111,425,752,4,1085492374
66112,425,458,3,1106482521
66113,425,1831,4,1085491133
66114,425,753,4,1085492400
66115,425,460,4,1114173541
66116,425,1126,4,1163190819
66117,425,754,4,1085490522
66118,425,755,4,1085492438
66119,425,1836,3,1117290442
66120,425,1840,4,1114173114
66121,425,1842,3,1114173121
66122,425,757,3,1106482551
66123,425,1199,4,1085492450
66124,425,3328,3,1114173135
66125,425,759,4,1085492413
66126,425,2703,3,1117290437
66127,425,1849,4,1106483532
66128,425,1203,4,1106483583
66129,425,764,3,1106482514
66130,425,765,4,1085490982
66131,425,766,3,1085491094
66132,425,1147,4,1163190805
66133,425,1854,3,1106482953
66134,425,1208,4,1163190850
66135,425,2958,4,1106483560
66136,425,768,3,1085492355
66137,425,876,4,1085492381
66138,425,1210,3,1106483110
66139,425,771,3,1085492366
66140,425,3662,3,1114173461
66141,425,3333,3,1106482937
66142,425,3259,4,1106482905
66143,425,3668,2,1085491352
66144,425,2239,3,1085492434
66145,425,772,3,1085491349
66146,425,235,3,1085492398
66147,425,773,4,1114173110
66148,425,878,3,1114173131
66149,425,2244,3,1085491356
66150,425,3261,4,1114173488
66151,425,2251,3,1106482663
66152,425,774,3,1085492364
66153,425,1218,3,1114173140
66154,425,775,4,1085492350
66155,425,2969,2,1114173480
66156,425,1130,3,1106482657
66157,425,1048,4,1106483063
66158,425,886,3,1085491281
66159,425,779,4,1106482637
66160,425,1226,3,1114173426
66161,425,780,3,1106482519
66162,425,2753,4,1106482928
66163,425,781,2,1106482976
66164,425,782,3,1106482888
66165,425,4892,3,1106482949
66166,425,1049,3,1106482761
66167,425,786,3,1106482923
66168,425,236,3,1106482650
66169,425,3351,4,1106482713
66170,425,795,4,1112288582
66171,425,797,4,1117290402
66172,425,891,4,1163190822
66173,425,808,4,1130013501
66174,425,2286,3,1130013422
66175,425,1240,3,1142083380
66176,425,895,4,1130013474
66177,425,4994,4,1142083330
66178,425,5934,4,1163289050
66179,425,2304,4,1281318032
66180,425,1896,3,1163186225
66181,425,3383,3,1163186190
66182,425,5943,3,1163191747
66183,425,818,3,1163186209
66184,425,2311,4,1163190781
66185,425,1271,3,1281318015
66186,425,1305,4,1281209190
66187,425,6720,3,1281209615
66188,425,1312,3,1273951155
66189,425,245,4,1281209161
66190,426,482,4,1451080838
66191,426,260,5,1451080848
66192,426,4,0,1451081886
66193,426,464,3,1451081002
66194,426,17,3,1451081883
66195,426,233,3,1451080785
66196,426,604,4,1451081076
66197,426,605,5,1451081021
66198,426,21,5,1451080995
66199,426,472,5,1451080787
66200,426,2426,5,1451081135
66201,426,27,4,1451081008
66202,426,28,5,1451080812
66203,426,322,4,1451082076
66204,426,671,2,1451082176
66205,426,323,4,1451187583
66206,426,324,4,1451187515
66207,426,481,4,1451187695
66208,426,1775,5,1451187517
66209,426,70,5,1451080688
66210,426,1479,5,1451081087
66211,426,1500,0,1451081917
66212,426,1606,3,1451082122
66213,426,274,4,1451082040
66214,426,183,4,1451082059
66215,426,208,4,1451082194
66216,426,418,4,1451082080
66217,426,422,5,1451081206
66218,426,1187,4,1451081732
66219,426,229,4,1451081719
66220,426,430,2,1451081803
66221,426,2715,2,1451081419
66222,426,432,4,1451081714
66223,426,1043,3,1451081196
66224,426,1805,3,1451081815
66225,426,437,2,1451081142
66226,426,445,2,1451081186
66227,426,745,4,1451081180
66228,426,1814,0,1451080438
66229,426,1195,2,1451081852
66230,426,752,5,1451081183
66231,426,458,5,1451080614
66232,426,754,1,1451081174
66233,426,755,4,1451081192
66234,426,1835,3,1451080503
66235,426,1198,1,1451081361
66236,426,3328,5,1451080461
66237,426,764,5,1451080268
66238,426,765,2,1451080988
66239,426,766,4,1451080799
66240,426,1209,3,1451081261
66241,426,876,5,1451080749
66242,426,1210,2,1451080322
66243,426,3662,4,1451080526
66244,426,879,3,1451080518
66245,426,775,2,1451080986
66246,426,1130,3,1451080832
66247,426,779,3,1451080290
66248,426,1226,3,1451080368
66249,426,780,5,1451080270
66250,426,887,3,1451187540
66251,426,888,3,1451081499
66252,426,5098,4,1451082214
66253,426,1049,2,1451080311
66254,426,795,5,1451080652
66255,426,1237,3,1451081030
66256,426,1242,5,1451081290
66257,426,1246,2,1451081475
66258,426,1894,5,1451080625
66259,426,818,4,1451081487
66260,426,1053,3,1451080765
66261,426,2519,4,1451080620
66262,426,1270,3,1451081393
66263,426,2059,2,1451080905
66264,426,904,4,1451081236
66265,426,1283,2,1451081409
66266,426,1056,3,1451081210
66267,426,1916,2,1451081239
66268,426,1292,4,1451080914
66269,426,916,2,1451080759
66270,426,918,5,1451080617
66271,426,1922,5,1451080601
66272,426,932,5,1451080764
66273,426,1934,5,1451080618
66274,426,1939,4,1451080618
66275,426,943,4,1451080582
66276,426,7694,3,1451082107
66277,426,3491,2,1451080935
66278,427,491,4,1053068794
66279,427,296,2,1053071377
66280,427,8,4,1053071562
66281,427,9,3,1053068904
66282,427,17,4,1053071490
66283,427,973,2,1053068826
66284,427,635,3,1053068798
66285,427,654,2,1053071444
66286,427,1158,4,1053071518
66287,427,337,4,1053068809
66288,427,73,5,1053068859
66289,427,865,3,1053068876
66290,427,361,4,1053068870
66291,427,1475,5,1053068898
66292,427,1031,3,1053068805
66293,427,727,3,1053068802
66294,427,730,3,1053068853
66295,427,384,4,1053071620
66296,427,148,4,1053071696
66297,427,1601,2,1053068867
66298,427,400,2,1053068832
66299,427,1643,1,1053068862
66300,427,220,4,1053068873
66301,427,445,5,1053071540
66302,427,751,3,1053071186
66303,427,2950,1,1053071190
66304,427,3615,2,1053071205
66305,427,458,2,1053071156
66306,427,2695,3,1053071096
66307,427,753,4,1053071078
66308,427,2717,4,1053071086
66309,427,754,4,1053071048
66310,427,755,4,1053071051
66311,427,2219,2,1053071036
66312,427,2220,4,1053071014
66313,427,1835,3,1053071029
66314,427,1836,3,1053071021
66315,427,2953,3,1053070977
66316,427,2124,3,1053070928
66317,427,3645,3,1053070942
66318,427,7509,4,1053070913
66319,427,4956,3,1053070855
66320,427,2718,3,1053070842
66321,427,6215,4,1053071316
66322,427,2697,2,1053070768
66323,427,1881,2,1053070693
66324,427,1840,2,1053070658
66325,427,1198,3,1053070638
66326,427,2699,3,1053070605
66327,427,4108,4,1053070577
66328,427,1842,3,1053070583
66329,427,2701,2,1053070561
66330,427,2499,3,1053070552
66331,427,5377,1,1053070526
66332,427,5378,4,1053070498
66333,427,757,3,1053070478
66334,427,1844,4,1053070461
66335,427,758,3,1053070438
66336,427,1845,3,1053070403
66337,427,3327,2,1053070387
66338,427,1199,4,1053070350
66339,427,4172,1,1053070371
66340,427,5381,4,1053070344
66341,427,759,3,1053070303
66342,427,2477,3,1053070316
66343,427,760,2,1053070277
66344,427,1847,3,1053070285
66345,427,761,4,1053070266
66346,427,4964,3,1053070199
66347,427,2703,4,1053070155
66348,427,1200,2,1053071341
66349,427,871,2,1053070026
66350,427,5284,2,1053069987
66351,427,6637,3,1053069946
66352,427,1851,3,1053069848
66353,427,2772,3,1053069816
66354,427,764,2,1053069801
66355,427,765,4,1053069669
66356,427,7695,1,1053069556
66357,427,7551,3,1053069476
66358,427,285,2,1053069302
66359,427,7696,1,1053069109
66360,427,7697,0,1053069103
66361,427,7566,1,1053069100
66362,428,5018,2,1111524871
66363,428,493,1,1111523373
66364,428,494,2,1111487500
66365,428,972,2,1111623964
66366,428,2664,3,1111524882
66367,428,6,3,1111524672
66368,428,516,2,1111524678
66369,428,519,3,1111623768
66370,428,8,2,1111523269
66371,428,526,2,1111487542
66372,428,464,2,1111489662
66373,428,530,1,1111523942
66374,428,11,3,1111487458
66375,428,532,1,1111489756
66376,428,533,2,1111524686
66377,428,5288,0,1111489924
66378,428,1405,3,1111489264
66379,428,538,4,1111487767
66380,428,550,2,1111523337
66381,428,12,3,1111623970
66382,428,13,4,1111487769
66383,428,14,2,1111623767
66384,428,466,4,1111489812
66385,428,571,2,1111524851
66386,428,16,3,1111523276
66387,428,17,4,1111487740
66388,428,598,1,1111623445
66389,428,604,3,1111523315
66390,428,471,0,1111489749
66391,428,611,4,1111489838
66392,428,21,3,1111489633
66393,428,622,2,1111525992
66394,428,473,2,1111489635
66395,428,640,1,1111523600
66396,428,27,2,1111623775
66397,428,653,2,1111623431
66398,428,28,1,1111623234
66399,428,3220,1,1111523576
66400,428,1095,3,1111524640
66401,428,30,0,1111487453
66402,428,1420,4,1111524154
66403,428,828,2,1111523334
66404,428,323,2,1111623145
66405,428,479,2,1111489768
66406,428,33,2,1111623386
66407,428,34,3,1111524337
66408,428,35,2,1111489562
66409,428,677,1,1111523573
66410,428,38,2,1111524347
66411,428,1159,2,1111489234
66412,428,39,3,1111525117
66413,428,688,2,1111524858
66414,428,1426,3,1111523565
66415,428,2073,4,1111488234
66416,428,1097,2,1111487578
66417,428,2996,3,1111524848
66418,428,690,1,1111523327
66419,428,43,3,1111489231
66420,428,1026,2,1111623236
66421,428,2427,3,1111524339
66422,428,697,3,1111523323
66423,428,45,3,1111525120
66424,428,1161,2,1111623927
66425,428,61,3,1111524246
66426,428,63,4,1111488213
66427,428,66,1,1111489772
66428,428,725,2,1111623184
66429,428,2174,3,1111523582
66430,428,67,2,1111523266
66431,428,68,3,1111488173
66432,428,1100,3,1111487517
66433,428,69,3,1111525113
66434,428,1029,3,1111488423
66435,428,72,4,1111487889
66436,428,73,3,1111623185
66437,428,74,3,1111623640
66438,428,76,3,1111488414
66439,428,79,3,1111488452
66440,428,82,2,1111524341
66441,428,2084,4,1111488959
66442,428,90,3,1111523944
66443,428,2751,2,1111487532
66444,428,1461,3,1111523542
66445,428,93,1,1111623195
66446,428,1474,2,1111524530
66447,428,362,0,1111623777
66448,428,1484,3,1111523517
66449,428,98,3,1111487432
66450,428,1031,4,1111623379
66451,428,1168,2,1111523279
66452,428,100,1,1111623190
66453,428,102,1,1111525503
66454,428,103,2,1111524524
66455,428,1497,3,1111524014
66456,428,365,2,1111623396
66457,428,984,3,1111623930
66458,428,1009,5,1111487474
66459,428,366,3,1111524312
66460,428,1501,3,1111623203
66461,428,1032,3,1111623123
66462,428,1505,3,1111525427
66463,428,108,3,1111489700
66464,428,729,3,1111489705
66465,428,1510,3,1111488420
66466,428,988,1,1111623138
66467,428,1516,4,1111488945
66468,428,1518,2,1111524482
66469,428,1524,1,1111623855
66470,428,376,2,1111523978
66471,428,1033,2,1111523259
66472,428,1534,1,1111524477
66473,428,731,2,1111488871
66474,428,991,2,1111524491
66475,428,116,2,1111523938
66476,428,2905,2,1111623841
66477,428,992,2,1111524489
66478,428,1545,2,1111525409
66479,428,3547,2,1111523535
66480,428,836,1,1111489754
66481,428,122,3,1111524302
66482,428,126,0,1111487500
66483,428,1560,2,1111525388
66484,428,135,3,1111525787
66485,428,137,3,1111524452
66486,428,1575,2,1111525677
66487,428,142,4,1111489238
66488,428,1141,4,1111525076
66489,428,1580,4,1111525383
66490,428,147,3,1111524448
66491,428,1593,2,1111525363
66492,428,148,3,1111487849
66493,428,3289,2,1111523494
66494,428,1599,2,1111623843
66495,428,1601,1,1111623771
66496,428,3640,0,1111525791
66497,428,1615,2,1111524741
66498,428,159,1,1111489596
66499,428,6386,1,1111489598
66500,428,160,2,1111489687
66501,428,3292,1,1111524419
66502,428,1627,2,1111524732
66503,428,3294,3,1111525335
66504,428,167,4,1111487912
66505,428,1002,2,1111525330
66506,428,171,2,1111487454
66507,428,172,3,1111489698
66508,428,1637,0,1111489929
66509,428,178,3,1111487492
66510,428,732,1,1111489708
66511,428,400,2,1111524238
66512,428,1640,1,1111524415
66513,428,180,3,1111489853
66514,428,1179,3,1111489691
66515,428,181,2,1111489693
66516,428,735,2,1111524426
66517,428,1117,3,1111489342
66518,428,402,3,1111489702
66519,428,404,3,1111489660
66520,428,1655,2,1111525305
66521,428,185,3,1111488882
66522,428,2593,3,1111489218
66523,428,188,3,1111489648
66524,428,190,3,1111523497
66525,428,192,3,1111524416
66526,428,1182,1,1111523475
66527,428,193,4,1111487765
66528,428,194,2,1111623130
66529,428,1118,2,1111488201
66530,428,199,2,1111523499
66531,428,201,4,1111487690
66532,428,1183,4,1111623811
66533,428,1121,2,1111525650
66534,428,416,2,1111489651
66535,428,206,3,1111487492
66536,428,208,1,1111523455
66537,428,2511,2,1111523444
66538,428,1011,3,1111489290
66539,428,842,2,1111523993
66540,428,213,0,1111489926
66541,428,1042,2,1111526044
66542,428,220,3,1111489640
66543,428,3042,2,1111525254
66544,428,738,1,1111623136
66545,428,1014,1,1111623813
66546,428,223,3,1111525261
66547,428,1871,3,1111523421
66548,428,1015,2,1111623521
66549,428,227,3,1111523432
66550,428,228,3,1111523975
66551,428,1756,2,1111523441
66552,428,1187,2,1111489228
66553,428,1016,3,1111487562
66554,428,1758,0,1111525924
66555,428,1188,2,1111489307
66556,428,229,2,1111523955
66557,428,4274,1,1111523727
66558,428,1018,1,1111623817
66559,428,867,1,1111489310
66560,428,1020,3,1111489296
66561,428,429,3,1111623819
66562,428,740,2,1111489023
66563,428,741,2,1111489658
66564,428,4493,3,1111525564
66565,428,742,3,1111489318
66566,428,432,4,1111525811
66567,428,4925,2,1111624193
66568,428,743,2,1111525236
66569,428,1043,2,1111489649
66570,428,1805,2,1111525242
66571,428,6205,2,1111525555
66572,428,3311,1,1111624999
66573,428,2622,2,1111624180
66574,428,744,3,1111623489
66575,428,4494,2,1111624186
66576,428,2940,3,1111524968
66577,428,1812,1,1111623482
66578,428,745,1,1111523957
66579,428,746,3,1111524703
66580,428,1817,2,1111525230
66581,428,1819,3,1111523990
66582,428,1146,3,1111489918
66583,428,1822,2,1111525236
66584,428,748,0,1111623484
66585,428,1880,3,1111489299
66586,428,1824,3,1111489171
66587,428,7498,4,1111524943
66588,428,1825,4,1111524707
66589,428,4104,3,1111488731
66590,428,1125,4,1111487805
66591,428,752,2,1111623134
66592,428,2513,2,1111489302
66593,428,458,3,1111524229
66594,428,4233,2,1111524955
66595,428,1126,4,1111524376
66596,428,754,3,1111487952
66597,428,2220,4,1111525179
66598,428,4498,3,1111624002
66599,428,2221,3,1111523661
66600,428,2124,3,1111489747
66601,428,7509,3,1111624951
66602,428,6504,2,1111489827
66603,428,2222,3,1111489477
66604,428,1881,3,1111524028
66605,428,1840,2,1111525675
66606,428,2699,3,1111523664
66607,428,757,3,1111489223
66608,428,870,3,1111489257
66609,428,758,3,1111623634
66610,428,4178,3,1111489906
66611,428,759,3,1111487560
66612,428,760,1,1111525181
66613,428,848,2,1111523368
66614,428,762,3,1111523983
66615,428,1848,0,1111524233
66616,428,2703,4,1111525693
66617,428,5870,3,1111523674
66618,428,1849,3,1111523402
66619,428,1202,4,1111488443
66620,428,3186,3,1111525979
66621,428,2772,2,1111524913
66622,428,764,2,1111525839
66623,428,3652,2,1111524895
66624,428,765,3,1111487925
66625,428,766,3,1111524670
66626,428,3616,3,1111525582
66627,428,3141,4,1111525855
66628,428,3189,4,1111523625
66629,428,4118,3,1111489915
66630,428,768,2,1111487948
66631,428,769,3,1111489458
66632,428,876,2,1111524666
66633,428,4505,0,1111525958
66634,428,1046,3,1111525627
66635,428,770,1,1111525707
66636,428,2235,2,1111623464
66637,428,771,2,1111489266
66638,428,7698,3,1111525878
66639,428,3259,4,1111523648
66640,428,3668,3,1111525561
66641,428,235,4,1111487711
66642,428,2964,1,1111489595
66643,428,1216,2,1111624600
66644,428,773,3,1111489460
66645,428,2245,4,1111523815
66646,428,774,3,1111525184
66647,428,775,3,1111487922
66648,428,1130,4,1111524224
66649,428,1048,4,1111487713
66650,428,4508,4,1111624523
66651,428,885,3,1111523630
66652,428,2120,4,1111489423
66653,428,782,3,1111489902
66654,428,783,3,1111523950
66655,428,3351,4,1111489113
66656,428,2265,4,1111488417
66657,428,3352,3,1111524030
66658,428,2266,4,1111487901
66659,428,1229,4,1111489517
66660,428,3357,3,1111525672
66661,428,3148,4,1111488785
66662,429,494,4,828124615
66663,429,1401,4,828124616
66664,429,503,4,828124616
66665,429,464,5,828124615
66666,429,9,4,828124616
66667,429,531,5,828124615
66668,429,3607,3,828124762
66669,429,532,4,828124615
66670,429,533,5,828124616
66671,429,5288,3,828124616
66672,429,540,5,828124616
66673,429,541,4,828124616
66674,429,544,4,828124616
66675,429,547,4,828124616
66676,429,549,5,828124616
66677,429,550,3,828124616
66678,429,555,4,828124615
66679,429,305,4,828124615
66680,429,558,4,828124615
66681,429,2546,3,828124615
66682,429,560,2,828124616
66683,429,561,4,828124616
66684,429,562,4,828124616
66685,429,569,5,828124616
66686,429,571,4,828124616
66687,429,572,4,828124616
66688,429,467,5,828124616
66689,429,468,4,828124616
66690,429,576,5,828124616
66691,429,579,4,828124616
66692,429,580,3,828124616
66693,429,582,3,828124616
66694,429,583,4,828124616
66695,429,584,4,828124616
66696,429,586,5,828124616
66697,429,588,5,828124616
66698,429,6161,3,828124616
66699,429,470,4,828124616
66700,429,597,4,828124616
66701,429,18,3,828124616
66702,429,598,5,828124616
66703,429,600,3,828124616
66704,429,605,5,828124616
66705,429,607,3,828124615
66706,429,20,3,828124615
66707,429,313,4,828124615
66708,429,473,5,828124616
66709,429,624,4,828124616
66710,429,1414,2,828124615
66711,429,2141,4,828124615
66712,429,633,3,828124615
66713,429,634,4,828124615
66714,429,644,3,828124615
66715,429,32,3,828124616
66716,429,323,5,828124615
66717,429,33,5,828124615
66718,429,34,5,828124615
66719,429,324,5,828124615
66720,430,461,3,963889406
66721,430,233,5,963889362
66722,430,600,3,965600256
66723,430,21,3,962936094
66724,430,975,5,962936094
66725,430,1028,4,1057518801
66726,430,46,5,963545726
66727,430,74,4,962936051
66728,430,1166,5,965600256
66729,430,271,2,965600256
66730,430,1469,4,965600256
66731,430,1470,2,965600256
66732,430,1167,4,965600256
66733,430,1114,5,963545638
66734,430,384,5,995828418
66735,430,998,2,962936051
66736,430,1597,4,963545609
66737,430,1601,2,962936366
66738,430,1607,3,965600256
66739,430,1609,5,962936613
66740,430,2471,5,963545212
66741,430,167,5,1057518732
66742,430,399,4,962936443
66743,430,1641,3,962936305
66744,430,402,5,962936613
66745,430,185,5,962936305
66746,430,195,4,962936094
66747,430,198,4,962936332
66748,430,5746,1,965600070
66749,430,1121,4,963545261
66750,430,2601,2,963545539
66751,430,422,3,962936443
66752,430,1733,4,963889169
66753,430,1756,4,963889119
66754,430,1187,4,963889054
66755,430,1758,3,963888437
66756,430,229,4,980441934
66757,430,434,4,987107944
66758,430,1043,2,980441496
66759,430,437,5,982793798
66760,430,440,5,994561753
66761,430,1807,3,982794263
66762,430,1811,3,987107905
66763,430,446,4,987107877
66764,430,745,4,995828286
66765,430,747,3,994561699
66766,430,1819,2,995828257
66767,430,868,3,995828215
66768,430,759,5,1058063775
66769,430,856,5,1057518639
66770,430,1207,3,1057519275
66771,430,768,4,1057519195
66772,430,769,4,1057518736
66773,430,1209,3,1057519268
66774,430,876,3,1057518681
66775,430,1883,4,1057519280
66776,430,1286,4,1236604484
66777,430,2066,3,1236604563
66778,431,528,1,1267051813
66779,431,11,3,1267051787
66780,431,1027,2,1267051837
66781,431,635,0,1267051778
66782,431,643,2,1267051790
66783,431,648,2,1267051816
66784,431,30,3,1267051841
66785,431,31,2,1267051821
66786,431,1158,5,1267051782
66787,431,697,1,1267051845
66788,431,1438,3,1267051825
66789,431,2079,4,1267051832
66790,431,1139,4,1267051803
66791,431,88,4,1267051765
66792,431,1471,2,1267051829
66793,431,106,4,1267051759
66794,431,1009,1,1267051771
66795,431,1777,1,1267051810
66796,431,155,3,1267051794
66797,431,1797,3,1267051796
66798,432,1,2,1316391457
66799,432,482,4,1316391739
66800,432,493,2,1316391760
66801,432,496,4,1315243647
66802,432,462,3,1316391708
66803,432,4,4,1315244565
66804,432,5,3,1315243055
66805,432,8,4,1315245004
66806,432,465,3,1316391541
66807,432,532,2,1316391524
66808,432,533,4,1315242983
66809,432,540,4,1316391649
66810,432,1024,3,1315242265
66811,432,466,4,1316391617
66812,432,16,3,1316391483
66813,432,589,3,1335139434
66814,432,17,2,1315244535
66815,432,233,3,1315243746
66816,432,471,1,1316391506
66817,432,21,4,1315244359
66818,432,472,5,1316391519
66819,432,23,2,1328232702
66820,432,624,4,1315242365
66821,432,318,3,1316390351
66822,432,27,4,1316391434
66823,432,28,3,1335139732
66824,432,29,4,1315243043
66825,432,671,4,1316391594
66826,432,479,3,1316391448
66827,432,33,4,1316391470
66828,432,35,4,1315244942
66829,432,324,4,1316391532
66830,432,481,4,1316391561
66831,432,675,4,1335139149
66832,432,38,4,1316391512
66833,432,1160,3,1316391719
66834,432,43,1,1316391462
66835,432,1028,4,1315243036
66836,432,336,5,1316391691
66837,432,1135,2,1316391605
66838,432,65,3,1315243626
66839,432,66,3,1328232661
66840,432,69,3,1316391496
66841,432,1029,4,1328232756
66842,432,72,4,1315243615
66843,432,74,3,1316391473
66844,432,76,4,1316391601
66845,432,1137,4,1315243038
66846,432,82,3,1316391572
66847,432,726,4,1316391810
66848,432,84,3,1315244949
66849,432,3000,0,1315242191
66850,432,1468,2,1315242748
66851,432,2147,4,1316391764
66852,432,3016,4,1315242346
66853,432,1031,2,1328232859
66854,432,1007,3,1315242318
66855,432,728,3,1316391033
66856,432,106,4,1328050262
66857,432,1501,4,1315243499
66858,432,1032,4,1316391028
66859,432,1511,3,1335139796
66860,432,234,4,1315244133
66861,432,988,4,1316391552
66862,432,2463,4,1315242911
66863,432,1524,4,1335139897
66864,432,2567,5,1315244490
66865,432,2904,5,1316391161
66866,432,374,4,1315242429
66867,432,1534,2,1315242291
66868,432,731,3,1328232892
66869,432,1536,3,1328051106
66870,432,1171,4,1316391653
66871,432,2905,5,1316391091
66872,432,121,3,1315242295
66873,432,272,3,1315242214
66874,432,1580,4,1316391319
66875,432,145,4,1316390945
66876,432,1037,1,1315242196
66877,432,148,4,1315243006
66878,432,1609,3,1316391677
66879,432,2682,4,1335139774
66880,432,2580,3,1315243261
66881,432,167,3,1315244945
66882,432,1001,3,1315242726
66883,432,3549,3,1315244956
66884,432,172,4,1316391576
66885,432,6982,4,1315242957
66886,432,400,0,1316391662
66887,432,1179,3,1316391697
66888,432,401,3,1316392595
66889,432,402,4,1316391535
66890,432,1658,4,1315242373
66891,432,185,3,1315243510
66892,432,2189,4,1315242256
66893,432,193,3,1315244532
66894,432,1684,3,1315242241
66895,432,736,2,1316391727
66896,432,204,4,1315244974
66897,432,5317,2,1315243150
66898,432,1038,3,1335139782
66899,432,2196,3,1315242420
66900,432,2599,2,1315244053
66901,432,210,1,1315242328
66902,432,220,4,1315244401
66903,432,738,3,1328232854
66904,432,3306,4,1315243228
66905,432,1015,3,1315243290
66906,432,1016,3,1316391271
66907,432,229,4,1316391657
66908,432,740,4,1316391066
66909,432,278,5,1315242940
66910,432,2209,4,1315244006
66911,432,4925,4,1335139645
66912,432,1043,3,1328232706
66913,432,3176,4,1315244163
66914,432,744,4,1328050311
66915,432,445,3,1315244527
66916,432,2102,4,1315243586
66917,432,745,4,1316391131
66918,432,1044,4,1316391168
66919,432,1830,4,1335139890
66920,432,752,4,1316391757
66921,432,753,3,1316391775
66922,432,1126,3,1316391793
66923,432,2717,3,1315243453
66924,432,4471,3,1335141357
66925,432,2952,3,1315244155
66926,432,754,3,1316391569
66927,432,755,4,1316391806
66928,432,2718,2,1316391197
66929,432,757,2,1316391780
66930,432,758,4,1328232761
66931,432,1199,4,1328232881
66932,432,759,4,1316391715
66933,432,761,3,1316391105
66934,432,849,1,1315242710
66935,432,7699,4,1316390234
66936,432,1201,4,1315245206
66937,432,2045,3,1315244873
66938,432,1849,4,1335139577
66939,432,854,3,1315243122
66940,432,765,4,1316391585
66941,432,766,4,1328050236
66942,432,1147,4,1315243024
66943,432,4281,3,1315243439
66944,432,3190,3,1335141351
66945,432,768,4,1328232822
66946,432,769,4,1328232785
66947,432,876,3,1316391786
66948,432,1210,4,1335139595
66949,432,770,3,1335139537
66950,432,771,0,1316391748
66951,432,2237,4,1335139956
66952,432,1148,3,1316390373
66953,432,235,2,1328232716
66954,432,7311,2,1315244706
66955,432,773,4,1328232949
66956,432,878,2,1316391263
66957,432,2243,1,1335139655
66958,432,2244,3,1315244347
66959,432,774,4,1316391149
66960,432,775,4,1316391638
66961,432,3571,4,1335139515
66962,432,2720,4,1335140084
66963,432,3198,3,1335139354
66964,432,1047,4,1315244028
66965,432,4752,3,1315244076
66966,432,7700,3,1315243798
66967,432,1048,2,1328232790
66968,432,777,4,1328050280
66969,432,886,4,1315244237
66970,432,779,4,1328232728
66971,432,888,5,1315244178
66972,432,7701,4,1315243675
66973,432,4892,4,1315242971
66974,432,1049,4,1335139975
66975,432,7613,4,1335140199
66976,432,5898,3,1335139766
66977,432,2518,4,1315243599
66978,432,5811,4,1316390414
66979,432,7702,4,1315244232
66980,432,2050,4,1328050224
66981,432,807,3,1315243523
66982,432,5917,1,1315242713
66983,432,809,4,1328232721
66984,432,2288,4,1328050169
66985,432,7703,4,1315244424
66986,432,1892,3,1315245842
66987,432,2127,4,1335140178
66988,432,1251,4,1328232686
66989,432,7363,3,1315243628
66990,432,1896,3,1335139846
66991,432,1897,4,1335140004
66992,432,7704,5,1316391388
66993,432,2311,4,1328232440
66994,432,899,2,1315245094
66995,432,2128,4,1335139571
66996,432,1133,4,1328050156
66997,432,238,2,1315244545
66998,432,3394,3,1335139499
66999,432,1051,1,1328232922
67000,432,1052,4,1328232819
67001,432,824,4,1328232735
67002,432,2320,2,1315244340
67003,432,4186,2,1316391011
67004,432,900,4,1315243300
67005,432,903,3,1315245012
67006,432,2521,4,1316391227
67007,432,5685,5,1316391360
67008,432,3595,4,1335139403
67009,432,2350,2,1315242737
67010,432,239,4,1315244558
67011,432,1055,4,1328232710
67012,432,1912,4,1335139988
67013,432,1283,3,1335139965
67014,432,1284,4,1335139587
67015,432,1056,4,1328232676
67016,432,1286,4,1335139979
67017,432,1916,4,1328050173
67018,432,2382,2,1335139531
67019,432,1058,4,1315244969
67020,432,1151,4,1316390344
67021,432,2384,3,1335139838
67022,432,7705,4,1315245148
67023,432,915,3,1335139518
67024,432,1296,2,1315243425
67025,432,7706,4,1335140058
67026,432,916,4,1328232867
67027,432,1297,4,1328232902
67028,432,2991,4,1335140106
67029,432,6300,5,1316391330
67030,432,7707,3,1315243103
67031,432,922,3,1335140016
67032,432,6054,2,1335139387
67033,432,1922,3,1315244889
67034,432,927,4,1315243163
67035,432,928,3,1335139461
67036,432,243,4,1315244366
67037,432,4731,4,1335139641
67038,432,6058,2,1316390993
67039,432,1134,4,1328232875
67040,432,245,4,1315244386
67041,432,1319,3,1335141363
67042,432,7708,4,1335139601
67043,432,3625,4,1316391337
67044,432,2816,3,1315242767
67045,432,1933,5,1315244863
67046,432,1320,4,1315244362
67047,432,1064,3,1316391039
67048,432,3627,3,1315243119
67049,432,939,4,1335139425
67050,432,1322,3,1315245046
67051,432,5029,4,1315245828
67052,432,1325,4,1335139409
67053,432,7709,3,1328049786
67054,432,1944,4,1335139828
67055,432,251,5,1328049614
67056,432,7710,4,1328049736
67057,432,6577,4,1328049771
67058,433,4,3,1506823900
67059,433,5,5,1506823884
67060,433,8,3,1506823887
67061,433,17,5,1506823837
67062,433,233,4,1506823818
67063,433,29,2,1506823854
67064,433,35,4,1506823947
67065,433,37,4,1506823904
67066,433,1160,4,1506824039
67067,433,63,4,1506823959
67068,433,148,4,1506823955
67069,433,193,4,1506823825
67070,433,1842,5,1506823986
67071,433,1147,3,1506823864
67072,433,235,4,1506824044
67073,433,243,3,1506824061
67074,433,245,3,1506823859
67075,433,1153,4,1506824072
67076,433,250,4,1506824058
67077,433,252,2,1506824063
67078,433,1391,5,1506823915
67079,433,2879,1,1506823913
67080,434,1,4,1270604402
67081,434,482,2,1271039378
67082,434,3,4,1270603905
67083,434,487,3,1270606683
67084,434,293,3,1270604323
67085,434,461,3,1270604933
67086,434,463,3,1270606827
67087,434,4,4,1270603499
67088,434,516,2,1270606732
67089,434,8,4,1270604574
67090,434,1094,5,1271039079
67091,434,521,2,1270602297
67092,434,464,5,1270604631
67093,434,11,3,1270602276
67094,434,550,2,1270606633
67095,434,559,2,1270602435
67096,434,14,4,1270604904
67097,434,16,5,1270604737
67098,434,588,3,1270606675
67099,434,589,4,1270603658
67100,434,17,5,1270603222
67101,434,18,3,1270604886
67102,434,233,4,1270603965
67103,434,471,3,1270604468
67104,434,20,3,1270604747
67105,434,21,4,1270604589
67106,434,23,2,1270606604
67107,434,473,2,1270604299
67108,434,1156,3,1270974161
67109,434,634,2,1270606629
67110,434,27,5,1270604612
67111,434,28,2,1270604782
67112,434,29,5,1270604461
67113,434,1095,5,1270605006
67114,434,828,3,1270606730
67115,434,671,3,1270606790
67116,434,323,4,1270604764
67117,434,479,4,1271576437
67118,434,35,4,1270604152
67119,434,37,5,1270604590
67120,434,38,4,1270604662
67121,434,1426,1,1270602381
67122,434,41,3,1270604818
67123,434,42,2,1270604821
67124,434,2073,5,1270604047
67125,434,723,4,1270603339
67126,434,1160,4,1270603970
67127,434,43,2,1270604303
67128,434,1431,1,1271039355
67129,434,695,3,1270602491
67130,434,1028,5,1270603341
67131,434,724,4,1270606834
67132,434,1135,4,1270606799
67133,434,61,4,1270604778
67134,434,63,4,1270603496
67135,434,64,5,1270603951
67136,434,725,3,1271039401
67137,434,68,5,1270605004
67138,434,1102,4,1270606755
67139,434,69,5,1270604157
67140,434,70,4,1270604677
67141,434,1029,5,1270604026
67142,434,72,4,1271039384
67143,434,73,3,1271039077
67144,434,74,4,1270604436
67145,434,75,4,1270604002
67146,434,76,5,1270605001
67147,434,79,5,1270603899
67148,434,82,3,1270606545
67149,434,726,4,1271039472
67150,434,84,5,1270604015
67151,434,268,3,1270604978
67152,434,85,5,1270604901
67153,434,86,3,1271314126
67154,434,2084,5,1270605019
67155,434,90,4,1270604119
67156,434,2147,4,1270606863
67157,434,362,3,1271039399
67158,434,2420,3,1270606673
67159,434,1476,3,1271039458
67160,434,364,3,1270603997
67161,434,1485,2,1271039097
67162,434,99,4,1270606745
67163,434,1031,5,1270604845
67164,434,102,3,1270604388
67165,434,727,2,1270606638
67166,434,1007,2,1270602483
67167,434,234,4,1270606614
67168,434,988,3,1270604832
67169,434,1169,4,1270602327
67170,434,109,4,1270603981
67171,434,1518,1,1270602505
67172,434,731,2,1270606925
67173,434,379,3,1270606695
67174,434,992,0,1270602390
67175,434,836,3,1270606698
67176,434,120,3,1270606822
67177,434,122,5,1270606647
67178,434,126,3,1271039349
67179,434,135,4,1270606806
67180,434,142,3,1270606597
67181,434,1141,4,1271039143
67182,434,2184,3,1270602470
67183,434,1037,3,1270602347
67184,434,147,4,1270606767
67185,434,148,5,1270603477
67186,434,150,2,1271039333
67187,434,154,3,1270605047
67188,434,163,4,1271039118
67189,434,166,3,1270603490
67190,434,167,5,1270603946
67191,434,172,0,1270604685
67192,434,400,3,1270604873
67193,434,1641,2,1271039365
67194,434,180,4,1270606761
67195,434,1179,2,1270604923
67196,434,1643,3,1270606521
67197,434,181,5,1270604567
67198,434,402,5,1270604701
67199,434,405,3,1270606770
67200,434,185,5,1270604165
67201,434,188,4,1270606571
67202,434,1180,3,1270606579
67203,434,193,5,1270603481
67204,434,1118,5,1270604962
67205,434,201,4,1270606930
67206,434,2194,3,1270602424
67207,434,204,4,1270606766
67208,434,415,2,1270605052
67209,434,1722,3,1271039090
67210,434,219,4,1271039310
67211,434,220,3,1270604400
67212,434,738,2,1270606706
67213,434,1016,2,1270606923
67214,434,229,4,1270604654
67215,434,1019,1,1270602440
67216,434,1797,3,1270606831
67217,434,742,4,1270606811
67218,434,432,4,1270604900
67219,434,1022,5,1270606915
67220,434,1043,3,1270604850
67221,434,440,4,1270604860
67222,434,744,1,1270602479
67223,434,445,5,1270603948
67224,434,1191,4,1270603516
67225,434,745,3,1270604393
67226,434,4184,4,1270605083
67227,434,1125,5,1270606749
67228,434,752,4,1270604658
67229,434,458,2,1270604915
67230,434,753,4,1270604560
67231,434,1832,4,1271039113
67232,434,754,5,1270604133
67233,434,755,4,1270604908
67234,434,756,2,1271039409
67235,434,3183,5,1270604988
67236,434,1842,2,1271039484
67237,434,757,3,1270604360
67238,434,758,1,1270606584
67239,434,1199,4,1270604720
67240,434,759,3,1270604305
67241,434,762,2,1271039108
67242,434,763,5,1270607080
67243,434,1202,4,1270606657
67244,434,765,5,1270604127
67245,434,766,3,1270606691
67246,434,1147,5,1270603333
67247,434,768,4,1270604805
67248,434,769,2,1270604724
67249,434,876,4,1270604376
67250,434,1046,4,1270606885
67251,434,2047,4,1271039381
67252,434,2239,3,1270603557
67253,434,2109,4,1270605213
67254,434,772,3,1271039464
67255,434,1148,4,1270604146
67256,434,235,4,1270603509
67257,434,773,2,1270606723
67258,434,774,3,1270606869
67259,434,775,5,1270604125
67260,434,1130,4,1270604385
67261,434,1048,4,1270604241
67262,434,779,2,1270604786
67263,434,783,2,1270604626
67264,434,784,4,1270606622
67265,434,1228,4,1271039329
67266,434,3147,4,1270607098
67267,434,2266,4,1270606866
67268,434,795,4,1270606502
67269,434,1150,3,1270607090
67270,434,2286,4,1270606795
67271,434,809,1,1270606554
67272,434,810,4,1270604456
67273,434,2127,3,1270606889
67274,434,1894,3,1270606843
67275,434,1895,2,1270602530
67276,434,2054,4,1270604143
67277,434,1251,4,1270604606
67278,434,1255,1,1270606527
67279,434,1256,4,1270604825
67280,434,2316,5,1270606568
67281,434,1133,5,1270604148
67282,434,238,5,1270603479
67283,434,2317,4,1270604121
67284,434,1051,5,1270604031
67285,434,1052,4,1270603513
67286,434,824,4,1270604421
67287,434,1053,4,1270606813
67288,434,2326,3,1270606882
67289,434,900,3,1270606506
67290,434,1270,3,1270606860
67291,434,1271,4,1270604042
67292,434,2059,5,1270604012
67293,434,1054,3,1270606906
67294,434,904,3,1270604666
67295,434,239,5,1270603331
67296,434,1055,4,1270604609
67297,434,1056,3,1270604022
67298,434,1916,4,1270604154
67299,434,1151,4,1270604023
67300,434,241,5,1270606779
67301,434,1059,5,1270603386
67302,434,1152,3,1270604711
67303,434,916,3,1270603974
67304,434,1297,4,1270606540
67305,434,2991,5,1270603380
67306,434,1061,5,1270604417
67307,434,242,4,1270603395
67308,434,3520,5,1270603372
67309,434,927,5,1270604788
67310,434,928,3,1270603400
67311,434,6524,4,1270603125
67312,434,243,4,1270603117
67313,435,1401,4,1366675847
67314,435,5,4,1366676016
67315,435,528,4,1366675860
67316,435,11,3,1366675838
67317,435,12,5,1366675921
67318,435,233,5,1366676009
67319,435,19,3,1366675875
67320,435,648,3,1366675852
67321,435,661,4,1366675927
67322,435,1028,5,1366676018
67323,435,1102,4,1366676026
67324,435,1137,5,1366676021
67325,435,108,3,1366675812
67326,435,992,4,1366675902
67327,435,837,5,1366675878
67328,435,1594,4,1366675828
67329,435,150,4,1366675820
67330,435,1003,4,1366675906
67331,435,401,3,1366675815
67332,435,193,5,1366676084
67333,435,1684,4,1366675918
67334,435,1040,4,1366675931
67335,435,220,4,1366678093
67336,435,1022,5,1366678197
67337,435,1146,3,1366675934
67338,435,771,4,1366678010
67339,435,235,4,1366678158
67340,435,1130,4,1366678165
67341,435,1048,5,1366678160
67342,435,810,4,1366678059
67343,435,1242,4,1366678013
67344,435,1251,4,1366678036
67345,435,238,5,1366678090
67346,435,1052,5,1366678071
67347,435,239,5,1366676030
67348,435,1916,5,1366678019
67349,435,1152,4,1366678026
67350,435,916,4,1366678033
67351,435,243,4,1366678016
67352,435,245,4,1366678055
67353,435,1153,4,1366678021
67354,435,1155,4,1366678031
67355,436,1,4,833529571
67356,436,482,4,833529751
67357,436,486,3,833530760
67358,436,461,5,833529621
67359,436,1401,4,833529821
67360,436,503,3,833530067
67361,436,526,3,833529977
67362,436,464,4,833529409
67363,436,528,3,833529775
67364,436,531,4,833529549
67365,436,532,3,833529489
67366,436,5288,3,833530110
67367,436,535,2,833530268
67368,436,2424,3,833529977
67369,436,547,3,833529751
67370,436,2546,3,833529889
67371,436,14,1,833529522
67372,436,560,1,833529977
67373,436,15,3,833529729
67374,436,563,3,833530319
67375,436,566,3,833530089
67376,436,567,3,833530780
67377,436,572,3,833530019
67378,436,573,3,833530575
67379,436,467,3,833529750
67380,436,574,4,833530252
67381,436,579,3,833530423
67382,436,580,2,833529846
67383,436,588,3,833529549
67384,436,589,3,833529729
67385,436,591,3,833530047
67386,436,597,3,833529680
67387,436,18,2,833529522
67388,436,598,3,833529621
67389,436,233,4,833529522
67390,436,19,3,833529821
67391,436,605,3,833529549
67392,436,471,1,833529489
67393,436,20,3,833529489
67394,436,609,4,833529906
67395,436,613,3,833530134
67396,436,21,4,833530134
67397,436,617,3,833531039
67398,436,22,3,833530341
67399,436,472,4,833529775
67400,436,23,3,833529797
67401,436,315,3,833530619
67402,436,619,2,833530619
67403,436,620,3,833530285
67404,436,621,3,833531023
67405,436,973,3,833530232
67406,436,622,4,833530232
67407,436,473,3,833529409
67408,436,474,3,833529596
67409,436,2548,2,833530019
67410,436,629,3,833530448
67411,436,2549,3,833530760
67412,436,631,3,833530920
67413,436,1414,3,833529639
67414,436,2141,4,833530513
67415,436,633,3,833529660
67416,436,2551,3,833530862
67417,436,634,3,833529549
67418,436,635,3,833529660
67419,436,636,3,833530204
67420,436,637,4,833529863
67421,436,1157,3,833529948
67422,436,317,3,833531474
67423,436,639,3,833529775
67424,436,640,3,833530902
67425,436,26,5,833529639
67426,436,642,3,833531495
67427,436,643,2,833530685
67428,436,2426,3,833530187
67429,436,475,4,833530400
67430,436,27,3,833530187
67431,436,648,3,833530619
67432,436,654,4,833530553
67433,436,28,4,833530300
67434,436,655,3,833530553
67435,436,656,3,833531558
67436,436,657,4,833530470
67437,436,659,3,833531283
67438,436,2655,1,833530939
67439,436,29,5,833530252
67440,436,477,4,833530448
67441,436,662,3,833530902
67442,436,663,3,833531946
67443,436,322,3,833530341
67444,436,666,3,833531230
67445,436,1420,4,833529993
67446,436,7711,4,833532043
67447,436,669,3,833531697
67448,436,670,3,833530760
67449,436,2501,3,833530089
67450,436,828,4,833530512
67451,436,671,4,833530470
67452,436,323,3,833529489
67453,436,479,4,833530204
67454,436,34,3,833529409
67455,436,35,3,833529621
67456,436,480,4,833530707
67457,436,324,3,833529522
67458,436,36,4,833531134
67459,436,481,3,833530423
67460,436,263,5,833530232
67461,437,484,2,859721015
67462,437,3,5,859721015
67463,437,5018,3,859721103
67464,437,3679,3,859721080
67465,437,491,5,859721743
67466,437,492,4,859720978
67467,437,496,4,859720978
67468,437,260,4,859721815
67469,437,293,4,859720977
67470,437,462,4,859721015
67471,437,500,3,859721556
67472,437,4,4,859721361
67473,437,5,4,859721362
67474,437,295,4,859721046
67475,437,505,3,859720978
67476,437,2422,3,859721693
67477,437,509,2,859721080
67478,437,4037,3,859721790
67479,437,510,3,859721170
67480,437,516,1,859720977
67481,437,8,4,859721362
67482,437,521,3,859721045
67483,437,298,5,859722136
67484,437,525,3,859720977
67485,437,2545,4,859721525
67486,437,464,4,859721362
67487,437,9,3,859721432
67488,437,465,1,859721584
67489,437,5554,4,859721662
67490,437,529,3,859721610
67491,437,533,2,859721840
67492,437,2070,5,859721662
67493,437,302,5,859722162
67494,437,2423,4,859721399
67495,437,3001,3,859721525
67496,437,549,4,859721766
67497,437,2166,4,859721610
67498,437,305,4,859721815
67499,437,13,5,859722193
67500,437,558,3,859721399
67501,437,2425,5,859721399
67502,437,307,4,859721635
67503,437,16,5,859721045
67504,437,2071,5,859721840
67505,437,469,5,859721495
67506,437,588,4,859721432
67507,437,17,5,859722193
67508,437,470,5,859721399
67509,437,590,3,859721556
67510,437,233,5,859721361
67511,437,600,3,859721360
67512,437,312,3,859721525
67513,437,21,3,859721718
67514,437,314,3,859721362
67515,437,620,4,859721610
67516,437,973,4,859721045
67517,437,1156,3,859721743
67518,437,637,3,859721433
67519,437,317,4,859721874
67520,437,639,2,859721399
67521,437,652,4,859721693
67522,437,654,3,859721433
67523,437,2170,3,859721693
67524,437,657,5,859721584
67525,437,320,4,859721432
67526,437,476,4,859721463
67527,437,29,5,859721361
67528,437,975,5,859721399
67529,437,671,3,859721815
67530,437,33,5,859721360
67531,437,34,3,859721399
67532,437,37,5,859721015
67533,437,675,4,859721081
67534,437,677,2,859721081
67535,437,678,2,859721148
67536,437,261,5,859721170
67537,437,38,3,859720977
67538,437,326,3,859721046
67539,437,41,2,859721015
67540,437,42,5,859720977
67541,437,2996,2,859721148
67542,437,43,3,859720977
67543,437,2427,3,859721015
67544,437,328,5,859721361
67545,437,697,3,859721080
67546,437,2444,4,859721080
67547,437,706,5,859721103
67548,437,58,3,859722250
67549,437,64,5,859721463
67550,437,266,4,859721874
67551,437,346,3,859721662
67552,437,833,5,859721610
67553,437,66,3,859721463
67554,437,2174,4,859722232
67555,437,2175,4,859721766
67556,437,349,5,859721191
67557,437,70,4,859722136
67558,437,2396,5,859721463
67559,437,72,4,859721959
67560,437,73,5,859721556
67561,437,74,5,859721119
67562,437,75,5,859721556
67563,437,354,5,859721432
67564,437,1106,5,859722136
67565,437,1139,5,859722136
67566,437,2397,5,859721525
67567,437,726,3,859721495
67568,437,865,4,859721463
67569,437,355,4,859721495
67570,437,356,3,859721495
67571,437,85,5,859722193
67572,437,3013,4,859721840
67573,437,86,4,859722193
67574,437,90,4,859722162
67575,437,3283,3,859722136
67576,437,3000,5,859721495
67577,437,1113,5,859721525
67578,437,270,3,859721584
67579,437,866,4,859722162
67580,437,2420,3,859721148
67581,437,94,4,859721718
67582,437,2562,3,859721292
67583,438,1,4,1105650469
67584,438,3,5,1105664272
67585,438,487,4,1105664201
67586,438,488,4,1105668426
67587,438,493,3,1105666629
67588,438,292,3,1105666251
67589,438,293,4,1105666143
67590,438,972,3,1105667144
67591,438,505,4,1105649800
67592,438,6,3,1105762813
67593,438,4664,2,1105664825
67594,438,516,3,1105666265
67595,438,519,4,1105649487
67596,438,8,4,1105666133
67597,438,521,3,1105649510
67598,438,523,3,1105667348
67599,438,524,3,1105667333
67600,438,525,4,1105666243
67601,438,526,5,1105650060
67602,438,464,4,1105650458
67603,438,465,3,1105666167
67604,438,532,4,1105649809
67605,438,533,3,1105667020
67606,438,534,4,1105670474
67607,438,1405,2,1113763592
67608,438,538,4,1105667381
67609,438,540,2,1105666240
67610,438,541,3,1105667014
67611,438,1024,1,1105667336
67612,438,550,3,1105666261
67613,438,12,3,1106189341
67614,438,13,3,1105829426
67615,438,558,2,1105829435
67616,438,2546,3,1105670776
67617,438,16,5,1105650450
67618,438,588,3,1105666223
67619,438,597,3,1105649564
67620,438,18,3,1105664330
67621,438,598,3,1105762808
67622,438,233,5,1105649728
67623,438,600,3,1105654478
67624,438,605,3,1105666246
67625,438,471,4,1105649814
67626,438,611,4,1105668453
67627,438,21,4,1105650460
67628,438,472,4,1105666213
67629,438,23,3,1105827055
67630,438,622,4,1105666157
67631,438,1411,3,1105670828
67632,438,473,5,1105650452
67633,438,4861,2,1105670876
67634,438,627,3,1105670862
67635,438,1414,3,1105664849
67636,438,24,3,1105670715
67637,438,637,3,1105668491
67638,438,1157,3,1105666792
67639,438,640,2,1105667329
67640,438,26,4,1105650463
67641,438,643,3,1105649560
67642,438,27,4,1105650457
67643,438,653,4,1105649498
67644,438,28,3,1105666225
67645,438,657,4,1105666605
67646,438,5698,3,1105664550
67647,438,661,3,1105911319
67648,438,29,4,1105649740
67649,438,322,3,1105898164
67650,438,31,4,1105664541
67651,438,323,4,1105666138
67652,438,479,5,1105649725
67653,438,33,3,1105649737
67654,438,34,4,1105650447
67655,438,480,4,1105911897
67656,438,324,4,1105666178
67657,438,481,4,1105666215
67658,438,677,3,1105667355
67659,438,38,4,1105664328
67660,438,1159,3,1105649492
67661,438,40,3,1105667179
67662,438,684,2,1105670663
67663,438,688,3,1105667200
67664,438,41,4,1105664193
67665,438,42,3,1105664666
67666,438,2660,2,1105670792
67667,438,43,3,1105650467
67668,438,2427,3,1105666611
67669,438,1432,2,1105670753
67670,438,697,3,1105764578
67671,438,1435,4,1105649540
67672,438,264,3,1105667291
67673,438,706,3,1105827036
67674,438,3006,4,1105664340
67675,438,331,4,1105829795
67676,438,1161,3,1106189301
67677,438,1774,4,1105667308
67678,438,1135,4,1105668663
67679,438,1449,3,1105670404
67680,438,60,3,1126752850
67681,438,720,4,1105667242
67682,438,976,4,1105649985
67683,438,725,4,1105649512
67684,438,69,5,1105654505
67685,438,74,5,1105654507
67686,438,82,4,1105649790
67687,438,85,4,1105898177
67688,438,1110,5,1105649963
67689,438,86,4,1105649794
67690,438,87,4,1105667140
67691,438,2146,5,1105667231
67692,438,270,4,1105649777
67693,438,1166,5,1105654476
67694,438,978,4,1105664205
67695,438,93,3,1105670478
67696,438,2420,4,1105666460
67697,438,94,4,1105668361
67698,438,95,5,1105649763
67699,438,2429,4,1105649973
67700,438,2559,3,1105762906
67701,438,2453,3,1105671118
67702,438,1484,3,1105667285
67703,438,1485,3,1105827017
67704,438,2562,3,1105649966
67705,438,98,4,1105649561
67706,438,2563,1,1105667295
67707,438,99,3,1105666950
67708,438,1031,4,1105664171
67709,438,100,3,1105667100
67710,438,1492,2,1105667360
67711,438,101,4,1105668400
67712,438,102,4,1105664207
67713,438,727,3,1105666796
67714,438,1497,2,1105670833
67715,438,365,3,1105667150
67716,438,984,3,1105670461
67717,438,985,3,1105649970
67718,438,104,5,1105654624
67719,438,1009,4,1105667027
67720,438,1032,4,1105649551
67721,438,7712,3,1105763611
67722,438,108,4,1105664732
67723,438,729,4,1105649779
67724,438,986,3,1105670685
67725,438,234,4,1105666609
67726,438,988,3,1105666341
67727,438,1514,3,1105911428
67728,438,109,2,1105829158
67729,438,110,2,1105762718
67730,438,730,4,1105649761
67731,438,2399,3,1105670713
67732,438,1524,3,1105670837
67733,438,989,3,1105671091
67734,438,3021,3,1105670470
67735,438,996,3,1105912084
67736,438,375,2,1105762918
67737,438,376,2,1109902304
67738,438,1534,3,1105649955
67739,438,3022,3,1105667204
67740,438,731,3,1105649507
67741,438,991,4,1105649948
67742,438,116,4,1105667034
67743,438,1034,4,1105649757
67744,438,992,4,1105664325
67745,438,1777,3,1105649775
67746,438,836,4,1105649760
67747,438,120,3,1113763653
67748,438,122,4,1105666237
67749,438,127,4,1105649952
67750,438,1035,3,1105762726
67751,438,1560,3,1105762894
67752,438,131,3,1105667445
67753,438,5115,3,1105670346
67754,438,1575,4,1105667170
67755,438,6191,3,1105670512
67756,438,1141,4,1105667040
67757,438,2184,3,1105671103
67758,438,146,3,1105670401
67759,438,1037,4,1105667258
67760,438,2573,2,1105671962
67761,438,1594,4,1105649754
67762,438,1597,3,1105667094
67763,438,2910,2,1105670749
67764,438,1599,3,1106189076
67765,438,150,4,1105649768
67766,438,1601,4,1113763668
67767,438,1607,3,1105654486
67768,438,1608,3,1105670207
67769,438,1177,3,1105649927
67770,438,274,4,1105649923
67771,438,1115,3,1105664338
67772,438,1623,3,1105763212
67773,438,2471,3,1105668653
67774,438,163,3,1105667089
67775,438,7713,2,1105664564
67776,438,1010,3,1105649930
67777,438,6453,3,1105664802
67778,438,167,5,1105664235
67779,438,1632,3,1105667342
67780,438,170,3,1105670761
67781,438,171,4,1105664322
67782,438,172,3,1116602072
67783,438,173,4,1105664229
67784,438,174,4,1105664576
67785,438,1636,3,1105664766
67786,438,3030,3,1105764456
67787,438,400,3,1105898242
67788,438,1640,4,1105668437
67789,438,1003,3,1113763681
67790,438,180,4,1105666979
67791,438,734,2,1113763693
67792,438,1179,3,1105668393
67793,438,401,3,1105666982
67794,438,1117,2,1105667305
67795,438,402,4,1105666343
67796,438,403,4,1105664195
67797,438,183,3,1105649518
67798,438,7669,2,1105664891
67799,438,1660,3,1105921275
67800,438,5043,4,1105664415
67801,438,5044,4,1105664417
67802,438,1180,4,1105668721
67803,438,193,3,1105670975
67804,438,195,3,1105666819
67805,438,1118,3,1105670203
67806,438,199,3,1105667183
67807,438,201,4,1105668507
67808,438,1684,2,1105664486
67809,438,5771,4,1110910593
67810,438,2595,4,1106190024
67811,438,4681,3,1105911290
67812,438,2194,4,1105667411
67813,438,736,4,1105649521
67814,438,1038,4,1105649879
67815,438,841,3,1105649882
67816,438,416,3,1105667029
67817,438,1690,1,1105654727
67818,438,1692,3,1105670221
67819,438,1694,3,1105911137
67820,438,418,3,1105667248
67821,438,2492,3,1105911833
67822,438,1185,4,1105650197
67823,438,1011,3,1105654663
67824,438,1703,2,1105672082
67825,438,419,4,1105653956
67826,438,737,3,1105649885
67827,438,2205,3,1105668686
67828,438,422,3,1105649733
67829,438,1718,3,1105667190
67830,438,3301,2,1105664705
67831,438,218,3,1105671983
67832,438,1040,4,1105650151
67833,438,1791,3,1105665854
67834,438,3303,2,1105763114
67835,438,1042,4,1105664493
67836,438,220,5,1105650155
67837,438,3042,1,1105654729
67838,438,221,3,1105654031
67839,438,738,3,1105667108
67840,438,1014,3,1105984669
67841,438,1869,4,1105668483
67842,438,2607,2,1105654367
67843,438,1015,3,1105649869
67844,438,228,3,1105664688
67845,438,1756,3,1105654695
67846,438,1757,4,1105654172
67847,438,1016,4,1105669987
67848,438,1758,2,1105669923
67849,438,1188,3,1105654202
67850,438,229,4,1105649537
67851,438,1765,2,1113763717
67852,438,1796,3,1105654001
67853,438,2496,3,1105654107
67854,438,7267,4,1105654112
67855,438,867,2,1105654142
67856,438,6714,3,1105664769
67857,438,1189,3,1105665732
67858,438,429,4,1105653949
67859,438,7461,3,1105654302
67860,438,740,4,1105650127
67861,438,1797,4,1105649863
67862,438,2512,2,1113763708
67863,438,2715,2,1113763703
67864,438,1798,4,1105669047
67865,438,741,3,1105649746
67866,438,3308,2,1105671927
67867,438,2209,3,1105763839
67868,438,3309,3,1105654718
67869,438,1799,3,1105654710
67870,438,2614,2,1105671950
67871,438,742,4,1105650270
67872,438,432,5,1105650020
67873,438,4925,3,1106189446
67874,438,231,4,1105911630
67875,438,1022,3,1105667387
67876,438,3310,1,1105654359
67877,438,743,3,1105649858
67878,438,1804,4,1105650133
67879,438,1043,3,1105650201
67880,438,3176,3,1105649861
67881,438,1805,3,1105654304
67882,438,439,3,1105650245
67883,438,5336,3,1105911093
67884,438,2619,4,1105664532
67885,438,1876,4,1105664168
67886,438,3314,2,1105911115
67887,438,4930,3,1106188844
67888,438,2624,1,1105670736
67889,438,744,3,1105650167
67890,438,445,4,1105650108
67891,438,4494,2,1105654146
67892,438,3241,3,1105654176
67893,438,446,3,1105668493
67894,438,4495,1,1105654356
67895,438,6208,0,1105654384
67896,438,4936,3,1105763060
67897,438,1812,4,1105649845
67898,438,1813,3,1105649822
67899,438,745,4,1105649535
67900,438,451,4,1105654641
67901,438,746,3,1105763868
67902,438,2214,3,1105654206
67903,438,1814,3,1105664636
67904,438,1815,3,1105669901
67905,438,1816,1,1105664664
67906,438,4939,2,1105654348
67907,438,1817,3,1105649834
67908,438,747,3,1105667443
67909,438,3318,3,1105669339
67910,438,3319,2,1105654394
67911,438,1819,3,1105654697
67912,438,868,3,1105654082
67913,438,3179,4,1105650206
67914,438,7714,3,1105666067
67915,438,2640,3,1105763904
67916,438,2647,4,1105668412
67917,438,1822,2,1105654716
67918,438,3320,2,1105665974
67919,438,748,3,1105649845
67920,438,749,3,1105654129
67921,438,1880,4,1105654087
67922,438,1823,4,1105654091
67923,438,4943,3,1105654200
67924,438,7497,4,1105664722
67925,438,1824,3,1105654016
67926,438,4945,3,1105654406
67927,438,7715,3,1105654004
67928,438,1825,3,1105668497
67929,438,1195,2,1105829445
67930,438,3323,4,1105654079
67931,438,1828,5,1105650035
67932,438,4951,3,1105664320
67933,438,751,2,1105911213
67934,438,752,4,1105650237
67935,438,3615,3,1105664708
67936,438,4470,4,1105650290
67937,438,2513,2,1105654141
67938,438,458,4,1105650158
67939,438,4497,3,1105654243
67940,438,1831,4,1105650175
67941,438,2695,3,1105664495
67942,438,753,4,1105650170
67943,438,2696,3,1105654241
67944,438,2717,3,1105665848
67945,438,754,3,1105649530
67946,438,755,4,1105650222
67947,438,2219,2,1105921217
67948,438,2220,4,1105649826
67949,438,4498,3,1105654133
67950,438,3182,4,1105650295
67951,438,2221,4,1109902333
67952,438,2124,3,1105649848
67953,438,6214,1,1105654248
67954,438,2498,2,1105763015
67955,438,3646,1,1105654732
67956,438,3647,2,1105654436
67957,438,2718,2,1105763001
67958,438,2697,2,1105654215
67959,438,2222,3,1105650135
67960,438,1839,3,1105654708
67961,438,756,4,1105650210
67962,438,1840,3,1105664512
67963,438,1198,2,1105829452
67964,438,2223,4,1105650140
67965,438,2224,3,1105668693
67966,438,1842,3,1105650185
67967,438,1843,3,1105665573
67968,438,7520,3,1105654158
67969,438,757,4,1105650150
67970,438,4499,3,1105654299
67971,438,870,3,1105653960
67972,438,758,3,1116602075
67973,438,3327,2,1105664522
67974,438,6216,3,1105654160
67975,438,7716,3,1105670653
67976,438,3649,3,1105654266
67977,438,1199,4,1105650160
67978,438,6631,2,1105654439
67979,438,759,2,1105649819
67980,438,2477,3,1113763746
67981,438,760,2,1105649831
67982,438,1847,3,1105654709
67983,438,848,3,1105654109
67984,438,849,3,1105664661
67985,438,5807,2,1105664865
67986,438,4501,3,1105665519
67987,438,4965,2,1105763393
67988,438,1200,4,1105664674
67989,438,7717,3,1105670801
67990,438,3748,3,1105654379
67991,438,5284,3,1105654198
67992,438,1202,3,1113763737
67993,438,7718,1,1105654445
67994,438,7539,3,1105654289
67995,438,7719,2,1105910780
67996,438,4165,4,1105654036
67997,438,3650,3,1105654270
67998,438,5495,2,1105654309
67999,438,5397,2,1105763369
68000,438,2772,3,1105763004
68001,438,764,4,1105649828
68002,438,852,3,1105649839
68003,438,4969,2,1105654430
68004,438,7544,2,1105664884
68005,438,4483,3,1105654700
68006,438,2752,3,1105654687
68007,438,3652,2,1105654343
68008,438,856,4,1105653973
68009,438,1204,5,1105650194
68010,438,5172,3,1105654126
68011,438,872,3,1105654314
68012,438,1205,3,1105654480
68013,438,765,4,1105650247
68014,438,3188,3,1105665715
68015,438,857,0,1105668579
68016,438,873,3,1105654104
68017,438,766,3,1105650234
68018,438,767,3,1105653953
68019,438,3616,3,1113763770
68020,438,874,4,1105654124
68021,438,1853,3,1105664529
68022,438,1854,4,1105665526
68023,438,3189,3,1105650249
68024,438,6223,3,1105669341
68025,438,3191,3,1105650299
68026,438,5407,3,1105654712
68027,438,6643,3,1106189625
68028,438,875,3,1105654150
68029,438,7561,2,1105664592
68030,438,4118,4,1105654672
68031,438,5409,2,1105664702
68032,438,1857,2,1105653985
68033,438,5142,4,1105665747
68034,438,768,4,1148733369
68035,438,769,3,1105654658
68036,438,4168,3,1105654116
68037,438,1209,3,1105654067
68038,438,876,4,1105650258
68039,438,1210,4,1105649837
68040,438,3332,2,1105664644
68041,438,1883,0,1105654319
68042,438,770,3,1105654721
68043,438,3658,3,1105654008
68044,438,2235,4,1105664525
68045,438,771,5,1105649805
68046,438,3070,2,1105664672
68047,438,1212,5,1105650062
68048,438,7573,3,1105654286
68049,438,3071,2,1105664670
68050,438,2237,3,1105650199
68051,438,3661,3,1105654139
68052,438,3333,4,1105664519
68053,438,2238,4,1105650216
68054,438,2480,3,1105653966
68055,438,3663,3,1105654374
68056,438,2514,3,1105650276
68057,438,1213,3,1105664714
68058,438,2047,4,1105653975
68059,438,2106,4,1105664305
68060,438,3259,3,1105664483
68061,438,3668,3,1105650188
68062,438,2719,2,1105654070
68063,438,772,4,1105650268
68064,438,235,4,1105664286
68065,438,3337,4,1105650148
68066,438,1216,1,1105654372
68067,438,773,3,1105664480
68068,438,3195,3,1105653990
68069,438,878,4,1105650212
68070,438,2243,3,1105664275
68071,438,2245,3,1105654013
68072,438,7720,3,1106189589
68073,438,3262,0,1105664870
68074,438,2966,2,1105670673
68075,438,7721,3,1105670702
68076,438,2251,5,1105650007
68077,438,774,4,1105650141
68078,438,1218,3,1105984775
68079,438,879,3,1105654065
68080,438,5881,2,1105671931
68081,438,775,4,1105664174
68082,438,881,2,1105911874
68083,438,2969,3,1105654682
68084,438,882,3,1105654186
68085,438,2516,2,1113763777
68086,438,7600,2,1105664794
68087,438,7722,3,1105763796
68088,438,1047,4,1105650190
68089,438,5005,3,1105654169
68090,438,5187,2,1105654412
68091,438,2252,3,1105668432
68092,438,7605,2,1105654414
68093,438,3344,1,1105912056
68094,438,1130,4,1105653962
68095,438,5225,4,1105654075
68096,438,1222,3,1105654654
68097,438,884,3,1105911522
68098,438,5886,3,1105664516
68099,438,4243,3,1105654074
68100,438,1048,4,1105650102
68101,438,4508,3,1105664696
68102,438,2517,3,1105654093
68103,438,777,4,1105650128
68104,438,885,3,1105650281
68105,438,3345,2,1105664647
68106,438,886,3,1105665486
68107,438,1149,4,1105664280
68108,438,3576,3,1110910587
68109,438,779,5,1105650183
68110,438,1226,4,1105654685
68111,438,780,4,1105650240
68112,438,2753,3,1105665494
68113,438,2048,4,1105666042
68114,438,782,3,1105653999
68115,438,887,2,1105665814
68116,438,4143,3,1105670959
68117,438,2049,4,1105666089
68118,438,2264,2,1105764493
68119,438,783,4,1105650097
68120,438,4892,3,1105671906
68121,438,4244,3,1105654253
68122,438,1049,4,1105650130
68123,438,784,3,1105650164
68124,438,7723,2,1108770492
68125,438,1228,3,1108770480
68126,438,236,3,1113763758
68127,438,787,1,1105654179
68128,438,5892,3,1106066132
68129,438,5894,3,1107657890
68130,438,788,2,1105654667
68131,438,3353,3,1105654063
68132,438,889,2,1108426951
68133,438,790,3,1108402710
68134,438,791,3,1110425329
68135,438,5896,3,1117545574
68136,438,792,5,1105649588
68137,438,795,5,1105649592
68138,438,2721,3,1123373382
68139,438,3356,4,1112384432
68140,438,797,4,1123290975
68141,438,798,4,1105649626
68142,438,2270,1,1105649632
68143,438,2518,1,1105671243
68144,438,2272,3,1105649617
68145,438,799,2,1113763556
68146,438,3357,3,1105649628
68147,438,4988,4,1110758227
68148,438,2484,4,1108403520
68149,438,3074,4,1105649595
68150,438,1235,3,1126915618
68151,438,2050,4,1107833602
68152,438,802,3,1105649606
68153,438,3364,3,1105826886
68154,438,1891,3,1105649602
68155,438,7724,3,1122836305
68156,438,5751,1,1105826865
68157,438,2284,3,1119828858
68158,438,2285,3,1121345394
68159,438,892,1,1107575458
68160,438,1150,3,1142284030
68161,438,893,4,1111607374
68162,438,2126,3,1108950503
68163,438,803,3,1114225865
68164,438,4991,3,1120179969
68165,438,5914,3,1110134909
68166,438,805,3,1111245142
68167,438,5008,2,1122836315
68168,438,807,4,1112413420
68169,438,3774,4,1113705823
68170,438,3366,3,1126839263
68171,438,1239,1,1115083442
68172,438,3367,4,1142283983
68173,438,808,2,1115596653
68174,438,2286,4,1118240702
68175,438,809,3,1116810694
68176,438,895,2,1118667096
68177,438,810,4,1118848554
68178,438,812,2,1120569775
68179,438,1241,3,1120969146
68180,438,1892,4,1121695553
68181,438,813,3,1122176570
68182,438,4992,2,1135624858
68183,438,2974,5,1125940856
68184,438,1242,4,1135624874
68185,438,7725,1,1142805083
68186,438,1243,4,1125794010
68187,438,5009,4,1127002058
68188,438,1245,3,1146924262
68189,438,1247,3,1142805136
68190,438,4838,5,1146924119
68191,438,3585,2,1142805121
68192,438,2299,4,1135624839
68193,438,1894,4,1175998409
68194,438,897,3,1175998446
68195,438,2300,2,1135624819
68196,438,3375,1,1146924159
68197,438,7726,3,1142284190
68198,438,2305,0,1142284007
68199,438,1251,4,1142805069
68200,438,1254,4,1162175565
68201,438,4516,1,1146924225
68202,438,1896,4,1146924144
68203,438,3383,3,1162175726
68204,438,1897,3,1148733440
68205,438,817,0,1148733371
68206,438,2805,0,1162175456
68207,438,1257,5,1162175737
68208,438,2055,4,1175998197
68209,438,5000,4,1162175465
68210,438,2128,1,1162175482
68211,438,6441,3,1175998131
68212,438,2316,3,1175998298
68213,438,238,4,1162175590
68214,438,1051,3,1175998177
68215,438,1052,4,1162175473
68216,438,824,4,1175998201
68217,438,900,5,1175998171
68218,439,8,3,1436943893
68219,439,233,5,1436943744
68220,439,21,5,1436943906
68221,439,29,4,1436943775
68222,439,479,3,1436943901
68223,439,1135,4,1436943884
68224,439,71,4,1436943790
68225,439,82,4,1436943917
68226,439,90,3,1436943786
68227,439,731,2,1436943851
68228,439,122,4,1436943895
68229,439,1601,4,1436943805
68230,439,167,5,1436943750
68231,439,1043,4,1436943813
68232,439,754,5,1436943880
68233,439,765,4,1436944011
68234,439,775,5,1436943762
68235,439,795,4,1436943973
68236,439,1134,4,1436943970
68237,439,2828,4,1436943940
68238,439,1343,3,1436944067
68239,440,2069,4,1237569069
68240,440,1024,3,1237568713
68241,440,2423,2,1237568882
68242,440,2434,4,1237568823
68243,440,662,3,1237568970
68244,440,1095,5,1237569095
68245,440,1424,4,1237568810
68246,440,724,4,1237569107
68247,440,266,3,1237568717
68248,440,1101,3,1237568769
68249,440,351,4,1237569063
68250,440,76,4,1237569147
68251,440,2900,4,1237568731
68252,440,2084,3,1237569136
68253,440,1472,3,1237568815
68254,440,1032,4,1237569154
68255,440,1516,4,1237569103
68256,440,1536,3,1237569118
68257,440,2092,4,1237568773
68258,440,395,3,1237568781
68259,440,1116,4,1237568798
68260,440,1121,4,1237568737
68261,440,2403,4,1237568750
68262,440,211,3,1237568756
68263,440,1722,4,1237569220
68264,440,2634,4,1237568707
68265,440,1125,4,1237569031
68266,440,1046,4,1237569059
68267,440,4854,3,1237569128
68268,440,1130,4,1237569025
68269,440,7727,4,1237569036
68270,440,1051,3,1237569047
68271,440,1056,4,1237569039
68272,441,487,4,1449070452
68273,441,4,4,1451166486
68274,441,519,3,1449070905
68275,441,550,4,1449070455
68276,441,16,5,1449070465
68277,441,17,5,1449070650
68278,441,29,0,1449070570
68279,441,479,5,1449070704
68280,441,35,4,1449070651
68281,441,1135,4,1451166354
68282,441,63,4,1449070451
68283,441,69,4,1449070464
68284,441,71,5,1449070467
68285,441,4056,5,1449070677
68286,441,99,5,1449070633
68287,441,167,5,1449070470
68288,441,172,4,1449070658
68289,441,400,5,1449070634
68290,441,181,5,1449070509
68291,441,193,4,1449070661
68292,441,209,5,1449070918
68293,441,1697,5,1449070919
68294,441,745,4,1449070659
68295,441,7728,5,1449070618
68296,441,1146,5,1449070947
68297,441,2404,3,1449070949
68298,441,754,5,1449070471
68299,441,848,5,1449070632
68300,441,775,5,1449070473
68301,441,3144,4,1451166489
68302,441,1048,5,1451166530
68303,441,2266,5,1449070553
68304,441,1229,5,1451167717
68305,441,2326,5,1449070901
68306,441,239,5,1449070648
68307,441,1911,4,1449070538
68308,441,241,4,1449070599
68309,441,1152,4,1449070601
68310,441,1061,4,1449070603
68311,441,242,4,1449070535
68312,441,4548,5,1451166924
68313,441,250,5,1451166512
68314,441,1343,3,1451166520
68315,441,253,4,1449070526
68316,441,1081,4,1451166640
68317,442,22,2,1331560498
68318,442,644,1,1331560538
68319,442,661,2,1331560506
68320,442,1422,1,1331560545
68321,442,674,1,1331560512
68322,442,1101,1,1331560556
68323,442,2416,1,1331560577
68324,442,269,0,1331560460
68325,442,107,0,1331560575
68326,442,3060,1,1331560570
68327,442,386,2,1331560550
68328,442,3298,0,1331560518
68329,442,2189,2,1331560472
68330,442,2194,0,1331560477
68331,442,2403,1,1331560564
68332,442,211,0,1331560586
68333,442,1040,1,1331560487
68334,442,1757,2,1331560582
68335,442,1019,0,1331560522
68336,442,2634,2,1331560492
68337,443,1,4,1501722482
68338,443,8,4,1501722477
68339,443,16,4,1501722465
68340,443,17,4,1501722467
68341,443,233,5,1501722458
68342,443,21,5,1501722461
68343,443,35,3,1420236772
68344,443,37,5,1501722495
68345,443,1102,4,1420236768
68346,443,1029,3,1420236655
68347,443,234,4,1420236319
68348,443,148,4,1420236780
68349,443,167,3,1420236640
68350,443,402,3,1420236300
68351,443,185,4,1420236790
68352,443,193,4,1420236345
68353,443,754,4,1420236297
68354,443,765,5,1501722497
68355,443,1147,4,1420236762
68356,443,775,5,1501722498
68357,443,1130,4,1420236667
68358,443,1133,4,1420236802
68359,443,1054,4,1420236590
68360,443,1916,4,1420236328
68361,443,1290,4,1420236273
68362,443,927,3,1420236662
68363,443,5273,4,1420236741
68364,443,245,1,1501722695
68365,443,1068,5,1420236392
68366,443,7729,5,1501722543
68367,443,2532,5,1420236369
68368,443,1072,3,1420236629
68369,443,1354,5,1420236410
68370,443,1975,5,1501722586
68371,443,1980,5,1420236446
68372,443,1995,3,1420236467
68373,443,1363,5,1420236431
68374,444,3,4,832677558
68375,444,491,4,832678415
68376,444,292,4,832670075
68377,444,4,4,832670399
68378,444,5,5,832670838
68379,444,296,5,832679295
68380,444,5290,5,839310140
68381,444,517,3,839310140
68382,444,8,4,832670075
68383,444,1094,5,832671475
68384,444,1405,2,832671553
68385,444,540,3,832669862
68386,444,550,3,832669862
68387,444,14,1,832669130
68388,444,15,5,832672088
68389,444,308,4,832673916
68390,444,468,3,839311804
68391,444,578,4,832678415
68392,444,585,3,839310842
68393,444,17,5,832668242
68394,444,470,3,832669863
68395,444,233,4,839310789
68396,444,471,3,832668784
68397,444,609,3,832682395
68398,444,611,5,832682839
68399,444,21,5,839310974
68400,444,314,4,839311913
68401,444,23,4,832678513
68402,444,473,4,832668242
68403,444,474,4,839310974
68404,444,1156,4,832679295
68405,444,639,3,839310974
68406,444,27,3,839310974
68407,444,28,3,839311804
68408,444,320,4,832679824
68409,444,29,5,839311847
68410,444,1158,4,832676499
68411,444,828,3,839311847
68412,444,479,4,839311109
68413,444,34,3,839310604
68414,444,35,5,832672087
68415,444,324,4,832669131
68416,445,492,3,1454621917
68417,445,293,5,1454622049
68418,445,4,4,1454622061
68419,445,8,5,1454621998
68420,445,1094,3,1454622227
68421,445,16,5,1454621690
68422,445,589,4,1454622226
68423,445,17,4,1454621792
68424,445,2508,4,1454621845
68425,445,21,3,1454622095
68426,445,26,4,1454622023
68427,445,29,3,1454621684
68428,445,1095,4,1454622230
68429,445,33,3,1454622055
68430,445,35,4,1454621794
68431,445,37,3,1454621803
68432,445,1097,4,1454621815
68433,445,723,5,1454621783
68434,445,1160,5,1454622009
68435,445,43,2,1454621710
68436,445,331,3,1454622110
68437,445,335,3,1454622112
68438,445,62,5,1454622122
68439,445,68,5,1454622088
68440,445,70,5,1454622090
68441,445,1106,5,1454622103
68442,445,2901,3,1454622115
68443,445,865,4,1454622101
68444,445,122,3,1454622058
68445,445,392,4,1454622086
68446,445,167,5,1454621708
68447,445,1643,3,1454621734
68448,445,402,4,1454622063
68449,445,193,5,1454621677
68450,445,429,2,1454621737
68451,445,1022,3,1454621739
68452,445,1043,2,1454621732
68453,445,437,3,1454621730
68454,445,3553,3,1454621914
68455,445,1125,4,1454621728
68456,445,458,3,1454621742
68457,445,1126,5,1454621679
68458,445,754,5,1454621693
68459,445,755,4,1454621925
68460,445,763,4,1454621790
68461,445,3187,4,1454621892
68462,445,765,4,1454621808
68463,445,1045,2,1454622229
68464,445,1206,3,1454621996
68465,445,1147,2,1454621781
68466,445,1210,3,1454622171
68467,445,774,3,1454622158
68468,445,775,5,1454621688
68469,445,1130,4,1454622222
68470,445,3205,4,1454621884
68471,445,1049,2,1454622159
68472,445,1132,4,1454621820
68473,445,2051,2,1454622017
68474,445,810,2,1454621880
68475,445,1242,4,1454621853
68476,445,2127,3,1454622164
68477,445,1894,3,1454622156
68478,445,1255,3,1454622162
68479,445,1133,4,1454621837
68480,445,1051,3,1454622168
68481,445,903,3,1454621868
68482,445,239,3,1454621776
68483,445,1056,3,1454622001
68484,445,1058,4,1454621897
68485,445,241,4,1454621828
68486,445,243,4,1454621951
68487,445,1926,3,1454621879
68488,445,245,4,1454621786
68489,445,945,5,1454621676
68490,445,962,5,1454621836
68491,445,255,4,1454621812
68492,445,2540,5,1454621994
68493,446,482,3,843839379
68494,446,487,3,843839232
68495,446,488,4,843839379
68496,446,491,3,843839544
68497,446,492,5,843839379
68498,446,292,3,843839290
68499,446,496,3,843839504
68500,446,293,4,843839327
68501,446,461,5,843839272
68502,446,463,3,843839306
68503,446,294,3,843839593
68504,446,4,4,843839250
68505,446,5,4,843839306
68506,446,516,4,843839401
68507,446,525,4,843839420
68508,446,464,3,843839122
68509,446,9,4,843839401
68510,446,465,1,843839149
68511,446,530,3,843839327
68512,446,532,3,843839149
68513,446,533,1,843839441
68514,446,1027,2,843839441
68515,446,541,3,843839401
68516,446,550,2,843839207
68517,446,13,4,843839575
68518,446,557,4,843839544
68519,446,14,1,843839168
68520,446,15,3,843839441
68521,446,561,3,843839360
68522,446,562,3,843839522
68523,446,466,3,843839232
68524,446,571,3,843839483
68525,446,308,4,843839483
68526,446,468,2,843839344
68527,446,578,1,843839544
68528,446,584,2,843839360
68529,446,585,4,843839232
68530,446,588,3,843839207
68531,446,17,4,843839122
68532,446,470,3,843839272
68533,446,18,4,843839191
68534,446,598,3,843839306
68535,446,600,3,843839169
68536,446,604,5,843839420
68537,446,605,3,843839207
68538,446,310,3,843839593
68539,446,20,3,843839149
68540,446,609,3,843839343
68541,446,21,3,843839191
68542,446,314,4,843839327
68543,446,472,3,843839250
68544,446,23,3,843839271
68545,446,315,3,843839504
68546,446,622,3,843839250
68547,446,473,2,843839122
68548,446,634,2,843839191
68549,446,637,3,843839327
68550,446,1157,3,843839379
68551,446,639,3,843839232
68552,446,26,3,843839169
68553,446,27,4,843839191
68554,446,654,4,843839575
68555,446,28,3,843839271
68556,446,657,5,843839401
68557,446,320,3,843839360
68558,446,660,1,843839522
68559,446,29,5,843839306
68560,446,322,3,843839306
68561,446,1420,3,843839420
68562,446,1158,3,843839467
68563,446,2501,3,843839483
68564,446,828,3,843839290
68565,446,671,3,843839290
68566,446,323,3,843839149
68567,446,479,5,843839250
68568,446,33,4,843839122
68569,446,34,3,843839121
68570,446,35,5,843839169
68571,446,480,4,843839522
68572,446,324,4,843839168
68573,446,481,3,843839290
68574,446,38,4,843839504
68575,446,41,3,843839593
68576,446,43,3,843839522
68577,447,482,5,836961067
68578,447,487,3,836960825
68579,447,260,4,836961195
68580,447,972,5,836961153
68581,447,1401,3,836961178
68582,447,8,5,836960849
68583,447,526,3,836961393
68584,447,464,4,836960590
68585,447,465,4,836960630
68586,447,530,2,836960918
68587,447,532,4,836960630
68588,447,533,4,836961179
68589,447,558,4,836960872
68590,447,2546,3,836961347
68591,447,561,3,836961055
68592,447,466,4,836960825
68593,447,572,3,836962019
68594,447,468,5,836960918
68595,447,581,4,836961218
68596,447,585,5,836960849
68597,447,588,3,836960762
68598,447,589,5,836961106
68599,447,17,5,836960591
68600,447,591,5,836962019
68601,447,597,4,836961038
68602,447,18,3,836960662
68603,447,233,5,836960662
68604,447,600,4,836960662
68605,447,604,3,836961055
68606,447,605,3,836960825
68607,447,471,3,836960630
68608,447,311,3,836962144
68609,447,20,4,836960630
68610,447,609,4,836961067
68611,447,611,5,836961218
68612,447,21,4,836960873
68613,447,314,3,836961106
68614,447,22,5,836962042
68615,447,472,4,836960895
68616,447,23,4,836960918
68617,447,315,5,836961393
68618,447,619,4,836961886
68619,447,621,3,836962190
68620,447,622,3,836961038
68621,447,473,4,836960593
68622,447,625,4,836962276
68623,447,626,5,836962100
68624,447,474,3,836960849
68625,447,629,3,836962161
68626,447,1414,3,836960895
68627,447,1416,4,836962031
68628,447,634,4,836960763
68629,447,1157,4,836961132
68630,447,638,4,836962680
68631,447,639,4,836960872
68632,447,26,4,836960762
68633,447,643,4,836961920
68634,447,475,5,836961195
68635,447,27,4,836960895
68636,447,28,3,836961055
68637,447,657,3,836961317
68638,447,2655,4,836962224
68639,447,660,3,836962002
68640,447,477,5,836962129
68641,447,662,3,836962144
68642,447,665,4,836962083
68643,447,31,5,836961393
68644,447,32,4,836961055
68645,447,828,2,836961107
68646,447,671,5,836961086
68647,447,323,5,836960630
68648,447,479,4,836961016
68649,447,33,3,836960589
68650,447,34,3,836960587
68651,447,35,4,836960762
68652,447,480,4,836961903
68653,447,324,4,836960662
68654,447,481,4,836961086
68655,448,1,5,1019126661
68656,448,482,3,1019125424
68657,448,2,3,1019128536
68658,448,484,3,1019128415
68659,448,487,4,1019124400
68660,448,1400,2,1019563753
68661,448,491,5,1019138531
68662,448,493,2,1019132168
68663,448,3605,3,1019124922
68664,448,292,2,1019124231
68665,448,293,2,1019132949
68666,448,1860,3,1019227804
68667,448,4,4,1019132386
68668,448,5,4,1064741727
68669,448,506,1,1028111080
68670,448,507,2,1019133230
68671,448,516,2,1019124644
68672,448,7,3,1076328586
68673,448,519,3,1221250916
68674,448,1403,4,1019125396
68675,448,2544,2,1019128536
68676,448,523,2,1178982000
68677,448,526,4,1019124465
68678,448,464,3,1019137611
68679,448,465,2,1118166852
68680,448,528,3,1019125583
68681,448,531,4,1019137754
68682,448,11,3,1074420419
68683,448,532,4,1019142324
68684,448,534,3,1019132497
68685,448,1027,2,1080549606
68686,448,538,3,1058089154
68687,448,540,2,1206217384
68688,448,550,2,1019124858
68689,448,12,3,1034506007
68690,448,13,4,1059407171
68691,448,14,3,1019128257
68692,448,16,5,1019124071
68693,448,585,3,1019124575
68694,448,17,5,1019132316
68695,448,470,4,1019137717
68696,448,591,3,1057592358
68697,448,18,3,1028110820
68698,448,600,4,1092829881
68699,448,605,3,1104840673
68700,448,471,3,1019128536
68701,448,312,4,1019127381
68702,448,20,4,1019124455
68703,448,609,2,1061899719
68704,448,613,2,1019127065
68705,448,21,3,1019127614
68706,448,314,3,1019127559
68707,448,23,3,1019127943
68708,448,619,3,1032164700
68709,448,973,3,1019124675
68710,448,622,4,1019124324
68711,448,473,3,1019124334
68712,448,626,2,1324313611
68713,448,474,4,1019128484
68714,448,2548,2,1039945532
68715,448,1414,2,1019124939
68716,448,2167,3,1019137647
68717,448,633,3,1019128694
68718,448,634,3,1019124800
68719,448,635,3,1019128846
68720,448,636,2,1019128946
68721,448,637,3,1019127444
68722,448,638,3,1019128877
68723,448,639,3,1164743063
68724,448,26,4,1019142214
68725,448,643,3,1019124703
68726,448,2426,4,1178980875
68727,448,475,4,1019124231
68728,448,27,3,1019124292
68729,448,648,4,1019124939
68730,448,319,4,1019127800
68731,448,653,3,1019124621
68732,448,28,4,1019128140
68733,448,2170,3,1019123928
68734,448,2655,2,1019133230
68735,448,660,3,1019128680
68736,448,4487,2,1080752851
68737,448,4055,3,1019124632
68738,448,322,3,1019127800
68739,448,1095,4,1019123960
68740,448,30,4,1019127814
68741,448,31,3,1019125749
68742,448,32,3,1088933661
68743,448,1158,4,1079688049
68744,448,2501,4,1019128185
68745,448,828,3,1019126928
68746,448,671,3,1019127900
68747,448,479,3,1019124194
68748,448,33,3,1019125259
68749,448,34,3,1118166857
68750,448,35,5,1019132717
68751,448,480,4,1019126687
68752,448,36,4,1019126674
68753,448,481,3,1019127874
68754,448,325,5,1265660460
68755,448,37,4,1059899864
68756,448,674,4,1019126749
68757,448,6183,1,1057222213
68758,448,677,2,1019128616
68759,448,38,3,1019125129
68760,448,2659,3,1019127733
68761,448,1424,5,1059321444
68762,448,40,3,1019125666
68763,448,262,2,1019125022
68764,448,683,3,1019127943
68765,448,263,4,1019126661
68766,448,41,3,1019124354
68767,448,42,3,1019124675
68768,448,1428,3,1019128906
68769,448,1097,4,1028110529
68770,448,1429,3,1019125583
68771,448,1160,4,1489334885
68772,448,43,3,1019133014
68773,448,1430,4,1019128243
68774,448,1431,3,1019128497
68775,448,697,3,1028215249
68776,448,2444,3,1019138615
68777,448,698,3,1178981107
68778,448,1028,5,1019124147
68779,448,5702,1,1034616569
68780,448,708,1,1170357662
68781,448,336,4,1113129247
68782,448,45,4,1019125217
68783,448,46,4,1459083402
68784,448,724,4,1019132961
68785,448,7730,4,1092830001
68786,448,5496,4,1127643381
68787,448,50,3,1019125424
68788,448,1769,4,1019126928
68789,448,2898,4,1019125583
68790,448,3281,3,1019125340
68791,448,3282,3,1028110632
68792,448,1161,4,1092829992
68793,448,1448,2,1178982112
68794,448,1774,4,1019126704
68795,448,51,3,1028110848
68796,448,2446,3,1019138960
68797,448,863,5,1019126866
68798,448,55,4,1164622199
68799,448,56,5,1019125292
68800,448,57,4,1019126843
68801,448,1775,4,1019140874
68802,448,1135,5,1019124211
68803,448,832,4,1019133161
68804,448,341,3,1073143143
68805,448,61,4,1019125228
68806,448,342,4,1028790319
68807,448,343,5,1019127244
68808,448,62,5,1019131169
68809,448,2144,4,1019128060
68810,448,63,5,1019132326
68811,448,64,4,1019137594
68812,448,3698,3,1164622075
68813,448,65,4,1019141359
68814,448,66,4,1019123941
68815,448,976,3,1019141934
68816,448,725,2,1178981120
68817,448,2998,4,1019127479
68818,448,1451,3,1019125369
68819,448,3701,3,1019127916
68820,448,68,5,1019130885
68821,448,1099,5,1019132603
68822,448,1100,4,1028110632
68823,448,2175,4,1178980929
68824,448,350,3,1019127229
68825,448,1102,5,1019123928
68826,448,69,5,1019124147
68827,448,71,5,1019124147
68828,448,1029,2,1113129252
68829,448,1103,5,1019124194
68830,448,72,4,1034616598
68831,448,73,4,1036695762
68832,448,1136,5,1062423064
68833,448,74,5,1019123866
68834,448,75,5,1019132316
68835,448,76,3,1019124174
68836,448,78,3,1019563582
68837,448,1137,5,1019124147
68838,448,1105,4,1019126661
68839,448,1164,5,1019130838
68840,448,1138,5,1324744267
68841,448,1106,5,1029135309
68842,448,1139,4,1019127145
68843,448,82,3,1019124194
68844,448,2901,4,1028529850
68845,448,355,5,1019132735
68846,448,83,5,1019127163
68847,448,2145,5,1019125205
68848,448,85,4,1164622262
68849,448,357,4,1087644177
68850,448,86,5,1019127202
68851,448,87,5,1019124306
68852,448,1111,5,1019130913
68853,448,88,3,1113129256
68854,448,359,4,1019133301
68855,448,360,5,1019127258
68856,448,90,4,1019124231
68857,448,270,3,1019137559
68858,448,361,4,1019127202
68859,448,866,3,1019127163
68860,448,2558,5,1019139911
68861,448,1166,4,1019124400
68862,448,978,3,1019142275
68863,448,271,3,1019124621
68864,448,1469,3,1019124575
68865,448,1470,1,1156619857
68866,448,1167,3,1019123880
68867,448,1140,3,1019125396
68868,448,1471,2,1178981694
68869,448,93,3,1019124094
68870,448,1472,3,1019124528
68871,448,1473,4,1019124632
68872,448,1474,3,1019128158
68873,448,2147,4,1019124160
68874,448,3015,3,1019124822
68875,448,6368,1,1019140749
68876,448,362,4,1019124675
68877,448,2420,4,1019132804
68878,448,1475,3,1019127258
68879,448,94,4,1019132397
68880,448,995,4,1019126773
68881,448,95,2,1019124306
68882,448,1477,3,1019128400
68883,448,2086,2,1072546987
68884,448,5024,2,1037296402
68885,448,980,2,1019124858
68886,448,2179,2,1275824371
68887,448,1482,2,1023961104
68888,448,2453,5,1019127982
68889,448,1484,3,1019125110
68890,448,1485,2,1198865886
68891,448,3285,2,1019139399
68892,448,99,4,1019127505
68893,448,1031,3,1019132995
68894,448,1168,2,1032164659
68895,448,100,0,1075117988
68896,448,1491,1,1019125085
68897,448,1492,1,1208620099
68898,448,101,3,1019133014
68899,448,102,4,1019124455
68900,448,1496,3,1019127005
68901,448,1497,1,1019125633
68902,448,983,3,1046960166
68903,448,984,3,1019132896
68904,448,728,4,1019124211
68905,448,1500,4,1019127832
68906,448,104,4,1019132316
68907,448,105,4,1019132477
68908,448,1009,4,1058089200
68909,448,366,4,1019127396
68910,448,1501,3,1019132423
68911,448,3019,3,1019128658
68912,448,1505,3,1178981412
68913,448,108,4,1019124600
68914,448,1114,3,1019141513
68915,448,729,3,1019137845
68916,448,234,4,1081171097
68917,448,1514,4,1019124292
68918,448,1169,4,1019132386
68919,448,1515,2,1143893778
68920,448,5563,4,1019141562
68921,448,4060,1,1019132044
68922,448,730,4,1019137522
68923,448,1524,1,1117446465
68924,448,4220,2,1019139324
68925,448,5147,3,1019132194
68926,448,7731,3,1019128846
68927,448,4491,4,1019141117
68928,448,2674,3,1019128877
68929,448,996,3,1019133056
68930,448,990,3,1019124974
68931,448,2091,2,1444051656
68932,448,1534,3,1019128431
68933,448,731,3,1019124725
68934,448,991,3,1019124750
68935,448,114,4,1019127005
68936,448,379,4,1019127456
68937,448,2039,5,1019124211
68938,448,116,4,1019124244
68939,448,3501,3,1019137845
68940,448,1171,3,1019123894
68941,448,3138,2,1019132980
68942,448,117,3,1019126914
68943,448,382,3,1019127229
68944,448,2999,1,1161526179
68945,448,118,4,1019127319
68946,448,1034,3,1164622247
68947,448,992,3,1019124575
68948,448,1544,4,1019127916
68949,448,1545,3,1019128386
68950,448,119,3,1028110699
68951,448,1777,3,1019124400
68952,448,836,3,1019128039
68953,448,120,4,1019128140
68954,448,5199,5,1019124481
68955,448,1546,2,1072012999
68956,448,121,4,1019126704
68957,448,383,5,1019132771
68958,448,837,3,1082281251
68959,448,993,2,1178981888
68960,448,1550,3,1019133126
68961,448,5016,3,1019127044
68962,448,1553,3,1019126952
68963,448,1554,4,1019125595
68964,448,124,3,1019125353
68965,448,6000,3,1019125449
68966,448,5114,4,1019125633
68967,448,1557,2,1019563932
68968,448,126,4,1019125435
68969,448,1558,4,1019128577
68970,448,1779,4,1019126899
68971,448,1780,4,1019126704
68972,448,1561,3,1028110796
68973,448,129,4,1019126736
68974,448,131,3,1019133056
68975,448,998,3,1019127641
68976,448,134,4,1019124493
68977,448,1564,3,1019127430
68978,448,385,3,1019127711
68979,448,1565,4,1019128140
68980,448,1566,4,1019128158
68981,448,135,4,1164622254
68982,448,2680,3,1019563464
68983,448,5115,2,1057649467
68984,448,1570,3,1019128119
68985,448,138,3,1019126719
68986,448,1571,3,1019126914
68987,448,139,3,1019126749
68988,448,2150,3,1019126790
68989,448,2570,3,1019141823
68990,448,1574,1,1019125065
68991,448,1576,3,1019128468
68992,448,142,3,1019127479
68993,448,1141,4,1019132349
68994,448,2184,4,1019137951
68995,448,1581,4,1100099775
68996,448,5058,3,1019131482
68997,448,1585,2,1019128185
68998,448,144,1,1019124908
68999,448,7438,3,1019139281
69000,448,145,4,1019132349
69001,448,2488,3,1019139281
69002,448,3027,5,1019127129
69003,448,147,3,1019137680
69004,448,838,4,1019140840
69005,448,1594,3,1019127559
69006,448,1599,4,1164622080
69007,448,5060,2,1019123880
69008,448,150,3,1019142275
69009,448,1601,4,1040756375
69010,448,151,5,1019124231
69011,448,5121,3,1148466797
69012,448,7732,2,1019140795
69013,448,1602,3,1019128415
69014,448,1603,3,1019127748
69015,448,1604,2,1019563833
69016,448,1606,3,1019125813
69017,448,1861,2,1173560581
69018,448,1862,4,1164622167
69019,448,2913,3,1019132168
69020,448,2914,2,1028111003
69021,448,3640,2,1028111003
69022,448,5721,2,1028111003
69023,448,3641,2,1019132277
69024,448,1607,4,1019124546
69025,448,1863,2,1028111004
69026,448,1864,2,1019124400
69027,448,2576,1,1019124948
69028,448,2121,3,1019124481
69029,448,155,3,1019124279
69030,448,1610,4,1019127727
69031,448,2915,2,1019124094
69032,448,1173,3,1019139281
69033,448,1174,3,1019124750
69034,448,1175,3,1019124800
69035,448,1176,2,1019124908
69036,448,1611,3,1019128107
69037,448,156,3,1019125322
69038,448,1177,2,1019138730
69039,448,999,2,1021567112
69040,448,1618,3,1019133014
69041,448,1620,4,1019127850
69042,448,160,4,1049015553
69043,448,3292,3,1019125633
69044,448,7440,3,1019127763
69045,448,5307,4,1019125813
69046,448,161,3,1028110820
69047,448,163,3,1270312997
69048,448,1626,3,1019127974
69049,448,7733,3,1019139031
69050,448,7734,3,1019139712
69051,448,4070,3,1019139729
69052,448,7735,2,1019133272
69053,448,2917,5,1019138858
69054,448,165,3,1041617295
69055,448,2153,2,1064426223
69056,448,2918,2,1041617295
69057,448,5437,0,1492286211
69058,448,5726,3,1164622446
69059,448,1627,3,1127157795
69060,448,166,4,1019127343
69061,448,3294,4,1019127600
69062,448,167,2,1162753923
69063,448,168,3,1119106113
69064,448,2920,4,1019460299
69065,448,2583,3,1019128447
69066,448,170,2,1019124714
69067,448,171,2,1041272707
69068,448,172,2,1119469513
69069,448,173,3,1019124354
69070,448,174,3,1019125353
69071,448,1636,3,1019124858
69072,448,1637,2,1019125096
69073,448,178,4,1019128050
69074,448,400,4,1092562805
69075,448,7736,4,1032771794
69076,448,1003,4,1164622318
69077,448,1641,3,1019124655
69078,448,180,4,1092830272
69079,448,734,3,1028110848
69080,448,1179,3,1164622334
69081,448,1642,4,1019126888
69082,448,2585,2,1039177465
69083,448,181,5,1019127163
69084,448,735,3,1019128616
69085,448,2684,3,1045480175
69086,448,1117,4,1019125424
69087,448,2489,2,1019124736
69088,448,1648,3,1019564316
69089,448,3031,2,1318679277
69090,448,402,4,1019142152
69091,448,403,3,1045161657
69092,448,5125,2,1041941619
69093,448,404,4,1019127874
69094,448,5065,3,1019127916
69095,448,1650,4,1178980946
69096,448,405,5,1019125935
69097,448,3606,3,1041438705
69098,448,2490,3,1019128447
69099,448,2588,3,1019128447
69100,448,183,4,1019127363
69101,448,3297,3,1019142353
69102,448,2589,2,1035811807
69103,448,1654,3,1062677841
69104,448,1656,2,1019141991
69105,448,6182,3,1021877802
69106,448,1659,4,1019126704
69107,448,185,4,1043776610
69108,448,1660,3,1019128214
69109,448,3298,4,1019124621
69110,448,1663,3,1040237267
69111,448,7737,1,1042049388
69112,448,4909,4,1019127695
69113,448,2593,3,1019132837
69114,448,1667,4,1019127343
69115,448,188,3,1019125292
69116,448,1180,4,1019127308
69117,448,3033,4,1019133316
69118,448,2713,2,1019563833
69119,448,190,4,1091450131
69120,448,191,4,1091351489
69121,448,192,4,1091351325
69122,448,1181,5,1019124231
69123,448,1182,1,1117446468
69124,448,193,4,1019137594
69125,448,1669,5,1019125273
69126,448,410,4,1028529865
69127,448,2927,2,1019125784
69128,448,194,4,1164622139
69129,448,5129,3,1019132552
69130,448,195,4,1019125273
69131,448,1866,4,1092309194
69132,448,1867,4,1092829543
69133,448,196,5,1019124279
69134,448,197,4,1091450158
69135,448,198,4,1039515852
69136,448,1671,1,1019142393
69137,448,2191,4,1019124575
69138,448,276,3,1019133161
69139,448,2098,5,1019124045
69140,448,1674,3,1019132044
69141,448,199,4,1019128107
69142,448,200,4,1019126674
69143,448,1142,4,1019228504
69144,448,411,4,1019141327
69145,448,201,4,1058206489
69146,448,7738,4,1042220824
69147,448,1683,3,1019127505
69148,448,1684,3,1173560585
69149,448,1685,3,1019127748
69150,448,1686,3,1019142324
69151,448,1687,4,1019124279
69152,448,2194,4,1019138711
69153,448,1120,3,1019127516
69154,448,736,5,1019126661
69155,448,5072,2,1019132194
69156,448,1689,4,1038736356
69157,448,1038,2,1019563582
69158,448,205,4,1019125259
69159,448,841,3,1019139010
69160,448,1121,3,1019127614
69161,448,416,4,1019125340
69162,448,2197,4,1019137809
69163,448,2600,3,1019124750
69164,448,208,4,1019128431
69165,448,1696,2,1019132117
69166,448,2688,4,1019142353
69167,448,209,4,1092830346
69168,448,1697,4,1019128372
69169,448,418,4,1019127695
69170,448,2201,4,1019124365
69171,448,1184,1,1019124836
69172,448,1698,3,1019128734
69173,448,3235,3,1019138978
69174,448,1143,4,1019131482
69175,448,1699,1,1059899816
69176,448,4083,3,1064153466
69177,448,2689,1,1028111170
69178,448,2690,4,1019124481
69179,448,7739,1,1052647528
69180,448,7740,3,1476384001
69181,448,5045,2,1038486297
69182,448,1701,4,1023692566
69183,448,419,4,1054546273
69184,448,4867,4,1019132624
69185,448,1706,4,1019127308
69186,448,211,3,1019137698
69187,448,2930,2,1019563896
69188,448,7741,2,1019125722
69189,448,1712,4,1164622214
69190,448,1713,4,1019126875
69191,448,1714,4,1092830342
69192,448,1716,2,1019125648
69193,448,1717,3,1019137875
69194,448,1718,4,1019130925
69195,448,5691,3,1019128089
69196,448,215,4,1019127559
69197,448,216,4,1019127777
69198,448,1722,4,1019132949
69199,448,218,3,1019125583
69200,448,3040,5,1019125369
69201,448,3065,4,1481397441
69202,448,3041,4,1019123866
69203,448,424,5,1019133316
69204,448,6198,3,1040643593
69205,448,5741,3,1019141834
69206,448,1732,4,1019127569
69207,448,219,1,1189358111
69208,448,1733,2,1040065052
69209,448,1734,4,1039177544
69210,448,4685,3,1019125813
69211,448,2606,4,1323105296
69212,448,1042,2,1039794524
69213,448,5203,2,1143894549
69214,448,220,4,1019124292
69215,448,426,2,1019138595
69216,448,3042,1,1173725692
69217,448,7742,1,1044272089
69218,448,1740,1,1028111136
69219,448,2932,4,1019128089
69220,448,221,4,1033996657
69221,448,5047,4,1019127727
69222,448,738,2,1019124703
69223,448,1014,2,1052647614
69224,448,1868,3,1091701887
69225,448,1869,4,1173560529
69226,448,1870,3,1173560567
69227,448,222,4,1092044346
69228,448,2607,3,1178981400
69229,448,223,5,1019127174
69230,448,1145,5,1019125154
69231,448,5841,5,1019128536
69232,448,6399,3,1164622468
69233,448,4156,3,1164622491
69234,448,1747,2,1019133043
69235,448,1749,3,1019563464
69236,448,1751,2,1019125666
69237,448,3306,2,1019139031
69238,448,1015,2,1178981944
69239,448,227,3,1019128386
69240,448,228,1,1057481948
69241,448,1187,3,1019126687
69242,448,1757,4,1023205489
69243,448,1758,1,1032772474
69244,448,1795,3,1019124588
69245,448,7412,2,1085749829
69246,448,1759,4,1164622290
69247,448,2610,3,1019124939
69248,448,1188,2,1034505956
69249,448,2162,3,1019563833
69250,448,229,4,1019125762
69251,448,1763,2,1019133161
69252,448,4868,3,1043577943
69253,448,4274,3,1041155796
69254,448,1765,2,1038486175
69255,448,1018,3,1021877820
69256,448,6403,1,1035119788
69257,448,2612,3,1097751894
69258,448,2496,3,1028529886
69259,448,1872,5,1019127430
69260,448,739,4,1032164700
69261,448,5136,3,1019125044
69262,448,867,3,1038736408
69263,448,429,4,1038594345
69264,448,430,3,1040379687
69265,448,740,3,1033287500
69266,448,7743,0,1191614594
69267,448,1797,4,1024902820
69268,448,278,4,1296299329
69269,448,2208,3,1061919692
69270,448,431,4,1041504329
69271,448,2512,3,1021276640
69272,448,741,2,1023205435
69273,448,3308,3,1037641774
69274,448,4493,4,1023260776
69275,448,2209,2,1034096623
69276,448,1873,3,1173560541
69277,448,1799,3,1023692589
69278,448,742,2,1025507603
69279,448,432,3,1026118147
69280,448,433,4,1019127415
69281,448,1874,3,1092655873
69282,448,6413,4,1019128227
69283,448,1022,4,1035980807
69284,448,3310,2,1036086140
69285,448,1043,4,1028529781
69286,448,1805,2,1056199601
69287,448,437,2,1034700847
69288,448,440,3,1019137522
69289,448,1806,3,1019563504
69290,448,1875,3,1019128616
69291,448,7744,0,1263237066
69292,448,7074,2,1064153348
69293,448,4870,2,1019563932
69294,448,3311,3,1046198627
69295,448,2619,3,1019124686
69296,448,1876,5,1019127444
69297,448,2692,1,1028111115
69298,448,442,4,1019127998
69299,448,3313,1,1019140763
69300,448,3177,4,1164622228
69301,448,2621,4,1019128804
69302,448,5337,3,1019124986
69303,448,1023,3,1040065117
69304,448,2622,2,1068491368
69305,448,7745,2,1063909113
69306,448,3239,0,1074776936
69307,448,4469,2,1070185956
69308,448,1810,3,1052647694
69309,448,4930,2,1036612424
69310,448,4846,3,1066069447
69311,448,7746,3,1019226921
69312,448,3240,2,1019124546
69313,448,7747,3,1019132407
69314,448,7474,3,1019128072
69315,448,4932,4,1037531806
69316,448,445,4,1026978102
69317,448,5843,3,1052647653
69318,448,1811,2,1045826816
69319,448,5844,2,1062524267
69320,448,4933,3,1046111054
69321,448,2212,3,1038683557
69322,448,4092,1,1049015553
69323,448,2940,0,1061212887
69324,448,1191,4,1367761882
69325,448,2941,3,1044649729
69326,448,7421,2,1041504276
69327,448,1812,1,1041272707
69328,448,2625,3,1019127489
69329,448,2942,2,1019563464
69330,448,1813,4,1049015459
69331,448,2628,5,1019127641
69332,448,2629,4,1019137717
69333,448,1192,5,1019133301
69334,448,2630,3,1019128257
69335,448,4938,4,1019665475
69336,448,2943,2,1084272528
69337,448,2214,2,1045222339
69338,448,1814,2,1045072144
69339,448,2632,1,1160936767
69340,448,2634,3,1019127202
69341,448,1816,1,1041761553
69342,448,4939,3,1041155227
69343,448,1817,2,1044649616
69344,448,747,2,1054546199
69345,448,3319,2,1049015662
69346,448,2635,5,1019124644
69347,448,7748,3,1019125022
69348,448,7279,3,1089029542
69349,448,868,1,1063369190
69350,448,3179,3,1053249671
69351,448,6924,0,1164622587
69352,448,2638,1,1028111080
69353,448,6701,2,1019132117
69354,448,2640,1,1157273661
69355,448,1877,3,1019127850
69356,448,6420,3,1019128846
69357,448,3243,4,1019124005
69358,448,2693,1,1028111115
69359,448,7749,2,1019133189
69360,448,5845,2,1019132130
69361,448,1878,3,1019128484
69362,448,845,3,1019128257
69363,448,7285,2,1019128718
69364,448,2644,3,1019141546
69365,448,1146,5,1019125322
69366,448,3247,4,1019128279
69367,448,4096,3,1019128600
69368,448,6616,3,1019128894
69369,448,1879,2,1178981891
69370,448,2647,5,1019131273
69371,448,7750,1,1028717134
69372,448,4874,3,1028110767
69373,448,1822,4,1019124789
69374,448,748,1,1054455565
69375,448,2649,1,1154785482
69376,448,7751,4,1019127974
69377,448,6618,3,1178981173
69378,448,6619,2,1019124774
69379,448,3321,3,1019128521
69380,448,4101,3,1178981100
69381,448,2650,3,1019127943
69382,448,3322,4,1019128243
69383,448,2651,2,1178981559
69384,448,6423,3,1019128600
69385,448,1823,3,1178981442
69386,448,1194,2,1059899724
69387,448,4158,1,1053362146
69388,448,1824,4,1055609997
69389,448,7752,1,1019125749
69390,448,7753,0,1183909175
69391,448,1825,3,1059899914
69392,448,4947,5,1019127444
69393,448,4875,3,1019125648
69394,448,7129,2,1074711220
69395,448,1195,3,1060601459
69396,448,750,2,1061555032
69397,448,1829,3,1069097404
69398,448,2123,4,1019124244
69399,448,4951,3,1061467606
69400,448,751,2,1019563961
69401,448,1125,4,1126548392
69402,448,457,3,1061899745
69403,448,752,4,1071935179
69404,448,2513,2,1064137470
69405,448,458,3,1205164753
69406,448,1831,2,1053249262
69407,448,6626,2,1019124822
69408,448,5168,3,1074888974
69409,448,4233,5,1019124675
69410,448,7754,2,1178981850
69411,448,753,4,1019124380
69412,448,5369,3,1080652891
69413,448,1832,3,1070384303
69414,448,2404,3,1019125449
69415,448,7755,4,1019127669
69416,448,754,4,1041438979
69417,448,2219,2,1057147888
69418,448,2220,4,1074854977
69419,448,4498,2,1088413319
69420,448,4160,3,1019132541
69421,448,3326,4,1019127415
69422,448,2221,3,1171627869
69423,448,232,4,1019127145
69424,448,3646,1,1079632810
69425,448,6627,3,1019126914
69426,448,3647,0,1158491366
69427,448,1838,4,1082793481
69428,448,2697,3,1080810039
69429,448,2698,3,1070186007
69430,448,4162,2,1178981711
69431,448,4163,4,1164622121
69432,448,5775,1,1178981709
69433,448,7756,4,1019125920
69434,448,1841,3,1083488090
69435,448,1842,4,1033033106
69436,448,4477,3,1019125877
69437,448,2701,4,1019125869
69438,448,4478,2,1019125869
69439,448,7757,1,1019125851
69440,448,2954,4,1019127244
69441,448,757,4,1026288001
69442,448,7758,0,1261243271
69443,448,758,3,1119469511
69444,448,5776,4,1021307899
69445,448,1845,3,1082885201
69446,448,3327,3,1030693516
69447,448,6216,1,1178982196
69448,448,3649,2,1027666620
69449,448,1199,3,1042827236
69450,448,1846,1,1072963561
69451,448,4172,2,1084800144
69452,448,4110,2,1028110227
69453,448,759,4,1026715888
69454,448,2477,3,1084272507
69455,448,760,2,1028529803
69456,448,6427,2,1071155500
69457,448,1847,2,1171203561
69458,448,761,4,1034790010
69459,448,5869,2,1089029593
69460,448,4111,2,1086082505
69461,448,848,4,1028185558
69462,448,7759,5,1028110147
69463,448,2702,4,1028110163
69464,448,762,2,1076235449
69465,448,849,1,1158491351
69466,448,5387,5,1029240597
69467,448,5807,2,1087571213
69468,448,2703,4,1143893757
69469,448,5153,2,1085130850
69470,448,5511,4,1029240574
69471,448,3329,4,1029240574
69472,448,3252,3,1029240574
69473,448,3330,3,1029240574
69474,448,5871,2,1106409885
69475,448,2705,2,1031132337
69476,448,3748,2,1091351409
69477,448,1849,3,1087807823
69478,448,7537,3,1110041723
69479,448,1202,4,1178981006
69480,448,2046,1,1123436800
69481,448,7760,0,1074801350
69482,448,7761,3,1074715109
69483,448,7762,2,1082282242
69484,448,1851,4,1093768355
69485,448,3650,2,1087149734
69486,448,852,2,1173560547
69487,448,4483,1,1106484042
69488,448,3652,1,1127157797
69489,448,7763,5,1087150869
69490,448,4503,2,1268569904
69491,448,1205,3,1092829876
69492,448,2231,3,1094375921
69493,448,765,4,1042547681
69494,448,3188,4,1105617299
69495,448,857,4,1055107857
69496,448,873,2,1110109045
69497,448,766,4,1071155545
69498,448,1147,5,1313254231
69499,448,7550,3,1041963284
69500,448,3616,3,1100169060
69501,448,3141,4,1168120566
69502,448,1852,2,1143894768
69503,448,1854,1,1178982323
69504,448,3189,3,1098963762
69505,448,5210,1,1104245150
69506,448,3191,2,1059305279
69507,448,3655,2,1086005209
69508,448,2233,3,1104484674
69509,448,3192,4,1111752338
69510,448,7764,1,1054455977
69511,448,7564,2,1051433057
69512,448,7565,2,1049817300
69513,448,3193,3,1113580318
69514,448,768,4,1053503950
69515,448,7697,2,1054457691
69516,448,7566,2,1054457689
69517,448,769,1,1206302799
69518,448,1209,3,1104918778
69519,448,4120,5,1071935208
69520,448,876,3,1104061834
69521,448,1210,3,1066204686
69522,448,6702,3,1054457536
69523,448,7765,1,1054457487
69524,448,7766,4,1082282303
69525,448,2234,3,1054457422
69526,448,7767,3,1064154633
69527,448,1883,1,1105009312
69528,448,7768,0,1262200449
69529,448,770,1,1079084740
69530,448,2235,1,1175972047
69531,448,771,3,1066291868
69532,448,3070,1,1143894028
69533,448,3659,2,1098963715
69534,448,3071,1,1107689602
69535,448,7577,2,1190622002
69536,448,3333,1,1063909065
69537,448,2480,4,1166303478
69538,448,5418,2,1064154408
69539,448,5092,3,1064154385
69540,448,2960,2,1064154371
69541,448,2500,4,1064154376
69542,448,2775,3,1064154379
69543,448,2514,3,1121590454
69544,448,2047,3,1117446460
69545,448,7769,3,1405887477
69546,448,3668,2,1121515014
69547,448,7770,3,1064153909
69548,448,1215,3,1066069801
69549,448,7592,2,1066069810
69550,448,7771,3,1066069812
69551,448,5878,3,1065030178
69552,448,772,4,1123436756
69553,448,235,4,1067427681
69554,448,1216,1,1124010443
69555,448,3338,4,1066069477
69556,448,3195,3,1388070781
69557,448,3196,3,1074424277
69558,448,2243,3,1113128608
69559,448,2245,4,1229376515
69560,448,3261,3,1074423739
69561,448,2247,4,1074420683
69562,448,3262,1,1074423673
69563,448,2965,2,1074423579
69564,448,2967,3,1074423573
69565,448,6039,1,1178980613
69566,448,4241,2,1074423460
69567,448,3266,3,1074423410
69568,448,4982,4,1074423312
69569,448,7000,3,1143894736
69570,448,7315,4,1074423252
69571,448,7772,3,1074423259
69572,448,7316,2,1074423256
69573,448,7108,2,1074423194
69574,448,3143,5,1143894362
69575,448,3341,4,1157300800
69576,448,774,4,1111924609
69577,448,5881,3,1125857591
69578,448,775,4,1074121330
69579,448,2516,2,1137926409
69580,448,7773,1,1263060377
69581,448,2780,5,1074422250
69582,448,5882,2,1119778206
69583,448,5883,1,1328987046
69584,448,5749,3,1145127030
69585,448,3269,3,1137926432
69586,448,7774,3,1082793500
69587,448,1222,3,1359988244
69588,448,1048,3,1083742391
69589,448,3345,2,1084951203
69590,448,886,3,1143893844
69591,448,1884,3,1173560543
69592,448,1885,2,1173560573
69593,448,1886,2,1173560570
69594,448,2255,4,1097752197
69595,448,2970,4,1168120709
69596,448,6243,4,1087722064
69597,448,7329,3,1358694176
69598,448,7775,0,1262267722
69599,448,7776,0,1221415770
69600,448,7112,0,1101557729
69601,448,6656,2,1087571812
69602,448,7341,0,1087571692
69603,448,1226,2,1086005141
69604,448,3146,3,1227300647
69605,448,7213,1,1087571564
69606,448,7777,1,1087150729
69607,448,2048,3,1122228632
69608,448,2262,3,1087150615
69609,448,7134,1,1127643384
69610,448,782,4,1139138166
69611,448,887,3,1140952575
69612,448,7343,5,1087571380
69613,448,7344,3,1088862829
69614,448,5098,2,1088862670
69615,448,2049,3,1111503792
69616,448,2972,3,1143894336
69617,448,2264,3,1088862483
69618,448,783,5,1089029480
69619,448,1227,4,1103897903
69620,448,1049,3,1154957003
69621,448,784,3,1091273400
69622,448,7778,2,1091720265
69623,448,3350,3,1103897760
69624,448,1228,3,1144263537
69625,448,236,3,1151348983
69626,448,3351,3,1289220292
69627,448,788,3,1095688150
69628,448,2266,4,1118566433
69629,448,2790,3,1099048295
69630,448,5750,2,1178981879
69631,448,3354,3,1146503208
69632,448,1229,4,1149412996
69633,448,3355,2,1163440367
69634,448,792,4,1346003978
69635,448,793,2,1224341045
69636,448,795,4,1148466855
69637,448,798,2,1210007903
69638,448,2272,4,1145042155
69639,448,799,1,1154868241
69640,448,6660,3,1224340974
69641,448,7779,3,1136651990
69642,448,7780,3,1136651983
69643,448,289,1,1263728519
69644,448,7781,3,1171203513
69645,448,7782,2,1182417809
69646,448,2275,3,1177618482
69647,448,6256,2,1136651997
69648,448,6041,3,1260727330
69649,448,5592,1,1483206730
69650,448,1235,3,1182417918
69651,448,3149,3,1214056192
69652,448,2050,4,1425842922
69653,448,1237,3,1293386484
69654,448,3150,3,1151348999
69655,448,801,4,1145298010
69656,448,1891,2,1183206154
69657,448,7783,2,1104245514
69658,448,5914,2,1152437420
69659,448,805,3,1154202643
69660,448,7784,2,1234381331
69661,448,807,4,1120075344
69662,448,1239,3,1149412972
69663,448,2286,4,1205147908
69664,448,809,3,1119469509
69665,448,1240,4,1230326215
69666,448,895,2,1168196708
69667,448,810,3,1119106052
69668,448,3776,2,1261909117
69669,448,7785,3,1171203494
69670,448,812,3,1164491787
69671,448,1241,2,1160317577
69672,448,1892,4,1159096044
69673,448,4511,2,1162131898
69674,448,3371,3,1239464894
69675,448,2127,4,1148466824
69676,448,4313,3,1332087753
69677,448,5752,4,1160317629
69678,448,7786,3,1171203485
69679,448,1245,1,1176028700
69680,448,4994,2,1312122143
69681,448,1248,3,1293908134
69682,448,1249,4,1205700017
69683,448,2053,3,1171748674
69684,448,2296,3,1184426926
69685,448,2297,3,1169333691
69686,448,1895,3,1261691062
69687,448,2300,4,1148466801
69688,448,7787,2,1338652131
69689,448,5937,1,1166824406
69690,448,1251,3,1183289054
69691,448,1254,3,1144951458
69692,448,7627,2,1232228520
69693,448,1896,2,1146931490
69694,448,3510,2,1269179392
69695,448,3383,3,1261691072
69696,448,1897,2,1185655622
69697,448,817,3,1149709081
69698,448,818,3,1215636437
69699,448,2977,2,1200170816
69700,448,1255,2,1179061367
69701,448,3152,5,1158950611
69702,448,2806,3,1223742855
69703,448,821,2,1189284657
69704,448,1256,4,1406660764
69705,448,237,2,1192085518
69706,448,1899,3,1199735040
69707,448,5254,2,1252187976
69708,448,5000,1,1180296227
69709,448,4517,2,1191104574
69710,448,6047,1,1180460260
69711,448,6441,3,1205597681
69712,448,7788,4,1205154152
69713,448,4518,4,1206877207
69714,448,2316,4,1199222485
69715,448,238,4,1192374218
69716,448,822,4,1202674166
69717,448,5947,2,1205610364
69718,448,824,4,1168196899
69719,448,825,3,1202594209
69720,448,2320,3,1205618429
69721,448,3077,1,1192302220
69722,448,7789,4,1226505232
69723,448,2321,3,1205014676
69724,448,5951,2,1205959513
69725,448,7790,3,1218827311
69726,448,2323,4,1172235963
69727,448,3514,1,1231536791
69728,448,7636,2,1211142711
69729,448,1053,3,1325961893
69730,448,2326,4,1177618474
69731,448,5957,1,1199121390
69732,448,1262,4,1234700472
69733,448,900,3,1196096451
69734,448,2986,3,1209924436
69735,448,2979,3,1178305601
69736,448,1904,2,1232207756
69737,448,3407,3,1183072734
69738,448,1264,2,1179784344
69739,448,1907,3,1218574183
69740,448,7791,0,1492366240
69741,448,1267,1,1200155399
69742,448,7792,2,1483731413
69743,448,1269,2,1200758109
69744,448,1270,4,1198524288
69745,448,903,3,1198524298
69746,448,2058,3,1227390691
69747,448,2338,4,1209924449
69748,448,7645,2,1292688589
69749,448,7793,2,1311527441
69750,448,1275,4,1223742872
69751,448,3516,3,1234617873
69752,448,3423,3,1261996702
69753,448,5965,2,1215875639
69754,448,1054,3,1232207806
69755,448,3425,3,1262543180
69756,448,2129,2,1229198927
69757,448,1278,3,1374940238
69758,448,1279,4,1261909103
69759,448,1910,1,1262258700
69760,448,4525,3,1262517028
69761,448,7794,4,1408799638
69762,448,239,3,1232881338
69763,448,2351,4,1262337884
69764,448,1055,4,1274020860
69765,448,1912,2,1476562414
69766,448,1282,2,1230847506
69767,448,1283,3,1248638757
69768,448,1914,2,1262200436
69769,448,1284,2,1243238059
69770,448,1056,2,1293908110
69771,448,3081,2,1242564720
69772,448,1285,2,1252866333
69773,448,3082,3,1257528802
69774,448,5262,3,1262543188
69775,448,2982,3,1224340978
69776,448,240,3,1262290001
69777,448,910,3,1290872729
69778,448,7795,2,1223742842
69779,448,2131,3,1254335419
69780,448,7796,2,1309461632
69781,448,2369,3,1314445026
69782,448,1287,4,1226505092
69783,448,2377,3,1262433902
69784,448,3444,3,1262543184
69785,448,3445,3,1261909136
69786,448,912,3,1231681819
69787,448,1288,3,1261909094
69788,448,7797,1,1230396701
69789,448,3155,3,1293908132
69790,448,1151,4,1290877044
69791,448,914,3,1261258589
69792,448,2384,3,1264947081
69793,448,7155,3,1231537081
69794,448,7798,3,1232207748
69795,448,5266,3,1262543185
69796,448,7799,4,1291482540
69797,448,1293,4,1356808249
69798,448,7800,2,1317148553
69799,448,3452,3,1278848449
69800,448,4767,2,1294072975
69801,448,3084,3,1311517164
69802,448,241,3,1279364152
69803,448,1296,2,1288018890
69804,448,1152,3,1259155084
69805,448,3085,2,1322404945
69806,448,3454,3,1297715970
69807,448,1919,3,1259155095
69808,448,916,3,1323022889
69809,448,3456,3,1312122155
69810,448,7801,1,1314616111
69811,448,1297,3,1285449098
69812,448,4739,2,1291738010
69813,448,7802,1,1492455266
69814,448,2991,4,1364559000
69815,448,1920,1,1289837015
69816,448,7803,3,1256322001
69817,448,1298,3,1289145810
69818,448,1060,2,1325520450
69819,448,3459,3,1276341252
69820,448,1299,3,1314564585
69821,448,1061,3,1288640726
69822,448,7804,2,1309892195
69823,448,4532,2,1291653638
69824,448,6356,3,1317496659
69825,448,2525,4,1324744291
69826,448,6299,3,1292088078
69827,448,6522,3,1324315002
69828,448,2068,3,1313949654
69829,448,7805,4,1312658574
69830,448,3519,3,1328551831
69831,448,4771,3,1284236888
69832,448,4730,1,1319885998
69833,448,242,4,1290891795
69834,448,7806,1,1318679257
69835,448,5982,2,1328962391
69836,448,922,3,1321712791
69837,448,7807,1,1311102175
69838,448,291,1,1291399456
69839,448,6523,2,1444058854
69840,448,7808,2,1315003118
69841,448,927,3,1311011549
69842,448,3825,2,1328979270
69843,448,928,4,1310216014
69844,448,6358,3,1309892157
69845,448,1304,3,1317496647
69846,448,1305,3,1356808318
69847,448,7809,1,1312049946
69848,448,243,4,1311444922
69849,448,1307,3,1356808252
69850,448,4539,1,1306009221
69851,448,1308,3,1293886761
69852,448,3726,3,1312638561
69853,448,6525,2,1328470996
69854,448,7810,1,1329074250
69855,448,3522,2,1328471152
69856,448,7811,2,1340478819
69857,448,1310,2,1306781262
69858,448,1311,1,1308418362
69859,448,1312,4,1305405174
69860,448,6813,2,1309605307
69861,448,7812,2,1320489018
69862,448,1313,3,1308502687
69863,448,4731,2,1311505084
69864,448,7813,3,1320594057
69865,448,6306,1,1310215995
69866,448,3088,1,1310497290
69867,448,7814,3,1313949876
69868,448,3474,2,1315467254
69869,448,1314,2,1310153678
69870,448,1134,5,1293654824
69871,448,5984,1,1315753825
69872,448,932,3,1489165811
69873,448,245,4,1316888022
69874,448,1928,3,1327255410
69875,448,1929,1,1314458431
69876,448,2814,1,1321202997
69877,448,2730,3,1328375812
69878,448,7815,2,1345837301
69879,448,1315,1,1310238823
69880,448,4542,1,1311505062
69881,448,7816,2,1346527752
69882,448,1316,2,1315154579
69883,448,1318,3,1310228058
69884,448,7817,3,1345980025
69885,448,7818,3,1310066785
69886,448,5274,2,1323638811
69887,448,1319,4,1322927917
69888,448,7819,2,1322333467
69889,448,1153,4,1316888101
69890,448,246,4,1318095629
69891,448,933,2,1321720454
69892,448,6553,2,1322329754
69893,448,3090,4,1329575519
69894,448,3839,2,1325420433
69895,448,7820,3,1335116204
69896,448,4202,4,1306762590
69897,448,3841,1,1322942446
69898,448,1932,3,1324744251
69899,448,1933,3,1325533270
69900,448,4740,3,1302714531
69901,448,934,2,1325367521
69902,448,935,4,1328370855
69903,448,1154,4,1323097089
69904,448,7821,3,1314564596
69905,448,7822,1,1328371086
69906,448,7823,0,1322404967
69907,448,1935,1,1325083670
69908,448,6969,2,1384621717
69909,448,1155,4,1327257756
69910,448,3091,2,1314387349
69911,448,938,2,1338743542
69912,448,7824,4,1325083025
69913,448,4544,2,1324218176
69914,448,3842,1,1327259661
69915,448,3727,2,1333998886
69916,448,1321,2,1329060255
69917,448,7825,3,1323114261
69918,448,6031,1,1348347405
69919,448,3843,2,1325096888
69920,448,1064,3,1329590016
69921,448,939,2,1346521626
69922,448,1322,3,1336227603
69923,448,6527,2,1335702885
69924,448,7826,4,1316201594
69925,448,3481,3,1328542457
69926,448,3847,4,1329575435
69927,448,7827,2,1338824816
69928,448,1065,3,1332595368
69929,448,4545,3,1339331562
69930,448,7828,2,1338657549
69931,448,6064,2,1322927898
69932,448,6065,1,1335706779
69933,448,4546,2,1334515088
69934,448,7829,1,1338652134
69935,448,4253,2,1335719753
69936,448,6066,2,1340560807
69937,448,2526,4,1338824711
69938,448,3849,3,1352038070
69939,448,7830,2,1332090711
69940,448,5686,3,1342380490
69941,448,1324,3,1338720202
69942,448,3483,2,1342280329
69943,448,3851,2,1341165882
69944,448,1325,2,1339338836
69945,448,940,3,1340537139
69946,448,7831,2,1349117163
69947,448,3485,4,1342352504
69948,448,1327,1,1333998916
69949,448,2132,3,1358793434
69950,448,3093,3,1306601361
69951,448,941,3,1339331309
69952,448,1328,4,1347303112
69953,448,6070,3,1342211700
69954,448,2410,3,1341321041
69955,448,3094,1,1308418333
69956,448,6829,1,1316261764
69957,448,4547,2,1346610995
69958,448,3524,1,1341142100
69959,448,1938,0,1309285921
69960,448,4548,1,1338827195
69961,448,7408,2,1316371475
69962,448,2528,3,1356510643
69963,448,7832,3,1340478836
69964,448,1331,3,1341142078
69965,448,942,3,1358608911
69966,448,7224,2,1341260290
69967,448,1940,2,1348167893
69968,448,7833,3,1403449194
69969,448,1941,2,1351976991
69970,448,3855,2,1348777053
69971,448,3856,2,1340537120
69972,448,3486,2,1350761819
69973,448,7834,4,1472497292
69974,448,7835,3,1437765410
69975,448,7836,1,1355602518
69976,448,7837,1,1354367391
69977,448,3487,4,1318450117
69978,448,3095,4,1355584097
69979,448,1067,3,1368209995
69980,448,6074,1,1350834941
69981,448,3161,4,1367695291
69982,448,1942,2,1348917778
69983,448,7838,2,1345574423
69984,448,7667,3,1362238078
69985,448,6077,3,1368990175
69986,448,2820,2,1356205855
69987,448,3858,3,1357041435
69988,448,7839,2,1364138940
69989,448,7840,1,1373743906
69990,448,2821,3,1359491177
69991,448,3097,4,1359284029
69992,448,4208,2,1358614782
69993,448,3507,4,1359307126
69994,448,2822,3,1357071568
69995,448,4209,3,1357403679
69996,448,6529,3,1356880002
69997,448,7841,1,1347100087
69998,448,4550,1,1357893762
69999,448,7694,2,1328370503
70000,448,4780,1,1412446645
70001,448,250,3,1342728332
70002,448,1943,2,1377951757
70003,448,1334,2,1359988215
70004,448,5818,2,1394377404
70005,448,1944,2,1359301585
70006,448,4210,4,1369680698
70007,448,251,4,1356194044
70008,448,7842,1,1373227853
70009,448,6556,2,1366485592
70010,448,7843,1,1371302167
70011,448,7844,2,1355595506
70012,448,4212,1,1364052723
70013,448,6081,2,1356729800
70014,448,7025,2,1348315049
70015,448,7845,2,1350245861
70016,448,4551,1,1367060712
70017,448,3489,3,1364590802
70018,448,5672,2,1351539673
70019,448,6082,2,1359218818
70020,448,7846,2,1382815064
70021,448,7847,1,1371925097
70022,448,4552,1,1359231612
70023,448,3490,3,1357029139
70024,448,2827,2,1362231181
70025,448,6083,2,1369596924
70026,448,1945,4,1334514953
70027,448,6085,1,1367780373
70028,448,6086,1,1378653084
70029,448,7848,1,1387886171
70030,448,7849,2,1369660878
70031,448,7850,1,1433704205
70032,448,6557,1,1368282328
70033,448,946,2,1361039399
70034,448,6087,2,1372006763
70035,448,7851,2,1369655625
70036,448,4555,2,1377963360
70037,448,7852,2,1397303036
70038,448,1947,3,1359992764
70039,448,1948,2,1338145121
70040,448,6088,2,1371983752
70041,448,4257,3,1361119355
70042,448,1069,2,1374940194
70043,448,7853,3,1400437446
70044,448,7854,2,1346065679
70045,448,4556,2,1364126046
70046,448,3491,3,1367699194
70047,448,1949,2,1359200781
70048,448,4704,2,1374356300
70049,448,947,3,1370110263
70050,448,7855,3,1375631165
70051,448,6089,2,1377289915
70052,448,5819,2,1371309742
70053,448,1336,4,1353855417
70054,448,7856,3,1364059114
70055,448,949,3,1342380479
70056,448,6091,2,1383479112
70057,448,4557,2,1381672365
70058,448,7857,2,1374873073
70059,448,3494,1,1375631183
70060,448,951,4,1361711769
70061,448,3495,4,1348315017
70062,448,7858,2,1377516263
70063,448,7859,3,1378584502
70064,448,6094,2,1374399916
70065,448,5821,1,1373199417
70066,448,7860,2,1392570740
70067,448,1953,3,1472411722
70068,448,4558,1,1376847471
70069,448,7861,1,1378554396
70070,448,4733,2,1382793786
70071,448,3098,1,1348777036
70072,448,2829,2,1381666482
70073,448,2830,4,1388597590
70074,448,7862,3,1353855482
70075,448,6476,1,1433704214
70076,448,7863,1,1388835576
70077,448,1340,3,1392467584
70078,448,3870,2,1387055788
70079,448,7864,2,1387894354
70080,448,5823,2,1384612498
70081,448,7865,4,1399232826
70082,448,1954,3,1394385374
70083,448,2532,4,1388249677
70084,448,2734,3,1388565429
70085,448,7866,3,1387643304
70086,448,953,3,1386269567
70087,448,5282,3,1399742901
70088,448,7867,1,1398082810
70089,448,7868,1,1384016631
70090,448,7869,3,1377355019
70091,448,5013,2,1384026816
70092,448,3871,3,1371921150
70093,448,7870,1,1367270204
70094,448,1342,3,1398539219
70095,448,1343,2,1451566774
70096,448,7871,2,1393782241
70097,448,7872,1,1369655614
70098,448,2411,4,1393149574
70099,448,7873,1,1396094584
70100,448,3527,2,1391960604
70101,448,4705,2,1377355043
70102,448,252,3,1356183614
70103,448,3872,2,1393156808
70104,448,7874,2,1395502530
70105,448,7875,3,1411853981
70106,448,1344,2,1391943738
70107,448,7876,3,1361017948
70108,448,7877,3,1374953846
70109,448,7878,1,1396794908
70110,448,7879,3,1391975427
70111,448,7880,2,1401914096
70112,448,3876,1,1394367924
70113,448,7881,2,1392480189
70114,448,2831,1,1395514136
70115,448,6099,2,1399469265
70116,448,3878,2,1394918217
70117,448,7882,1,1415532900
70118,448,7059,1,1377355598
70119,448,7883,2,1401540479
70120,448,7884,1,1399147624
70121,448,3528,2,1408818164
70122,448,1071,2,1400416461
70123,448,7885,1,1378633987
70124,448,7886,4,1409509515
70125,448,7887,0,1492717843
70126,448,6102,3,1408300457
70127,448,3100,4,1401540496
70128,448,1346,3,1380312379
70129,448,7888,2,1396789784
70130,448,7889,2,1442492538
70131,448,3879,1,1412426313
70132,448,2133,3,1401128048
70133,448,1347,3,1380312400
70134,448,1956,3,1407579407
70135,448,3880,2,1386235249
70136,448,4565,2,1405112286
70137,448,7890,3,1490443736
70138,448,7891,1,1401128019
70139,448,3101,2,1386235185
70140,448,1959,4,1401651916
70141,448,7892,2,1382796664
70142,448,1960,1,1373135820
70143,448,4363,3,1431811714
70144,448,1072,2,1371921120
70145,448,1349,2,1408991160
70146,448,955,3,1489165815
70147,448,956,1,1408799647
70148,448,3102,4,1407011635
70149,448,1962,1,1406660742
70150,448,7893,1,1380569623
70151,448,7894,2,1406660751
70152,448,7409,1,1376739104
70153,448,6106,1,1412012574
70154,448,7895,2,1412018143
70155,448,1350,2,1409428197
70156,448,1965,3,1405881505
70157,448,7896,2,1442092243
70158,448,7230,1,1402162552
70159,448,7897,4,1439154367
70160,448,7898,2,1430057625
70161,448,1967,2,1409509528
70162,448,4566,1,1404662557
70163,448,1351,3,1408908578
70164,448,7371,2,1402155479
70165,448,7899,1,1419173382
70166,448,1073,4,1415470298
70167,448,7900,2,1408962245
70168,448,2835,4,1480157845
70169,448,3529,2,1408809332
70170,448,7901,1,1415740266
70171,448,6558,4,1413740600
70172,448,958,3,1412437686
70173,448,1968,2,1415645706
70174,448,6851,3,1411243546
70175,448,6108,1,1412012554
70176,448,1074,4,1410033778
70177,448,7902,1,1383863088
70178,448,1971,3,1420150263
70179,448,7060,4,1409392084
70180,448,1353,2,1414963234
70181,448,7903,2,1426362065
70182,448,7904,4,1418744545
70183,448,1972,2,1420388390
70184,448,7905,1,1446898911
70185,448,253,4,1420909802
70186,448,1355,3,1422209104
70187,448,7906,1,1422125150
70188,448,1974,4,1419784104
70189,448,1975,3,1421520824
70190,448,1976,3,1423924867
70191,448,961,4,1414261428
70192,448,3105,4,1387638835
70193,448,7907,1,1422808248
70194,448,7908,2,1442162036
70195,448,7909,2,1480162699
70196,448,1979,2,1425237473
70197,448,7910,2,1419788002
70198,448,7911,2,1438624811
70199,448,7912,1,1445716817
70200,448,2737,2,1445199005
70201,448,6110,2,1422904330
70202,448,1981,4,1424032074
70203,448,3892,2,1433093709
70204,448,6111,2,1430765988
70205,448,7913,2,1494080375
70206,448,6853,2,1431182418
70207,448,7914,1,1424020656
70208,448,7915,2,1405881635
70209,448,7916,2,1401128029
70210,448,7917,1,1426446817
70211,448,962,3,1430051891
70212,448,7918,2,1484509578
70213,448,254,3,1446324494
70214,448,1983,1,1430758387
70215,448,6112,1,1430653744
70216,448,963,2,1420392949
70217,448,1985,2,1429534829
70218,448,6531,3,1465151268
70219,448,1075,3,1426353299
70220,448,6910,2,1425142320
70221,448,6113,3,1422814063
70222,448,1987,2,1428076525
70223,448,7919,2,1438542786
70224,448,7920,2,1433082356
70225,448,4710,1,1432467245
70226,448,4571,2,1440358879
70227,448,7921,1,1434915641
70228,448,1988,3,1421005442
70229,448,3107,2,1442056298
70230,448,1357,3,1437851922
70231,448,6115,2,1434299815
70232,448,1989,2,1435505091
70233,448,2536,2,1431189563
70234,448,7922,1,1441024592
70235,448,7923,1,1446485804
70236,448,1990,3,1436040172
70237,448,1076,3,1436003724
70238,448,1991,2,1437765440
70239,448,7924,3,1437926422
70240,448,1993,4,1417546798
70241,448,4741,2,1440870535
70242,448,1358,3,1449501174
70243,448,2538,3,1444051599
70244,448,7925,1,1440358927
70245,448,6532,1,1433790679
70246,448,7231,2,1430048135
70247,448,4574,1,1439918833
70248,448,255,4,1449351903
70249,448,1077,3,1445112193
70250,448,4795,3,1440358908
70251,448,7926,2,1444075104
70252,448,3533,1,1437939241
70253,448,2738,2,1454778777
70254,448,6563,2,1441481958
70255,448,1078,3,1417546776
70256,448,7927,3,1436022177
70257,448,7928,3,1417546920
70258,448,6857,2,1490638082
70259,448,7929,1,1479835216
70260,448,3534,2,1441562929
70261,448,7930,1,1461440907
70262,448,3897,2,1443263800
70263,448,7931,3,1472584520
70264,448,7932,4,1446293357
70265,448,256,3,1447603253
70266,448,3535,3,1441569356
70267,448,1995,1,1445688797
70268,448,7933,2,1445711660
70269,448,3109,4,1450196550
70270,448,3496,1,1468076788
70271,448,1996,2,1461411036
70272,448,7934,2,1463239504
70273,448,3111,4,1460142912
70274,448,1079,3,1459265693
70275,448,7935,2,1433082348
70276,448,7936,2,1445682180
70277,448,3112,2,1444484278
70278,448,7937,3,1462122852
70279,448,6478,4,1447529477
70280,448,1998,4,1454251411
70281,448,3113,3,1422882861
70282,448,257,3,1450298411
70283,448,7938,1,1461356501
70284,448,7939,3,1437769085
70285,448,7940,1,1421591835
70286,448,4216,2,1451567453
70287,448,7941,2,1448816824
70288,448,7233,2,1454184194
70289,448,4575,1,1447594766
70290,448,7942,1,1435998508
70291,448,7943,2,1448310216
70292,448,1364,3,1449334366
70293,448,4796,2,1479834986
70294,448,7944,3,1441225425
70295,448,2001,2,1462209122
70296,448,2003,2,1446908340
70297,448,5449,1,1476616373
70298,448,7945,1,1466434602
70299,448,7946,2,1436700869
70300,448,7947,3,1453137366
70301,448,7948,1,1483821302
70302,448,3905,3,1492110133
70303,448,7949,2,1448739411
70304,448,7950,2,1441045203
70305,448,1365,3,1449951679
70306,448,7951,3,1455983626
70307,448,4381,3,1447864532
70308,448,7952,2,1449604930
70309,448,7953,2,1445682187
70310,448,2006,3,1448050198
70311,448,967,3,1456167046
70312,448,2007,2,1453059806
70313,448,7954,1,1459186712
70314,448,1080,2,1453584364
70315,448,4716,1,1449576688
70316,448,7955,2,1451579985
70317,448,7956,2,1461945772
70318,448,6034,2,1435700222
70319,448,7957,1,1474301155
70320,448,258,3,1460909750
70321,448,1081,3,1450464170
70322,448,4797,1,1490814279
70323,448,1366,3,1454948403
70324,448,1367,3,1473446107
70325,448,7234,1,1472294219
70326,448,1082,4,1483989092
70327,448,1369,3,1486936046
70328,448,1084,2,1498162906
70329,448,7958,2,1463332542
70330,448,3536,3,1451681053
70331,448,7959,2,1448298599
70332,448,7960,0,1492366231
70333,448,2541,0,1448552452
70334,448,7961,1,1447856998
70335,448,4798,2,1448976148
70336,448,7962,2,1498995013
70337,448,7963,2,1467660810
70338,448,7964,2,1472404409
70339,448,4692,2,1471463552
70340,448,6872,3,1465156246
70341,448,7965,1,1457787868
70342,448,3538,3,1450210315
70343,448,7966,1,1459258497
70344,448,7967,0,1447868930
70345,448,7968,1,1479379007
70346,448,3935,3,1451771581
70347,448,968,2,1459192248
70348,448,7969,1,1462213497
70349,448,7970,3,1473508483
70350,448,4589,2,1455989380
70351,448,6480,2,1458423103
70352,448,7971,2,1465066042
70353,448,2011,1,1474979005
70354,448,6481,3,1482948824
70355,448,3539,2,1456147797
70356,448,7972,2,1478185468
70357,448,4721,1,1460395876
70358,448,4217,2,1460208835
70359,448,2012,1,1459517655
70360,448,7973,5,1436031040
70361,448,7974,1,1454257367
70362,448,7975,2,1448121361
70363,448,7976,1,1475668755
70364,448,6568,1,1461954152
70365,448,7977,1,1482072450
70366,448,7978,2,1467568187
70367,448,7979,2,1465066061
70368,448,7980,1,1474972054
70369,448,2013,3,1460403925
70370,448,7981,1,1459512439
70371,448,7982,2,1467482303
70372,448,7983,1,1468076797
70373,448,7984,2,1487534496
70374,448,1085,4,1475668748
70375,448,7985,1,1459596384
70376,448,2014,3,1471809278
70377,448,2015,4,1468095409
70378,448,1086,4,1494080359
70379,448,7986,3,1467458600
70380,448,4218,4,1472153260
70381,448,4592,2,1463242723
70382,448,3116,2,1470249128
70383,448,2017,3,1470416022
70384,448,4804,1,1498934619
70385,448,1372,2,1469050657
70386,448,2018,4,1466434592
70387,448,2019,2,1473969899
70388,448,969,3,1456147804
70389,448,2851,1,1443283700
70390,448,4723,3,1477767407
70391,448,4597,1,1472294254
70392,448,7987,1,1459164933
70393,448,7988,1,1486412053
70394,448,4724,1,1462023798
70395,448,7989,2,1481130179
70396,448,7990,1,1478374712
70397,448,7991,1,1462127826
70398,448,7992,2,1451771590
70399,448,7993,1,1478200717
70400,448,2543,2,1458847358
70401,448,7994,0,1492953436
70402,448,2853,3,1483386370
70403,448,2021,2,1474657854
70404,448,2854,3,1443733663
70405,448,4725,3,1479834963
70406,448,7995,1,1450297616
70407,448,7996,2,1477679994
70408,448,1373,3,1482166656
70409,448,7997,3,1467397459
70410,448,2023,3,1465727277
70411,448,2024,2,1499028384
70412,448,7998,1,1485806308
70413,448,2025,2,1468319799
70414,448,971,2,1478196739
70415,448,7999,2,1472294240
70416,448,8000,1,1482590020
70417,448,6143,3,1462187665
70418,448,8001,2,1477941642
70419,448,2856,3,1480196795
70420,448,4726,2,1478451277
70421,448,8002,2,1475668765
70422,448,3117,3,1490451226
70423,448,7238,2,1485799658
70424,448,8003,2,1482009512
70425,448,2858,3,1472492996
70426,448,2027,2,1473962172
70427,448,2861,2,1476465026
70428,448,8004,1,1483284368
70429,448,8005,1,1474309547
70430,448,8006,2,1461356507
70431,448,1087,3,1478982940
70432,448,8007,2,1474224802
70433,448,8008,1,1459171686
70434,448,2862,3,1483041516
70435,448,8009,2,1491595292
70436,448,8010,2,1480004475
70437,448,8011,1,1474972061
70438,448,8012,2,1483221422
70439,448,8013,3,1476465033
70440,448,2745,2,1481141173
70441,448,8014,2,1472820632
70442,448,8015,2,1499103430
70443,448,7067,1,1479497996
70444,448,8016,3,1484418166
70445,448,8017,3,1487797588
70446,448,8018,2,1489843891
70447,448,6120,2,1482955460
70448,448,4601,2,1483284375
70449,448,3541,2,1479835003
70450,448,2864,3,1483989104
70451,448,8019,2,1464975088
70452,448,8020,2,1472845892
70453,448,8021,3,1471897318
70454,448,8022,2,1492962436
70455,448,8023,1,1478982951
70456,448,8024,2,1491595185
70457,448,8025,1,1489778733
70458,448,8026,2,1487877726
70459,448,8027,1,1493408730
70460,448,8028,0,1492286246
70461,448,8029,3,1479931510
70462,448,1088,2,1485785274
70463,448,4817,3,1488023561
70464,448,8030,2,1499107829
70465,448,4818,2,1479379015
70466,448,8031,4,1481226280
70467,448,8032,1,1480865867
70468,448,8033,2,1481226272
70469,448,8034,2,1481050984
70470,448,8035,4,1490814265
70471,448,8036,2,1485020411
70472,448,4603,2,1490979940
70473,448,7069,1,1498162858
70474,448,8037,2,1485028301
70475,448,8038,2,1498333296
70476,448,2866,1,1487366119
70477,448,4604,3,1489865514
70478,448,8039,2,1489778743
70479,448,8040,3,1489778727
70480,448,8041,2,1481041186
70481,448,8042,0,1492796600
70482,448,8043,2,1489610313
70483,448,8044,2,1496425063
70484,448,4002,4,1495392372
70485,448,4605,1,1492798724
70486,448,8045,2,1487874911
70487,448,8046,1,1476469445
70488,448,8047,1,1486412040
70489,448,8048,1,1490814292
70490,448,4607,1,1487534510
70491,448,1090,4,1497034759
70492,448,8049,2,1485108771
70493,448,8050,2,1490443726
70494,448,8051,3,1498162957
70495,448,8052,2,1490638075
70496,448,4611,1,1491595194
70497,448,4612,2,1493574706
70498,448,1387,2,1498162889
70499,448,8053,1,1470510722
70500,448,4827,2,1496068329
70501,448,8054,3,1494084533
70502,448,8055,2,1489841338
70503,448,8056,2,1482590532
70504,448,8057,1,1498588155
70505,448,8058,1,1472493010
70506,448,8059,1,1472929873
70507,448,8060,2,1490979956
70508,448,8061,1,1486228301
70509,448,8062,2,1495290841
70510,448,8063,2,1489862782
70511,448,8064,2,1493579286
70512,448,8065,2,1495290834
70513,448,8066,1,1479997877
70514,448,8067,2,1499620709
70515,448,8068,2,1492798718
70516,448,8069,2,1489337603
70517,448,8070,2,1496592295
70518,448,8071,2,1499019139
70519,449,293,4,1053200119
70520,449,5,4,1053199959
70521,449,541,0,1053198942
70522,449,589,4,1053200117
70523,449,233,5,1053199974
70524,449,619,3,1053198939
70525,449,29,4,1053199963
70526,449,690,1,1053198975
70527,449,64,3,1053200232
70528,449,79,3,1053200179
70529,449,2145,4,1053200135
70530,449,731,1,1053198922
70531,449,1777,1,1053199018
70532,449,836,2,1053198951
70533,449,120,2,1053198954
70534,449,126,2,1053198986
70535,449,1594,2,1053198998
70536,449,392,3,1053198934
70537,449,148,4,1053200107
70538,449,154,4,1053198946
70539,449,163,4,1053200223
70540,449,171,2,1053198994
70541,449,179,3,1053200189
70542,449,401,2,1053198958
70543,449,404,3,1053199011
70544,449,185,4,1053200226
70545,449,193,4,1053200109
70546,449,206,3,1053199004
70547,449,1872,2,1053199984
70548,449,2208,4,1053200229
70549,449,432,3,1053198925
70550,449,1022,4,1053200172
70551,449,437,3,1053200221
70552,449,440,3,1053200182
70553,449,445,4,1053199976
70554,449,1126,4,1053199972
70555,449,1202,4,1053199966
70556,449,765,2,1053199980
70557,450,6,2,974705218
70558,450,8,5,974704570
70559,450,1094,4,974705774
70560,450,16,5,974705741
70561,450,614,3,974704570
70562,450,661,3,974705163
70563,450,1420,4,974704982
70564,450,479,5,974704982
70565,450,38,4,974704498
70566,450,334,4,974704945
70567,450,1775,4,974704982
70568,450,61,4,974706008
70569,450,1102,5,974705774
70570,450,72,5,974705774
70571,450,356,4,974705022
70572,450,2147,5,974705853
70573,450,364,4,974704538
70574,450,1168,4,974705331
70575,450,102,3,974705093
70576,450,2461,5,974704982
70577,450,5112,3,974705364
70578,450,1540,2,974705391
70579,450,2905,4,974705930
70580,450,122,5,974704498
70581,450,147,4,974704982
70582,450,185,4,974704946
70583,450,4890,5,974705992
70584,450,841,4,974705331
70585,450,737,3,974705364
70586,450,2403,4,974705828
70587,450,5148,4,974704498
70588,450,1012,4,974705265
70589,450,1722,4,974705883
70590,450,423,4,974705044
70591,450,1040,5,974705093
70592,450,1041,4,974705218
70593,450,8072,4,974704776
70594,450,1014,4,974705163
70595,450,223,4,974705930
70596,450,1016,4,974705218
70597,450,1019,4,974704776
70598,450,1020,4,974704663
70599,450,5329,4,974704740
70600,450,1797,4,974704704
70601,450,278,4,974704663
70602,450,1021,4,974704663
70603,450,5332,2,974704819
70604,450,2937,4,974705022
70605,450,2715,4,974704740
70606,450,1798,5,974704663
70607,450,741,4,974704663
70608,451,1,5,854089165
70609,451,484,3,854089243
70610,451,3,4,854089242
70611,451,485,3,854089243
70612,451,492,5,854089172
70613,451,496,5,854089175
70614,451,293,5,854089163
70615,451,2432,4,854089769
70616,451,516,4,854089167
70617,451,521,5,854089243
70618,451,525,4,854089166
70619,451,973,3,854089243
70620,451,26,4,854285151
70621,451,475,3,854285151
70622,451,2169,3,854285151
70623,451,653,3,854089243
70624,451,35,5,854285151
70625,451,37,5,854089243
70626,451,38,4,854089171
70627,451,39,4,854089684
70628,451,1424,4,854089769
70629,451,326,5,854089331
70630,451,41,3,854089243
70631,451,42,3,854089165
70632,451,690,3,854089684
70633,451,43,3,854089163
70634,451,2427,3,854089331
70635,451,1431,1,854089331
70636,451,697,3,854089710
70637,451,2444,5,854089710
70638,451,706,4,854089743
70639,451,1162,4,854090644
70640,451,61,4,854089331
70641,451,1166,3,854089684
70642,452,487,4,1013395144
70643,452,972,4,1019580991
70644,452,4,5,1019581177
70645,452,2664,5,1019585277
70646,452,6,4,1013397998
70647,452,8,5,1013394732
70648,452,465,4,1019581098
70649,452,11,4,1013394759
70650,452,534,4,1019584677
70651,452,16,5,1013394673
70652,452,18,5,1019580826
70653,452,604,5,1013398347
70654,452,611,5,1019580676
70655,452,21,5,1019585497
70656,452,622,4,1019584545
70657,452,473,5,1019580751
70658,452,1157,4,1019580991
70659,452,27,4,1013395088
70660,452,29,5,1013395772
70661,452,1095,5,1013395184
70662,452,31,5,1019580899
70663,452,479,5,1013394732
70664,452,34,5,1019580705
70665,452,37,5,1019581156
70666,452,38,5,1019580795
70667,452,42,4,1019580846
70668,452,43,5,1013396422
70669,452,1028,5,1013394673
70670,452,708,2,1019580593
70671,452,724,3,1013395206
70672,452,1135,4,1013394799
70673,452,343,5,1019585436
70674,452,63,5,1019581156
70675,452,65,4,1019584576
70676,452,66,5,1013395206
70677,452,725,4,1013394459
70678,452,67,5,1019580705
70679,452,1451,5,1019584576
70680,452,68,5,1013396371
70681,452,69,5,1013395184
70682,452,70,5,1013394715
70683,452,71,5,1013394526
70684,452,1029,5,1019581156
70685,452,72,5,1013395218
70686,452,74,4,1013394824
70687,452,76,4,1013394673
70688,452,77,4,1013396622
70689,452,78,4,1013395144
70690,452,1137,5,1013394673
70691,452,79,5,1019580676
70692,452,82,5,1013395206
70693,452,84,4,1013397891
70694,452,356,5,1019585277
70695,452,85,5,1013398330
70696,452,86,4,1013394437
70697,452,87,5,1019580751
70698,452,90,4,1013394759
70699,452,2558,5,1013394437
70700,452,1166,5,1013396292
70701,452,271,2,1013394485
70702,452,1469,4,1019580826
70703,452,1167,5,1013394855
70704,452,1140,4,1019580826
70705,452,1471,5,1019580751
70706,452,2147,5,1013396622
70707,452,362,5,1019580991
70708,452,1475,5,1019585331
70709,452,1476,5,1013397945
70710,452,99,5,1013396347
70711,452,1031,4,1013394855
70712,452,1492,3,1013394526
70713,452,101,5,1013396235
70714,452,102,4,1013395144
70715,452,727,5,1013395256
70716,452,984,5,1019580899
70717,452,728,4,1019581177
70718,452,1500,4,1019585534
70719,452,985,5,1019580866
70720,452,104,5,1013394501
70721,452,105,5,1019584596
70722,452,366,5,1013395394
70723,452,1501,4,1013398024
70724,452,1032,5,1013395308
70725,452,1504,5,1019585417
70726,452,108,5,1019580795
70727,452,986,5,1019581043
70728,452,1512,5,1019584576
70729,452,1514,4,1019584656
70730,452,109,5,1013395862
70731,452,2399,5,1019580934
70732,452,2463,5,1019581043
70733,452,4220,4,1019580934
70734,452,996,4,1019584677
70735,452,1033,5,1013396317
70736,452,731,5,1019580965
70737,452,116,4,1013394745
70738,452,382,5,1013394485
70739,452,2905,5,1013397891
70740,452,118,4,1019580676
70741,452,1777,4,1013395144
70742,452,2183,4,1013398281
70743,452,837,5,1019580899
70744,452,122,5,1013394673
70745,452,135,5,1019580769
70746,452,5115,5,1019581070
70747,452,2040,5,1013396622
70748,452,1575,5,1013395104
70749,452,1141,4,1013394784
70750,452,146,5,1019584632
70751,452,1037,5,1013395118
70752,452,149,5,1013398113
70753,452,150,5,1019584545
70754,452,1607,5,1013396258
70755,452,1609,5,1019585277
70756,452,155,4,1013395071
70757,452,1115,5,1019584576
70758,452,163,5,1013398144
70759,452,165,4,1013395071
70760,452,5122,4,1019581070
70761,452,2918,5,1019580965
70762,452,167,5,1013394715
70763,452,4154,4,1019580705
70764,452,171,5,1013397976
70765,452,172,4,1013394544
70766,452,173,4,1013395104
70767,452,176,4,1013397891
70768,452,178,5,1013397998
70769,452,1638,4,1013398092
70770,452,400,5,1013396347
70771,452,180,5,1019585331
70772,452,1179,5,1013395578
70773,452,1116,5,1019584632
70774,452,1643,4,1013397945
70775,452,402,5,1013398330
70776,452,403,5,1019580723
70777,452,405,5,1019585497
70778,452,1658,4,1019584656
70779,452,2188,5,1019584576
70780,452,185,4,1013395486
70781,452,2592,5,1019581199
70782,452,188,4,1013395144
70783,452,1180,5,1019585381
70784,452,190,4,1013394784
70785,452,192,4,1013394799
70786,452,1866,4,1019580846
70787,452,1183,4,1013397945
70788,452,1684,5,1019580866
70789,452,1686,5,1019584576
70790,452,2194,4,1019580751
70791,452,204,5,1019581156
70792,452,416,5,1013395256
70793,452,1693,5,1019584596
70794,452,2688,4,1019584656
70795,452,2201,4,1013395810
70796,452,210,4,1013398044
70797,452,1701,5,1019585456
70798,452,1790,4,1019581098
70799,452,214,5,1019580965
70800,452,219,5,1013395256
70801,452,2606,5,1019585515
70802,452,220,4,1013394824
70803,452,221,5,1013395510
70804,452,738,5,1019580769
70805,452,1868,3,1013395088
70806,452,1747,5,1019580965
70807,452,224,4,1013395088
70808,452,225,5,1019580676
70809,452,1750,5,1019580965
70810,452,1187,5,1019585417
70811,452,1016,5,1013395810
70812,452,1759,3,1013394855
70813,452,2162,4,1013394544
70814,452,229,4,1013394825
70815,452,432,5,1019580646
70816,452,433,5,1019585381
70817,452,1874,3,1019580965
70818,452,1022,5,1019581199
70819,452,434,5,1019585436
70820,452,3310,5,1013395549
70821,452,1805,5,1019580899
70822,452,437,5,1013395837
70823,452,1876,4,1019580705
70824,452,3177,5,1013397915
70825,452,1023,4,1013398061
70826,452,1191,4,1013394855
70827,452,1813,4,1019580676
70828,452,1816,5,1019581098
70829,452,1817,4,1019581070
70830,452,747,3,1013395308
70831,452,1819,4,1013395308
70832,452,1146,4,1013398347
70833,452,748,5,1019580991
70834,452,1823,5,1013395578
70835,452,1824,5,1019585399
70836,452,7129,4,1019580504
70837,452,2123,5,1019580705
70838,452,751,4,1019580466
70839,452,3615,4,1019581023
70840,452,753,4,1013394745
70841,452,3326,5,1019580646
70842,452,2224,5,1019585277
70843,452,2235,4,1061327521
70844,453,1,5,1005966797
70845,453,487,2,972621985
70846,453,491,3,972622830
70847,453,292,3,972621787
70848,453,293,5,972621444
70849,453,461,4,972622496
70850,453,4,5,972622637
70851,453,5,5,972621262
70852,453,6,4,972622055
70853,453,519,4,1005967193
70854,453,8,5,972621723
70855,453,521,5,1005968135
70856,453,526,3,972622214
70857,453,11,4,1005968155
70858,453,532,5,972622184
70859,453,545,3,1005967989
70860,453,550,2,972622140
70861,453,557,5,1005967174
70862,453,14,5,1005967221
70863,453,16,4,972621703
70864,453,588,4,972622184
70865,453,17,5,972621220
70866,453,470,5,972622883
70867,453,18,3,972622184
70868,453,233,5,972621207
70869,453,471,4,1005967174
70870,453,21,5,1005967028
70871,453,314,5,972622830
70872,453,472,5,972620975
70873,453,23,5,1005967070
70874,453,315,5,1005966976
70875,453,619,5,1005967493
70876,453,622,4,972621787
70877,453,473,4,972622005
70878,453,634,4,972622125
70879,453,26,5,972621703
70880,453,643,5,972622080
70881,453,27,4,972621826
70882,453,660,4,1005967101
70883,453,29,3,972621207
70884,453,30,4,1005967028
70885,453,31,4,1005967288
70886,453,323,5,1005966844
70887,453,479,5,1005967918
70888,453,35,4,972621207
70889,453,481,4,1005967174
70890,453,37,4,972622467
70891,453,38,3,972621962
70892,453,326,4,1005967049
70893,453,41,4,972621007
70894,453,42,3,972622202
70895,453,1160,5,972622570
70896,453,43,3,972622080
70897,453,1430,4,1005967120
70898,453,1431,4,1005967347
70899,453,1432,3,972622125
70900,453,699,2,1005967668
70901,453,1028,4,972621643
70902,453,3006,5,1005968135
70903,453,336,3,1005965667
70904,453,1161,5,1005967269
70905,453,1135,5,972621667
70906,453,58,3,1005966959
70907,453,1449,4,1005968185
70908,453,60,3,972622883
70909,453,63,5,972621282
70910,453,65,3,1005968643
70911,453,2174,4,972622830
70912,453,68,5,1005966715
70913,453,349,4,972622737
70914,453,69,4,972621643
70915,453,72,4,1005968555
70916,453,74,3,972621007
70917,453,1137,4,972621643
70918,453,82,4,972621667
70919,453,2083,5,972621329
70920,453,85,5,972622589
70921,453,866,5,1005966756
70922,453,994,5,972622997
70923,453,978,5,972623013
70924,453,362,4,972622184
70925,453,2420,4,972622661
70926,453,995,5,1005967347
70927,453,1476,1,972623051
70928,453,1481,3,1005967269
70929,453,1485,4,1005967049
70930,453,2562,3,972622055
70931,453,1031,5,972621409
70932,453,100,3,972622102
70933,453,1494,5,1005967174
70934,453,101,5,1005967944
70935,453,102,4,972621867
70936,453,365,3,1005968202
70937,453,728,3,972621757
70938,453,1500,4,1005967239
70939,453,985,3,972622125
70940,453,104,4,972621207
70941,453,1008,3,972623117
70942,453,5110,4,972622102
70943,453,366,4,972621007
70944,453,1032,4,1005967944
70945,453,1505,5,1005967431
70946,453,108,1,1005967944
70947,453,729,5,972622883
70948,453,234,3,972622526
70949,453,2088,4,1005967269
70950,453,988,2,972623117
70951,453,1514,2,972621909
70952,453,1169,4,972622944
70953,453,109,5,1005966879
70954,453,1515,4,1005967086
70955,453,2672,5,1005967049
70956,453,110,3,1005966944
70957,453,730,4,1005966976
70958,453,111,4,1005966701
70959,453,2566,4,972623079
70960,453,370,4,972622981
70961,453,2904,3,972622637
70962,453,372,4,972623064
70963,453,2091,4,1005967028
70964,453,1532,3,1005967477
70965,453,3022,5,972621643
70966,453,731,5,1005968006
70967,453,1536,4,1005967944
70968,453,379,4,972621329
70969,453,118,4,972621757
70970,453,1777,4,972621884
70971,453,120,5,1005967327
70972,453,993,3,1005967708
70973,453,122,4,972621683
70974,453,127,3,1005968155
70975,453,1560,4,1005967460
70976,453,5115,1,972621007
70977,453,1575,4,1005968155
70978,453,146,3,972621867
70979,453,1037,4,972621826
70980,453,1593,5,972623138
70981,453,1597,5,1005966898
70982,453,392,5,972622713
70983,453,4221,4,1005967598
70984,453,148,4,972622556
70985,453,1599,4,1005967312
70986,453,150,2,972621867
70987,453,1601,4,972623097
70988,453,395,4,972622908
70989,453,2469,3,972622737
70990,453,154,2,972622513
70991,453,1609,5,1034602112
70992,453,274,4,1005967312
70993,453,4492,3,1005967221
70994,453,163,5,972622997
70995,453,1627,5,1005967028
70996,453,166,5,972622737
70997,453,1631,4,1005967493
70998,453,167,5,972621342
70999,453,1001,5,1005967028
71000,453,168,5,972622842
71001,453,4889,5,972621909
71002,453,399,4,972621297
71003,453,171,4,972622027
71004,453,172,5,1005967956
71005,453,732,4,1005967070
71006,453,400,5,1005967086
71007,453,2094,4,972622661
71008,453,179,4,972621297
71009,453,1003,3,1005967120
71010,453,180,5,972622556
71011,453,1179,5,1005966989
71012,453,401,3,972623117
71013,453,1117,4,972622080
71014,453,402,4,972622637
71015,453,403,5,972621867
71016,453,404,4,1005967269
71017,453,2589,4,1005967513
71018,453,184,2,972622184
71019,453,8073,4,972622589
71020,453,185,5,972621207
71021,453,5043,4,1005967137
71022,453,5044,4,1005967288
71023,453,2593,5,972622693
71024,453,188,5,972621770
71025,453,193,5,972622556
71026,453,194,4,972621826
71027,453,198,5,972621282
71028,453,2686,2,1005967312
71029,453,2041,4,972621310
71030,453,201,1,972623037
71031,453,1120,3,1005966862
71032,453,736,5,1005966797
71033,453,1689,4,1005967558
71034,453,2929,4,972623037
71035,453,415,2,972622883
71036,453,1121,4,1005967003
71037,453,416,5,1005966931
71038,453,2196,5,1005968121
71039,453,2600,4,972621826
71040,453,1695,3,972622290
71041,453,8074,4,972621539
71042,453,8075,5,1005965363
71043,453,207,4,1005967402
71044,453,208,5,1005967402
71045,453,1696,4,1005967764
71046,453,209,5,972622883
71047,453,1697,5,1005967416
71048,453,418,4,1005966959
71049,453,210,1,972622274
71050,453,7072,1,972621557
71051,453,1011,4,972622055
71052,453,1701,2,972621539
71053,453,2604,5,972621539
71054,453,1012,3,972622274
71055,453,3301,3,972622080
71056,453,423,3,972621475
71057,453,1040,3,972622253
71058,453,1013,3,972622274
71059,453,1731,4,972621501
71060,453,1733,3,1005966187
71061,453,1734,4,972621501
71062,453,425,5,972621501
71063,453,1042,3,972622005
71064,453,220,5,972621826
71065,453,221,4,1005965497
71066,453,5047,4,1005968419
71067,453,738,2,972621944
71068,453,1015,2,972622005
71069,453,228,4,972621909
71070,453,1187,5,972621475
71071,453,1757,3,1005968435
71072,453,1016,4,972621944
71073,453,8076,4,1034602863
71074,453,1188,5,972621501
71075,453,8077,5,972621516
71076,453,7459,4,1005966259
71077,453,229,3,972621091
71078,453,1017,4,972622274
71079,453,4274,4,972621592
71080,453,4687,4,972621091
71081,453,1796,3,972621091
71082,453,2496,3,972621539
71083,453,1019,2,972621130
71084,453,739,5,1005967312
71085,453,867,4,972621130
71086,453,1189,3,972621091
71087,453,429,4,972621066
71088,453,6203,1,972622376
71089,453,3722,4,1005965478
71090,453,740,3,972621066
71091,453,1797,4,972621091
71092,453,431,5,1005965865
71093,453,2512,4,1005966078
71094,453,2715,3,1005966078
71095,453,1798,5,1005966038
71096,453,4493,2,1005966259
71097,453,1799,4,1005966137
71098,453,432,5,1005965720
71099,453,1022,5,1005965852
71100,453,434,5,1005966021
71101,453,3310,5,1005966276
71102,453,1804,3,1005965902
71103,453,436,4,1005965902
71104,453,1043,5,1005965497
71105,453,1805,4,1005966187
71106,453,437,5,1005965478
71107,453,438,4,1005965926
71108,453,439,3,1005965939
71109,453,440,5,1005965432
71110,453,4929,1,1005965926
71111,453,2622,2,1005966137
71112,453,5341,3,1005965926
71113,453,1810,4,1005966118
71114,453,4930,5,1005966164
71115,453,5165,4,1005965746
71116,453,744,4,1005965973
71117,453,4932,4,1005965461
71118,453,445,5,1005965378
71119,453,5844,3,1005966164
71120,453,4933,4,1005966187
71121,453,2102,5,1034602863
71122,453,2212,4,1005966118
71123,453,447,5,1005965973
71124,453,4495,2,1005966291
71125,453,1812,4,1005968643
71126,453,4093,4,1005965902
71127,453,745,5,1005965497
71128,453,451,5,1005965926
71129,453,746,4,1005968500
71130,453,6338,4,1005965418
71131,453,1814,4,1005966221
71132,453,868,4,1005968404
71133,453,3179,3,1005966021
71134,453,5774,4,1005966687
71135,453,1880,5,1005966095
71136,453,1126,5,1034602008
71137,453,754,4,1018860207
71138,453,755,5,1018860260
71139,453,756,5,1034602083
71140,453,3183,4,1034602280
71141,453,1198,3,1034602312
71142,453,2223,3,1034602160
71143,453,1842,4,1034602261
71144,453,757,4,1034602292
71145,453,870,4,1034602241
71146,453,758,4,1034602334
71147,453,1845,1,1034602280
71148,453,1199,4,1034602280
71149,453,759,4,1034602261
71150,453,761,4,1034602280
71151,453,762,4,1034602132
71152,453,5089,4,1040621384
71153,453,764,4,1040621367
71154,453,6364,5,1040621339
71155,454,2504,3,1279476639
71156,454,7,3,1279476562
71157,454,1094,3,1284801892
71158,454,17,4,1279480116
71159,454,1412,3,1279476736
71160,454,4042,4,1279477625
71161,454,333,5,1284801956
71162,454,63,4,1279547244
71163,454,73,3,1279547273
71164,454,77,4,1279547312
71165,454,2900,5,1279476457
71166,454,1107,4,1284801912
71167,454,8078,4,1279478293
71168,454,5112,2,1279476680
71169,454,1540,3,1279476782
71170,454,384,3,1279547281
71171,454,2040,4,1279547251
71172,454,154,4,1279480591
71173,454,179,3,1279547320
71174,454,185,5,1279480578
71175,454,1661,4,1279476702
71176,454,2189,4,1279476463
71177,454,198,2,1279547277
71178,454,1723,4,1279476534
71179,454,278,4,1279547168
71180,454,6710,4,1279547262
71181,454,1125,3,1279547138
71182,454,1832,4,1279480611
71183,454,763,3,1279547141
71184,454,1147,4,1279547126
71185,454,4124,3,1279478860
71186,454,235,4,1279547365
71187,454,7317,5,1279477721
71188,454,1130,3,1284801946
71189,454,1230,3,1279547135
71190,454,5160,3,1284801901
71191,454,6258,3,1279479004
71192,454,1132,3,1279480436
71193,454,1051,4,1279547337
71194,454,2335,2,1279480358
71195,454,2059,3,1279547221
71196,454,3427,3,1279477672
71197,454,2523,3,1279547116
71198,454,1059,4,1279547211
71199,454,5627,3,1279547256
71200,455,488,4,836436201
71201,455,461,4,836436023
71202,455,5,3,836436049
71203,455,505,4,836436499
71204,455,8,4,836436000
71205,455,1094,3,836436083
71206,455,464,3,836435811
71207,455,9,3,836436222
71208,455,531,4,836435930
71209,455,532,3,836435854
71210,455,558,3,836436023
71211,455,569,3,836436201
71212,455,466,3,836435957
71213,455,467,4,836436244
71214,455,468,4,836436083
71215,455,2071,4,836436499
71216,455,584,3,836436146
71217,455,585,2,836436000
71218,455,588,3,836435930
71219,455,470,4,836436000
71220,455,597,3,836436114
71221,455,18,3,836435894
71222,455,598,3,836436023
71223,455,233,5,836435894
71224,455,600,3,836435894
71225,455,605,3,836435930
71226,455,471,3,836435857
71227,455,20,4,836435856
71228,455,609,4,836436244
71229,455,21,5,836436083
71230,455,314,4,836436378
71231,455,472,3,836436049
71232,455,23,3,836436114
71233,455,622,4,836436222
71234,455,473,3,836435812
71235,455,1414,3,836436049
71236,455,633,3,836436114
71237,455,634,3,836435930
71238,455,635,2,836436114
71239,455,637,3,836436201
71240,455,639,3,836436049
71241,455,26,4,836435957
71242,455,27,3,836436113
71243,455,28,3,836436259
71244,455,320,4,836436378
71245,455,29,5,836436304
71246,455,322,4,836436378
71247,455,1420,3,836436499
71248,455,1158,3,836436378
71249,455,671,5,836436412
71250,455,323,3,836435855
71251,455,479,3,836436146
71252,455,33,4,836435810
71253,455,34,3,836435808
71254,455,35,5,836435930
71255,455,324,3,836435894
71256,455,481,4,836436412
71257,456,1,5,856883308
71258,456,2,3,856883349
71259,456,484,3,856883349
71260,456,5018,4,856883450
71261,456,293,3,856883308
71262,456,1402,3,856883540
71263,456,506,2,856883450
71264,456,2421,4,856883468
71265,456,509,2,856883417
71266,456,519,3,856883383
71267,456,523,3,856883417
71268,456,524,4,856883417
71269,456,525,4,856883308
71270,456,16,5,856883383
71271,456,673,4,856883498
71272,456,675,4,856883417
71273,456,5020,3,856883637
71274,456,678,5,856883498
71275,456,38,4,856883308
71276,456,1159,4,856883383
71277,456,679,5,856883559
71278,456,681,4,856883540
71279,456,8079,3,856883750
71280,456,326,3,856883383
71281,456,688,3,856883450
71282,456,1426,4,856883468
71283,456,41,5,856883349
71284,456,42,3,856883308
71285,456,2660,3,856883450
71286,456,43,5,856883308
71287,456,693,4,856883450
71288,456,2427,4,856883349
71289,456,1431,4,856883383
71290,456,697,4,856883450
71291,456,1433,3,856883540
71292,456,1435,5,856883450
71293,456,60,4,856883707
71294,456,61,3,856883349
71295,456,6353,4,856883725
71296,456,1468,5,856883540
71297,456,2420,5,856883540
71298,456,995,4,856883559
71299,456,1476,5,856883668
71300,457,461,2,993610564
71301,457,8,5,993610382
71302,457,13,5,993610877
71303,457,16,5,993610795
71304,457,600,4,993610777
71305,457,27,2,993610357
71306,457,41,5,993610697
71307,457,45,4,993610398
71308,457,68,5,993610573
71309,457,70,5,993610548
71310,457,86,4,993610398
71311,457,1166,3,993610777
71312,457,271,3,993610795
71313,457,1469,2,993610777
71314,457,1470,2,993610777
71315,457,1167,5,993610795
71316,457,1140,4,993610777
71317,457,1471,4,993610777
71318,457,108,3,993610803
71319,457,131,4,993610697
71320,457,1601,3,993610867
71321,457,1608,4,993611002
71322,457,1615,2,993610929
71323,457,1115,4,993610992
71324,457,1001,4,993610838
71325,457,4154,3,993611064
71326,457,1632,3,993610906
71327,457,1633,2,993610957
71328,457,172,3,993610795
71329,457,179,4,993611016
71330,457,1003,3,993610856
71331,457,734,1,993611057
71332,457,1179,4,993610838
71333,457,401,3,993610906
71334,457,402,5,993611032
71335,457,405,5,993610630
71336,457,185,3,993610516
71337,457,193,5,993610718
71338,457,1683,4,993610599
71339,457,210,2,993611032
71340,457,422,2,993610917
71341,457,220,5,993610945
71342,457,3042,1,993610856
71343,457,1740,2,993610653
71344,457,738,3,993610984
71345,457,1015,5,993610945
71346,457,229,3,993610371
71347,457,1017,3,993611057
71348,457,1765,2,993610957
71349,457,429,4,993610536
71350,458,482,4,845653124
71351,458,484,3,845652992
71352,458,487,4,845651737
71353,458,292,5,845653030
71354,458,498,5,845652968
71355,458,463,4,845653086
71356,458,1401,3,845652560
71357,458,505,5,845652560
71358,458,516,5,845652537
71359,458,8,5,845651761
71360,458,464,5,845651602
71361,458,465,5,845651650
71362,458,531,5,845651737
71363,458,532,4,845651650
71364,458,540,5,845651761
71365,458,544,4,845652931
71366,458,549,5,845652931
71367,458,550,3,845651737
71368,458,305,5,845652931
71369,458,558,5,845652629
71370,458,561,4,845652668
71371,458,569,4,845653102
71372,458,467,3,845652560
71373,458,468,4,845652537
71374,458,3052,5,845652668
71375,458,586,3,845653064
71376,458,588,5,845651737
71377,458,17,4,845651603
71378,458,470,3,845651860
71379,458,18,4,845651670
71380,458,600,4,845651700
71381,458,605,5,845651737
71382,458,471,3,845651650
71383,458,20,5,845651650
71384,458,609,4,845652629
71385,458,21,5,845651700
71386,458,617,3,845652947
71387,458,472,5,845651796
71388,458,23,3,845651796
71389,458,622,5,845651796
71390,458,473,3,845651603
71391,458,637,4,845653086
71392,458,639,5,845651761
71393,458,26,5,845651670
71394,458,475,5,845652904
71395,458,27,5,845651700
71396,458,28,3,845651860
71397,458,322,5,845652581
71398,458,31,4,845652992
71399,458,671,5,845653030
71400,458,323,4,845651650
71401,458,479,3,845651796
71402,458,33,2,845651602
71403,458,34,3,845651602
71404,458,324,5,845651670
71405,458,481,4,845651860
71406,458,42,4,845652537
71407,458,719,4,845652311
71408,458,61,2,845652300
71409,459,16,4,1520233064
71410,459,167,4,1520232948
71411,459,1187,2,1520233639
71412,459,229,3,1520233570
71413,459,432,5,1520233574
71414,459,1043,4,1520233076
71415,459,752,4,1520233566
71416,459,757,4,1520233572
71417,459,763,5,1520233615
71418,459,764,4,1520233624
71419,459,876,5,1520233562
71420,459,780,4,1520233619
71421,459,783,3,1520233632
71422,459,795,5,1520233576
71423,459,1052,5,1520233627
71424,459,1053,4,1520234035
71425,459,241,4,1520233629
71426,459,916,5,1520233059
71427,459,927,5,1520233439
71428,459,243,4,1520234039
71429,459,245,4,1520232946
71430,459,949,3,1520232984
71431,459,1954,4,1520232979
71432,459,252,5,1520234032
71433,459,1083,5,1520233452
71434,459,4027,5,1520232994
71435,460,1,4,1359177505
71436,460,464,4,1359178152
71437,460,5288,1,1359176269
71438,460,233,5,1359176683
71439,460,21,4,1359178245
71440,460,1095,3,1359176916
71441,460,66,3,1359177501
71442,460,866,3,1359177382
71443,460,1479,3,1359176091
71444,460,727,5,1359178492
71445,460,234,4,1359177556
71446,460,2091,4,1359177731
71447,460,382,4,1359177527
71448,460,2465,4,1359176355
71449,460,395,4,1359176063
71450,460,167,4,1359176984
71451,460,5826,3,1359176295
71452,460,402,4,1359177051
71453,460,193,4,1359176773
71454,460,736,4,1359177518
71455,460,1725,3,1359177345
71456,460,220,5,1359177644
71457,460,1794,3,1359176400
71458,460,1018,3,1359176129
71459,460,4687,4,1359176518
71460,460,2512,3,1359176252
71461,460,1043,4,1359178114
71462,460,745,4,1359177586
71463,460,1815,4,1359177335
71464,460,4942,4,1359176469
71465,460,1125,4,1359176757
71466,460,752,4,1359177582
71467,460,753,4,1359177663
71468,460,754,5,1359177941
71469,460,755,5,1359177630
71470,460,1199,5,1359177879
71471,460,759,4,1359177785
71472,460,1204,3,1359176993
71473,460,765,5,1359177948
71474,460,766,4,1359177641
71475,460,876,5,1359177539
71476,460,3194,4,1359176275
71477,460,1046,5,1359177893
71478,460,771,4,1359177684
71479,460,3142,3,1359177713
71480,460,774,5,1359178253
71481,460,1218,4,1359177633
71482,460,775,5,1359177883
71483,460,2260,5,1359178035
71484,460,780,4,1359178182
71485,460,783,3,1359178200
71486,460,784,4,1359177607
71487,460,795,4,1359177621
71488,460,797,4,1359178229
71489,460,891,4,1359178207
71490,460,3774,3,1359176624
71491,460,1242,5,1359177895
71492,460,1894,4,1359178062
71493,460,1251,4,1359177873
71494,460,1252,4,1359177695
71495,460,2128,5,1359177737
71496,460,238,4,1359177866
71497,460,2317,4,1359177545
71498,460,1051,5,1359176796
71499,460,1052,4,1359176813
71500,460,824,4,1359177638
71501,460,2326,4,1359177903
71502,460,3154,4,1359178110
71503,460,904,4,1359177779
71504,460,1056,5,1359177886
71505,460,1916,4,1359177626
71506,460,1292,4,1359176411
71507,460,1059,3,1359176855
71508,460,916,4,1359178236
71509,460,1922,3,1359176538
71510,460,928,4,1359177849
71511,460,1926,4,1359178233
71512,460,245,4,1359176806
71513,460,246,4,1359176529
71514,460,933,4,1359176627
71515,460,1066,3,1359177008
71516,460,8080,4,1359176876
71517,461,541,4,1505935426
71518,461,16,0,1505935283
71519,461,233,4,1505935213
71520,461,21,5,1505935220
71521,461,26,0,1505935277
71522,461,27,0,1505935384
71523,461,29,3,1505935217
71524,461,322,4,1505935378
71525,461,671,4,1505935387
71526,461,35,4,1505935264
71527,461,1135,0,1505935380
71528,461,75,4,1505935438
71529,461,726,4,1505935259
71530,461,356,4,1505935267
71531,461,234,4,1505935222
71532,461,730,4,1505935273
71533,461,1171,3,1505935246
71534,461,167,0,1505935248
71535,461,402,4,1505935252
71536,461,204,4,1505935225
71537,461,220,0,1505935279
71538,461,241,0,1505935473
71539,461,243,4,1505935413
71540,461,1068,0,1505935430
71541,461,252,4,1505935404
71542,461,1073,0,1505935432
71543,461,253,5,1505935409
71544,462,1,1,1154037653
71545,462,487,3,1269929071
71546,462,491,3,1123893685
71547,462,292,4,1121923492
71548,462,496,3,1154037817
71549,462,293,3,1121921239
71550,462,462,3,1123891148
71551,462,4,4,1154037716
71552,462,5,3,1154037688
71553,462,295,3,1123890939
71554,462,1094,5,1121922577
71555,462,298,4,1121921801
71556,462,300,4,1130434078
71557,462,13,4,1154037292
71558,462,14,2,1385917618
71559,462,15,2,1154038040
71560,462,307,5,1196233072
71561,462,16,4,1140399826
71562,462,585,3,1154037845
71563,462,17,2,1123890816
71564,462,470,2,1154037858
71565,462,233,4,1127101020
71566,462,604,2,1121921080
71567,462,311,1,1121921438
71568,462,312,2,1121921444
71569,462,21,2,1127100963
71570,462,472,1,1121921449
71571,462,622,1,1154037677
71572,462,2426,2,1123890831
71573,462,28,0,1123892424
71574,462,657,2,1154037955
71575,462,320,3,1154037968
71576,462,29,1,1269929012
71577,462,3220,4,1122186673
71578,462,1095,3,1123891140
71579,462,2440,4,1123891848
71580,462,479,2,1154037648
71581,462,34,3,1269928992
71582,462,35,3,1123891493
71583,462,481,1,1269929045
71584,462,37,3,1123891152
71585,462,326,1,1123892466
71586,462,723,4,1123892004
71587,462,1160,2,1154037995
71588,462,706,0,1121921359
71589,462,1028,5,1388252488
71590,462,333,4,1123891840
71591,462,334,4,1121921162
71592,462,335,3,1121921373
71593,462,336,4,1123891831
71594,462,45,4,1154037891
71595,462,46,4,1121921147
71596,462,724,2,1123893232
71597,462,3543,3,1238456326
71598,462,2395,4,1121921378
71599,462,1135,1,1154024531
71600,462,343,4,1154037972
71601,462,62,5,1121921114
71602,462,63,3,1123893698
71603,462,64,4,1123891836
71604,462,346,2,1123893545
71605,462,66,1,1478489774
71606,462,3701,3,1233283579
71607,462,68,4,1130433405
71608,462,1099,3,1123893742
71609,462,3608,4,1201445750
71610,462,69,2,1123893572
71611,462,71,3,1488672595
71612,462,1029,2,1154037863
71613,462,72,3,1154038002
71614,462,73,3,1123890920
71615,462,74,1,1154037668
71616,462,75,4,1123891892
71617,462,76,3,1154037840
71618,462,77,4,1190437201
71619,462,78,3,1123890905
71620,462,1137,4,1214102466
71621,462,79,3,1123893415
71622,462,354,3,1121921051
71623,462,1138,5,1121928321
71624,462,1106,4,1121921095
71625,462,2079,4,1130434019
71626,462,2900,3,1123891505
71627,462,1453,3,1370129249
71628,462,82,4,1154037798
71629,462,4056,5,1515555516
71630,462,1165,4,1122186466
71631,462,726,1,1123890667
71632,462,865,5,1121928508
71633,462,2082,4,1123891805
71634,462,1107,5,1293374014
71635,462,83,3,1123890899
71636,462,84,2,1123893567
71637,462,356,4,1154037962
71638,462,1109,4,1138343577
71639,462,268,4,1293373000
71640,462,357,3,1123893430
71641,462,1110,4,1121921727
71642,462,86,1,1154037729
71643,462,1111,5,1121921293
71644,462,88,4,1121928493
71645,462,359,4,1123891899
71646,462,2146,4,1130433674
71647,462,360,3,1124158003
71648,462,3283,4,1121928891
71649,462,6186,1,1121921715
71650,462,2558,3,1123893719
71651,462,4894,3,1123893723
71652,462,1465,1,1124157963
71653,462,2418,4,1214003811
71654,462,1167,2,1123893244
71655,462,1474,4,1154038138
71656,462,2147,3,1140311193
71657,462,1475,4,1121928797
71658,462,3710,3,1123893395
71659,462,2087,0,1123892420
71660,462,364,3,1123893731
71661,462,99,2,1123890799
71662,462,102,4,1154037785
71663,462,104,4,1121922427
71664,462,366,3,1154038123
71665,462,1502,4,1384180462
71666,462,1032,3,1123890885
71667,462,834,3,1123891125
71668,462,108,5,1190437218
71669,462,729,4,1123891809
71670,462,988,2,1269929058
71671,462,8081,2,1126758443
71672,462,730,1,1171562142
71673,462,379,3,1123890876
71674,462,2038,5,1293373028
71675,462,116,5,1174438213
71676,462,1171,2,1154037877
71677,462,1537,3,1123891122
71678,462,382,4,1515196139
71679,462,383,3,1123891108
71680,462,122,2,1127101042
71681,462,2678,4,1123891919
71682,462,384,4,1124158233
71683,462,135,1,1154038059
71684,462,1572,3,1515196142
71685,462,386,3,1515196147
71686,462,2570,0,1171502799
71687,462,2907,4,1121922078
71688,462,388,4,1122186815
71689,462,1581,4,1171561996
71690,462,3027,4,1123891801
71691,462,3598,5,1121921615
71692,462,393,1,1121921627
71693,462,6146,3,1123891027
71694,462,5060,3,1123891103
71695,462,394,4,1293374508
71696,462,5061,4,1123891796
71697,462,5121,2,1123893563
71698,462,1602,1,1123892471
71699,462,1606,0,1127101363
71700,462,1609,0,1154037852
71701,462,1173,2,1174438249
71702,462,1174,1,1123892543
71703,462,1175,1,1174438240
71704,462,4492,3,1137445383
71705,462,5500,4,1515215344
71706,462,167,0,1154037742
71707,462,169,3,1123891116
71708,462,399,4,1123891991
71709,462,172,0,1140399820
71710,462,8082,4,1201445865
71711,462,400,3,1154037902
71712,462,7736,4,1201445877
71713,462,2096,4,1398516220
71714,462,5063,2,1123893615
71715,462,6489,4,1123891775
71716,462,402,2,1121921346
71717,462,1650,4,1121922375
71718,462,405,4,1123891767
71719,462,183,1,1154038024
71720,462,185,3,1154037735
71721,462,6389,3,1123891082
71722,462,2592,4,1370129504
71723,462,186,2,1123893597
71724,462,409,3,1123891090
71725,462,193,3,1154037881
71726,462,5068,3,1129037827
71727,462,410,4,1121928812
71728,462,194,4,1121921253
71729,462,195,2,1121921033
71730,462,198,3,1488672715
71731,462,2041,4,1123891790
71732,462,6457,3,1123893756
71733,462,4080,4,1370129361
71734,462,2503,2,1137445355
71735,462,2157,5,1370129281
71736,462,6326,4,1265661646
71737,462,1677,2,1121921939
71738,462,3550,4,1293374067
71739,462,5771,3,1159205388
71740,462,1686,1,1171502777
71741,462,205,4,1425220056
71742,462,4082,4,1201445784
71743,462,5076,4,1266469218
71744,462,2198,4,1122653562
71745,462,2688,2,1123893237
71746,462,3505,3,1123891033
71747,462,2494,4,1130433393
71748,462,5691,4,1122653599
71749,462,1719,4,1123891733
71750,462,3613,2,1123893607
71751,462,3038,2,1123893603
71752,462,215,2,1123890787
71753,462,1186,3,1123893781
71754,462,5081,3,1163121634
71755,462,3506,5,1214003734
71756,462,3066,4,1130433933
71757,462,5321,2,1123890717
71758,462,219,1,1154024557
71759,462,2606,1,1268537010
71760,462,5131,2,1163256210
71761,462,220,2,1136822144
71762,462,6200,3,1123891086
71763,462,4881,3,1201445667
71764,462,1123,5,1121922540
71765,462,1747,4,1123892019
71766,462,1124,3,1156556115
71767,462,229,4,1121921084
71768,462,3049,4,1123891727
71769,462,2934,3,1123890951
71770,462,8083,3,1121923436
71771,462,429,3,1123893370
71772,462,5330,1,1123890700
71773,462,3308,0,1123892413
71774,462,4923,3,1121928348
71775,462,8084,4,1265661893
71776,462,432,3,1123890969
71777,462,437,2,1123893621
71778,462,3140,4,1138343571
71779,462,7420,4,1123891742
71780,462,2211,4,1293373679
71781,462,8085,3,1201445899
71782,462,2634,2,1370129430
71783,462,3553,3,1174438196
71784,462,6693,4,1233040324
71785,462,3554,3,1123893792
71786,462,5774,2,1123890782
71787,462,454,2,1137445324
71788,462,6620,4,1138343636
71789,462,455,4,1233040396
71790,462,8086,4,1122186408
71791,462,1125,2,1137445400
71792,462,752,1,1162738772
71793,462,460,4,1266454059
71794,462,1126,1,1383870335
71795,462,8087,3,1121929115
71796,462,1832,1,1488673052
71797,462,754,4,1123892035
71798,462,1834,2,1137445327
71799,462,7026,2,1122653499
71800,462,8088,3,1515473642
71801,462,8089,3,1488672904
71802,462,8090,4,1201445657
71803,462,3183,3,1123890858
71804,462,8091,4,1201445858
71805,462,7099,4,1201445681
71806,462,757,1,1138343547
71807,462,5381,2,1123893593
71808,462,2045,3,1123893787
71809,462,1202,4,1190436691
71810,462,6638,1,1123892538
71811,462,2230,4,1121921838
71812,462,856,3,1488672716
71813,462,2773,4,1293373783
71814,462,765,4,1121921155
71815,462,2232,3,1137445092
71816,462,8092,4,1156556137
71817,462,861,3,1123890956
71818,462,8093,4,1293374024
71819,462,3561,4,1130434007
71820,462,3564,3,1121928938
71821,462,5285,5,1121922505
71822,462,1211,4,1123891716
71823,462,8094,2,1137445411
71824,462,8095,2,1472697747
71825,462,771,4,1137445122
71826,462,8096,5,1293373913
71827,462,7036,4,1265661974
71828,462,2480,3,1130433343
71829,462,4123,4,1121928370
71830,462,8097,4,1214003782
71831,462,1214,4,1123893884
71832,462,2239,3,1123890976
71833,462,1215,3,1123890823
71834,462,2241,1,1123890686
71835,462,6965,4,1196008899
71836,462,8098,4,1201445627
71837,462,8099,5,1201445807
71838,462,8100,4,1138343596
71839,462,2247,3,1123893774
71840,462,5780,3,1199339136
71841,462,5521,3,1123893349
71842,462,3143,3,1122186770
71843,462,775,4,1121922359
71844,462,2405,4,1214003827
71845,462,8101,3,1138425637
71846,462,3144,4,1121928755
71847,462,3573,4,1123891700
71848,462,8102,4,1123891755
71849,462,8103,4,1130433382
71850,462,8104,3,1201445634
71851,462,8105,3,1123891062
71852,462,5434,5,1414578103
71853,462,2048,3,1201445840
71854,462,4142,3,1123893326
71855,462,5526,4,1201445790
71856,462,8106,2,1293374287
71857,462,2049,3,1190436436
71858,462,3350,3,1123890836
71859,462,236,2,1123893262
71860,462,8107,3,1174690660
71861,462,788,2,1127100817
71862,462,3354,3,1123893332
71863,462,1229,4,1154038157
71864,462,792,4,1514777356
71865,462,5787,4,1123891722
71866,462,5528,3,1293374051
71867,462,5160,5,1121922633
71868,462,8108,4,1171561842
71869,462,6131,4,1233040411
71870,462,8109,3,1163121688
71871,462,8110,4,1190436223
71872,462,3148,4,1201445813
71873,462,5533,3,1201445737
71874,462,1236,3,1201410959
71875,462,5536,4,1201445712
71876,462,803,4,1125636775
71877,462,5802,4,1201445848
71878,462,8111,5,1201445771
71879,462,5919,3,1136822424
71880,462,810,2,1129103331
71881,462,812,1,1408390468
71882,462,3216,2,1125636733
71883,462,813,1,1123890674
71884,462,2974,3,1125636716
71885,462,6434,4,1123917109
71886,462,3371,3,1140399925
71887,462,814,3,1154024632
71888,462,8112,4,1293373596
71889,462,2294,4,1136822176
71890,462,2053,4,1137445178
71891,462,1253,4,1533521556
71892,462,8113,4,1158849903
71893,462,817,2,1158848886
71894,462,8114,4,1293373765
71895,462,3392,3,1201445695
71896,462,2316,4,1488672663
71897,462,1051,4,1171464879
71898,462,7633,2,1196008951
71899,462,824,1,1196000459
71900,462,2323,3,1171464321
71901,462,2326,3,1326569978
71902,462,3404,4,1293374321
71903,462,7040,4,1265661945
71904,462,2725,4,1190436354
71905,462,1269,1,1214004004
71906,462,6281,1,1478402062
71907,462,8115,4,1408390433
71908,462,3677,4,1201410864
71909,462,2059,3,1515215308
71910,462,8116,4,1265662119
71911,462,7394,4,1521292321
71912,462,2063,4,1265665537
71913,462,2366,4,1293373069
71914,462,2064,4,1485140974
71915,462,5814,4,1388277462
71916,462,2726,3,1233040298
71917,462,1151,4,1266808960
71918,462,8117,4,1293372955
71919,462,4739,3,1310786038
71920,462,1920,3,1385917646
71921,462,1060,1,1453171574
71922,462,2391,3,1265662019
71923,462,8118,3,1269928905
71924,462,922,4,1263589019
71925,462,3468,4,1265661674
71926,462,6935,5,1293373452
71927,462,6720,4,1268537211
71928,462,1310,4,1269928925
71929,462,244,4,1370129244
71930,462,5273,4,1293372985
71931,462,6060,4,1471576709
71932,462,247,4,1381362636
71933,462,1154,4,1388249013
71934,462,1155,3,1370129394
71935,462,8119,4,1312346388
71936,462,6820,5,1320417319
71937,462,2132,2,1381362708
71938,462,1328,3,1310786185
71939,462,1939,2,1312346375
71940,462,1941,4,1502594915
71941,462,8120,4,1320417301
71942,462,2529,5,1370129151
71943,462,7022,2,1326729525
71944,462,6076,3,1384180887
71945,462,3097,2,1326569966
71946,462,3507,4,1453169879
71947,462,1334,1,1478402078
71948,462,1338,4,1415463427
71949,462,1343,3,1484458488
71950,462,4561,3,1360901235
71951,462,8121,5,1456150743
71952,462,1346,3,1381362690
71953,462,1347,2,1435335723
71954,462,8122,4,1518931459
71955,462,6105,4,1486964318
71956,462,1967,4,1435335669
71957,462,3884,4,1378158322
71958,462,1074,4,1383870378
71959,462,8123,4,1409214711
71960,462,7907,3,1398516237
71961,462,8124,4,1414578131
71962,462,3107,3,1478402097
71963,462,4795,4,1502594912
71964,462,1362,3,1420384282
71965,462,3114,1,1515215270
71966,462,258,2,1455645572
71967,462,7234,2,1453169859
71968,462,1370,3,1506203358
71969,462,7963,4,1453171735
71970,462,5988,4,1478402160
71971,462,2855,3,1501297582
71972,462,2856,2,1472697787
71973,462,1376,4,1455645198
71974,462,3118,2,1500380988
71975,462,2862,1,1456117287
71976,462,2746,4,1455645343
71977,462,1379,3,1518931134
71978,462,8125,4,1515473938
71979,462,8126,3,1515473601
71980,462,8127,5,1455645862
71981,462,3119,4,1488684180
71982,462,8128,5,1472957474
71983,462,7055,3,1514777413
71984,462,8129,5,1478489531
71985,462,1391,4,1484458421
71986,462,8130,2,1478402051
71987,462,5458,4,1484542705
71988,462,8131,5,1486955414
71989,462,3122,5,1488169576
71990,462,3124,4,1499144915
71991,462,5037,2,1502594866
71992,462,8132,4,1536467407
71993,462,8133,4,1529413839
71994,462,8134,4,1515194979
71995,462,8135,4,1533519112
71996,462,8136,5,1529413865
71997,462,8137,4,1533519140
71998,462,8138,2,1536467299
71999,463,8,4,1145460295
72000,463,17,4,1145460490
72001,463,21,4,1145460298
72002,463,660,4,1145459361
72003,463,29,4,1145460304
72004,463,31,3,1145459400
72005,463,43,3,1145460355
72006,463,864,3,1145460096
72007,463,65,3,1145460035
72008,463,1137,4,1145460455
72009,463,2751,4,1145459413
72010,463,100,4,1145460019
72011,463,1510,4,1145460012
72012,463,1777,3,1145460032
72013,463,383,4,1145460514
72014,463,122,4,1145460281
72015,463,1575,3,1145460039
72016,463,215,3,1145459479
72017,463,1016,4,1145460023
72018,463,741,2,1145459381
72019,463,744,4,1145460361
72020,463,746,3,1145460333
72021,463,2220,4,1145460370
72022,463,758,4,1145460004
72023,463,765,5,1145460278
72024,463,1206,3,1145460409
72025,463,876,3,1145460028
72026,463,771,3,1145459443
72027,463,2243,3,1145460389
72028,463,775,5,1145460275
72029,463,3343,4,1145460102
72030,463,2049,3,1145460291
72031,463,1244,4,1145460284
72032,464,5018,2,1287400084
72033,464,491,4,1287400356
72034,464,3605,4,1275548142
72035,464,2164,3,1275548130
72036,464,496,4,1287400227
72037,464,260,4,1287400817
72038,464,293,3,1275548714
72039,464,4,5,1275549635
72040,464,8,5,1275548911
72041,464,532,5,1287399344
72042,464,2546,4,1275547964
72043,464,14,2,1287399493
72044,464,16,5,1275548679
72045,464,468,4,1287400458
72046,464,589,5,1275549621
72047,464,17,4,1275549518
72048,464,233,5,1287399102
72049,464,471,2,1287399288
72050,464,21,5,1287399078
72051,464,472,2,1287399372
72052,464,23,2,1287399467
72053,464,315,4,1287400348
72054,464,622,4,1287399772
72055,464,1411,1,1287398694
72056,464,473,3,1287399204
72057,464,27,4,1287399097
72058,464,29,4,1287399704
72059,464,1095,3,1287403335
72060,464,479,5,1287399128
72061,464,33,5,1275549373
72062,464,35,5,1287399083
72063,464,481,4,1287399477
72064,464,38,3,1287399315
72065,464,1159,2,1287400499
72066,464,43,3,1287399151
72067,464,1026,1,1287400528
72068,464,264,3,1275547368
72069,464,1028,5,1275549680
72070,464,1135,5,1325594435
72071,464,66,4,1275549800
72072,464,725,4,1287400261
72073,464,69,5,1275549376
72074,464,72,3,1275548772
72075,464,74,5,1275549267
72076,464,75,4,1275549653
72077,464,1137,5,1275549682
72078,464,79,5,1275550294
72079,464,82,4,1287399765
72080,464,978,2,1325594446
72081,464,362,2,1287400434
72082,464,2420,4,1284222996
72083,464,100,4,1325594764
72084,464,1497,1,1286919555
72085,464,728,5,1325589707
72086,464,104,5,1325590119
72087,464,106,5,1275549320
72088,464,1032,4,1287400391
72089,464,986,4,1275548123
72090,464,234,4,1287403240
72091,464,110,3,1287400673
72092,464,1518,3,1287399934
72093,464,2567,4,1275547943
72094,464,379,3,1287399805
72095,464,383,3,1287403857
72096,464,2183,4,1287399741
72097,464,122,4,1287399396
72098,464,124,3,1287398842
72099,464,126,2,1287400400
72100,464,148,5,1275548577
72101,464,1175,2,1275547992
72102,464,167,5,1275548673
72103,464,400,2,1287400200
72104,464,1865,2,1287402532
72105,464,402,5,1325594486
72106,464,185,4,1287399279
72107,464,188,2,1287400335
72108,464,193,5,1275549612
72109,464,5129,2,1275547958
72110,464,2192,5,1275547741
72111,464,211,5,1275547569
72112,464,219,2,1287398672
72113,464,220,5,1275549257
72114,464,1750,3,1275547904
72115,464,742,4,1325594503
72116,464,1022,4,1275549509
72117,464,1043,5,1287400404
72118,464,445,4,1287399793
72119,464,746,4,1325590426
72120,464,753,4,1287400304
72121,464,754,5,1275549389
72122,464,3182,5,1275549830
72123,464,1840,2,1325594173
72124,464,757,4,1287400268
72125,464,1199,3,1275549279
72126,464,765,5,1275549392
72127,464,766,5,1325594530
72128,464,1206,4,1287403490
72129,464,773,4,1287400789
72130,464,2967,4,1325594394
72131,464,775,5,1275549379
72132,464,886,5,1325594312
72133,464,2253,4,1275549231
72134,464,779,3,1275549437
72135,464,2270,3,1325593737
72136,464,799,4,1287399712
72137,464,2051,4,1275550299
72138,464,2126,2,1325594787
72139,464,809,5,1275549429
72140,464,1253,4,1295810274
72141,464,1898,3,1325594743
72142,464,238,4,1275549617
72143,464,5954,1,1286829789
72144,464,3409,4,1325594700
72145,464,903,3,1275549167
72146,464,2341,2,1325589774
72147,464,2059,3,1287403114
72148,464,8139,4,1325594014
72149,464,1910,2,1325589906
72150,464,239,3,1275548931
72151,464,4188,2,1325589249
72152,464,1055,3,1325589404
72153,464,8140,3,1325593872
72154,464,1056,2,1287398660
72155,464,8141,4,1325590405
72156,464,7397,3,1325594049
72157,464,2372,4,1325594208
72158,464,3444,2,1284887239
72159,464,5264,4,1325593985
72160,464,4192,4,1325594125
72161,464,2389,2,1325594145
72162,464,927,5,1275548743
72163,464,8142,2,1325590450
72164,464,8143,2,1325589624
72165,464,4333,5,1287403031
72166,464,1313,3,1325589401
72167,464,3088,2,1325590568
72168,464,245,5,1325589057
72169,464,8144,2,1325590952
72170,465,516,3,959896430
72171,465,1094,5,959895977
72172,465,3607,4,959895860
72173,465,585,3,959896430
72174,465,588,3,959896445
72175,465,600,3,959895475
72176,465,20,4,959896270
72177,465,21,5,959896608
72178,465,622,3,959896090
72179,465,639,4,959896237
72180,465,26,4,959896015
72181,465,475,4,959896120
72182,465,29,5,959896479
72183,465,1095,5,959895840
72184,465,35,5,959895941
72185,465,37,5,959895907
72186,465,723,5,959896479
72187,465,333,5,959895941
72188,465,334,5,959895962
72189,465,336,5,959896479
72190,465,724,5,959895962
72191,465,338,5,959895840
72192,465,1444,5,959896051
72193,465,2143,5,959896591
72194,465,1135,4,959895963
72195,465,63,5,959895993
72196,465,64,4,959896591
72197,465,65,4,959896322
72198,465,348,4,959895840
72199,465,349,5,959896573
72200,465,69,3,959896514
72201,465,1029,5,959896015
72202,465,73,5,959896514
72203,465,74,4,959895475
72204,465,76,5,959895941
72205,465,2077,5,959895941
72206,465,77,5,959895907
72207,465,82,4,959895963
72208,465,1107,5,959895821
72209,465,83,4,959896573
72210,465,1110,5,959895821
72211,465,1455,5,959896090
72212,465,269,5,959896573
72213,465,1113,5,959896514
72214,465,2558,4,959896068
72215,465,4894,5,959895860
72216,465,978,4,959896270
72217,465,981,4,959896394
72218,465,101,3,959896270
72219,465,984,4,959896357
72220,465,728,4,959896143
72221,465,104,5,959895821
72222,465,106,4,959896143
72223,465,1032,4,959896051
72224,465,3717,4,959896203
72225,465,1516,4,959896167
72226,465,1517,4,959896394
72227,465,2673,4,959896322
72228,465,1519,4,959895882
72229,465,370,5,959896032
72230,465,1033,3,959896167
72231,465,3059,4,959896532
72232,465,3023,4,959896218
72233,465,122,5,959896573
72234,465,3024,5,959896608
72235,465,385,4,959895475
72236,465,1565,4,959896292
72237,465,5200,4,959896120
72238,465,1037,4,959896203
72239,465,150,4,959896270
72240,465,157,4,959896591
72241,465,2580,2,959896430
72242,465,5500,4,959896237
72243,465,167,4,959896015
72244,465,172,2,959895496
72245,465,733,3,959896430
72246,465,1116,4,959896305
72247,465,402,5,959895941
72248,465,403,4,959896120
72249,465,4908,4,959895993
72250,465,2592,4,959896090
72251,465,2593,3,959896573
72252,465,188,4,959896120
72253,465,1785,4,959896608
72254,465,189,4,959896532
72255,465,1181,4,959895496
72256,465,195,4,959895860
72257,465,1686,4,959896143
72258,465,2201,4,959896167
72259,465,1184,3,959896430
72260,465,3037,5,959895860
72261,465,215,5,959896638
72262,465,1730,4,959896032
72263,465,1737,5,959895977
72264,465,738,2,959896292
72265,465,5133,4,959895555
72266,465,2161,4,959895645
72267,465,223,5,959895583
72268,465,1145,4,959895645
72269,465,5615,4,959895677
72270,465,1743,4,959895702
72271,465,1744,3,959896237
72272,465,1747,4,959895724
72273,465,1748,4,959895724
72274,465,1749,3,959895555
72275,465,224,4,959895677
72276,465,225,4,959895677
72277,465,1750,3,959895677
72278,465,1752,4,959895446
72279,465,8145,5,959895645
72280,465,5616,4,959895599
72281,465,6708,4,959895645
72282,465,843,4,959895724
72283,465,227,4,959895583
72284,465,232,5,959896514
72285,466,16,1,1439885060
72286,466,233,3,1439885041
72287,466,21,5,1439885221
72288,466,69,2,1439885052
72289,466,167,4,1439885067
72290,466,193,4,1439885103
72291,466,1012,4,1439915632
72292,466,220,4,1439885113
72293,466,1015,3,1439915398
72294,466,229,4,1439915235
72295,466,1764,4,1439915753
72296,466,1043,4,1439915273
72297,466,1811,3,1439915793
72298,466,1812,4,1439915448
72299,466,745,3,1439915233
72300,466,1816,4,1439915469
72301,466,1817,3,1439915510
72302,466,748,3,1439915422
72303,466,1880,3,1439915607
72304,466,1823,4,1439915434
72305,466,458,5,1439915283
72306,466,753,5,1439915252
72307,466,754,4,1439885080
72308,466,2220,3,1439915381
72309,466,756,3,1439915329
72310,466,757,3,1439915257
72311,466,1199,4,1439915266
72312,466,760,4,1439915394
72313,466,849,3,1439915697
72314,466,764,5,1439915304
72315,466,852,3,1439915631
72316,466,765,4,1439885197
72317,466,766,3,1439915281
72318,466,3191,4,1439915483
72319,466,2233,4,1439915640
72320,466,1209,4,1439915410
72321,466,876,3,1439915251
72322,466,1210,3,1439915401
72323,466,1883,3,1439915758
72324,466,771,4,1439915237
72325,466,235,3,1439915264
72326,466,773,4,1439915327
72327,466,775,4,1439885073
72328,466,1047,4,1439915952
72329,466,883,4,1439915549
72330,466,1048,3,1439915276
72331,466,1226,4,1439915559
72332,466,780,4,1439915315
72333,466,887,4,1439915623
72334,466,1049,4,1439915384
72335,466,784,4,1439915308
72336,466,793,4,1439915590
72337,466,795,3,1439915268
72338,466,1237,1,1439915474
72339,466,1891,3,1439915719
72340,466,893,3,1439915726
72341,466,895,4,1439915504
72342,466,810,3,1439885227
72343,466,1241,4,1439915789
72344,466,1894,4,1439915358
72345,466,1895,4,1439915468
72346,466,1897,4,1439915622
72347,466,817,3,1439915522
72348,466,3385,4,1439915827
72349,466,1255,4,1439915362
72350,466,1256,4,1439915339
72351,466,899,5,1439915798
72352,466,2320,4,1439915488
72353,466,1053,4,1439915393
72354,466,2979,3,1439915700
72355,466,1264,4,1439915574
72356,466,1907,4,1439915762
72357,466,2519,4,1439915538
72358,466,903,4,1439885206
72359,466,2058,3,1439915501
72360,466,1272,4,1439915637
72361,466,1054,4,1439915506
72362,466,2129,4,1439915842
72363,466,239,3,1439885077
72364,466,1055,4,1439915324
72365,466,1283,4,1439915649
72366,466,1056,4,1439915318
72367,466,1916,2,1439915388
72368,466,1057,4,1439916031
72369,466,2383,5,1439915959
72370,466,1290,3,1439915661
72371,466,1152,4,1439885219
72372,466,916,5,1439885233
72373,466,1297,4,1439915445
72374,466,918,4,1439915944
72375,466,928,4,1439915534
72376,466,243,4,1439916017
72377,466,1926,4,1439885230
72378,466,1313,4,1439915673
72379,466,1134,3,1439915533
72380,466,932,4,1439915872
72381,466,245,4,1439885225
72382,466,1318,3,1439915782
72383,466,1934,4,1439915705
72384,466,935,4,1439915524
72385,466,941,4,1439916008
72386,466,1328,3,1439915723
72387,466,1939,4,1439915677
72388,466,1067,3,1439915554
72389,466,1068,2,1439915733
72390,466,945,4,1439915812
72391,466,1343,4,1439915837
72392,466,254,4,1439885121
72393,466,1076,5,1439885202
72394,466,1994,4,1439916037
72395,466,1077,3,1439885128
72396,466,1078,3,1439885199
72397,466,1362,4,1439885122
72398,467,499,4,919671922
72399,467,296,5,919672099
72400,467,7413,4,919672275
72401,467,643,1,919672412
72402,467,29,5,919671539
72403,467,35,1,919672054
72404,467,43,2,919672355
72405,467,349,5,919671976
72406,467,2079,5,919671539
72407,467,994,4,919672054
72408,467,2450,4,919672099
72409,467,95,3,919672315
72410,467,988,4,919672054
72411,467,122,4,919671539
72412,467,3288,2,919672054
72413,467,392,5,919670453
72414,467,3289,3,919670793
72415,467,3642,2,919671156
72416,467,396,5,919670453
72417,467,1607,1,919670547
72418,467,1608,2,919670559
72419,467,8146,4,919670753
72420,468,1,4,831400444
72421,468,293,4,831400500
72422,468,463,5,831400519
72423,468,4,5,831400545
72424,468,8,4,831400500
72425,468,1094,3,831400545
72426,468,464,5,831400406
72427,468,465,3,831400427
72428,468,530,2,831400545
72429,468,531,2,831400464
72430,468,532,3,831400444
72431,468,540,3,831400500
72432,468,550,3,831400480
72433,468,558,4,831400499
72434,468,14,2,831400464
72435,468,466,4,831400480
72436,468,468,4,831400519
72437,468,585,2,831400500
72438,468,588,4,831400480
72439,468,17,3,831400406
72440,468,470,4,831400480
72441,468,598,3,831400519
72442,468,233,3,831400444
72443,468,471,3,831400427
72444,468,20,2,831400427
72445,468,473,4,831400406
72446,468,474,3,831400519
72447,468,633,2,831400545
72448,468,634,3,831400464
72449,468,323,3,831400427
72450,468,33,5,831400405
72451,468,34,3,831400406
72452,468,324,5,831400444
72453,469,1,4,965336888
72454,469,3,3,965336673
72455,469,487,2,965334356
72456,469,488,3,965425831
72457,469,2069,4,965335401
72458,469,293,5,965335350
72459,469,462,3,965846167
72460,469,463,2,965425327
72461,469,972,1,965335037
72462,469,294,4,965425742
72463,469,4,4,965336711
72464,469,5,4,965336630
72465,469,6,2,965334011
72466,469,513,4,965334954
72467,469,8,5,965333863
72468,469,1094,5,965662075
72469,469,521,3,965334011
72470,469,540,3,965335837
72471,469,545,2,965335966
72472,469,550,3,965334556
72473,469,13,3,965425699
72474,469,16,4,965333666
72475,469,585,2,965334440
72476,469,588,3,965334279
72477,469,589,4,965336739
72478,469,17,5,965336630
72479,469,18,3,965334440
72480,469,233,5,965662055
72481,469,2436,3,965425742
72482,469,600,2,965334310
72483,469,314,3,965425618
72484,469,23,2,965336711
72485,469,473,4,965334400
72486,469,635,3,965335945
72487,469,637,3,965425714
72488,469,25,5,965425798
72489,469,8147,4,965333419
72490,469,639,3,965336345
72491,469,26,3,965333831
72492,469,2426,5,965425364
72493,469,475,3,965333899
72494,469,27,3,965333973
72495,469,29,4,965845606
72496,469,975,5,965336202
72497,469,1095,5,965335217
72498,469,30,4,965425742
72499,469,1420,4,965425487
72500,469,31,2,965334475
72501,469,1158,5,965333831
72502,469,323,2,965425547
72503,469,479,4,965333794
72504,469,33,4,965846465
72505,469,34,3,965334034
72506,469,35,4,965661952
72507,469,37,5,965336630
72508,469,1422,3,965335435
72509,469,38,2,965334535
72510,469,1424,1,965335463
72511,469,3005,3,965425597
72512,469,41,3,965334034
72513,469,42,3,965336444
72514,469,2996,4,965334591
72515,469,723,5,965335315
72516,469,43,2,965334475
72517,469,1432,2,965334866
72518,469,702,3,965425513
72519,469,1028,5,965333666
72520,469,330,4,965336845
72521,469,331,3,965662154
72522,469,1438,5,965662104
72523,469,333,5,965662034
72524,469,334,5,965662055
72525,469,2754,5,965425327
72526,469,335,3,965336611
72527,469,336,5,965661904
72528,469,1098,3,965335241
72529,469,45,4,965662075
72530,469,337,3,965662034
72531,469,1442,3,965425327
72532,469,46,5,965661809
72533,469,724,5,965335373
72534,469,3543,4,965662034
72535,469,3053,3,965662034
72536,469,338,4,965335241
72537,469,1444,4,965425407
72538,469,6542,4,965846425
72539,469,3010,3,965336955
72540,469,863,4,965336236
72541,469,1135,4,965333794
72542,469,832,1,965334866
72543,469,720,3,965336773
72544,469,61,5,965425565
72545,469,342,3,965335373
72546,469,5051,4,965336221
72547,469,343,5,965425364
72548,469,62,5,965336888
72549,469,722,4,965333459
72550,469,345,4,965846225
72551,469,63,5,965336673
72552,469,64,4,965846279
72553,469,66,4,965333419
72554,469,976,3,965334518
72555,469,725,3,965334356
72556,469,2428,5,965661904
72557,469,67,5,965334011
72558,469,1451,4,965333899
72559,469,68,5,965336905
72560,469,4262,5,965661977
72561,469,348,4,965335273
72562,469,8148,3,965336955
72563,469,1102,5,965662034
72564,469,69,5,965333710
72565,469,70,5,965333764
72566,469,71,4,965333666
72567,469,351,5,965335315
72568,469,1029,4,965333750
72569,469,1103,5,965333710
72570,469,2396,4,965661836
72571,469,72,5,965335350
72572,469,1104,4,965661977
72573,469,73,5,965846390
72574,469,74,3,965333863
72575,469,1163,5,965661904
72576,469,75,4,965336611
72577,469,76,5,965333710
72578,469,1452,3,965333936
72579,469,77,4,965661925
72580,469,78,4,965333831
72581,469,1137,5,965333666
72582,469,79,5,965333794
72583,469,354,5,965662177
72584,469,1164,5,965336739
72585,469,1138,5,965846167
72586,469,1106,5,965336139
72587,469,2416,4,965846099
72588,469,2079,4,965333710
72589,469,1139,4,965336645
72590,469,2900,5,965336158
72591,469,2080,4,965661866
72592,469,1453,5,965425364
72593,469,82,4,965333750
72594,469,2081,5,965425565
72595,469,2901,5,965336905
72596,469,865,3,965846077
72597,469,2082,5,965335241
72598,469,355,4,965846252
72599,469,1107,5,965335241
72600,469,2176,3,965335350
72601,469,3012,3,965661836
72602,469,1454,4,965425618
72603,469,84,5,965846167
72604,469,356,5,965336955
72605,469,1108,4,965336611
72606,469,1109,4,965425656
72607,469,2145,5,965661983
72608,469,268,4,965846438
72609,469,85,5,965336955
72610,469,1110,5,965335241
72611,469,1455,4,965425407
72612,469,86,3,965335350
72613,469,2084,4,965335401
72614,469,87,5,965334076
72615,469,1111,4,965336845
72616,469,88,4,965336888
72617,469,1456,3,965336955
72618,469,2146,5,965333710
72619,469,360,4,965336980
72620,469,90,3,965333750
72621,469,3283,5,965336905
72622,469,1113,4,965662034
72623,469,2902,2,965335350
72624,469,2178,4,965662055
72625,469,361,4,965333794
72626,469,866,4,965425303
72627,469,2751,3,965334893
72628,469,1461,5,965846506
72629,469,92,4,965661925
72630,469,1166,3,965334230
72631,469,977,4,965846210
72632,469,978,2,965334279
72633,469,271,3,965334893
72634,469,1469,3,965334332
72635,469,1470,1,965334954
72636,469,1167,4,965334076
72637,469,1140,4,965334400
72638,469,1471,3,965335463
72639,469,93,4,965334211
72640,469,2147,5,965333666
72641,469,3015,3,965334954
72642,469,6368,2,965335164
72643,469,1475,5,965336863
72644,469,2087,4,965846372
72645,469,364,3,965336695
72646,469,2453,2,965425831
72647,469,1485,3,965425762
72648,469,98,4,965336739
72649,469,981,3,965334230
72650,469,1031,5,965334400
72651,469,1168,1,965334893
72652,469,1491,1,965335115
72653,469,1492,2,965335097
72654,469,102,3,965334076
72655,469,727,5,965335435
72656,469,103,4,965334400
72657,469,1007,2,965335000
72658,469,365,2,965334310
72659,469,728,3,965333973
72660,469,104,5,965335217
72661,469,106,4,965336345
72662,469,1032,5,965335769
72663,469,1504,3,965425487
72664,469,834,4,965846308
72665,469,108,1,965335769
72666,469,1510,3,965335788
72667,469,234,3,965846390
72668,469,367,5,965846053
72669,469,1169,3,965336673
72670,469,109,5,965336263
72671,469,1515,3,965425742
72672,469,1516,3,965335273
72673,469,1517,4,965334475
72674,469,1518,1,965335945
72675,469,730,4,965425513
72676,469,1524,2,965335000
72677,469,3021,2,965334076
72678,469,996,4,965334310
72679,469,2091,5,965425885
72680,469,373,3,965425303
72681,469,731,1,965334923
72682,469,1536,4,965335463
72683,469,379,3,965425885
72684,469,1170,4,965335812
72685,469,2676,5,965425547
72686,469,2401,5,965662104
72687,469,4899,4,965845945
72688,469,2038,5,965662104
72689,469,2039,5,965333794
72690,469,116,4,965333863
72691,469,3225,5,965846290
72692,469,4900,3,965846210
72693,469,4175,3,965425618
72694,469,1537,3,965425303
72695,469,3138,4,965335401
72696,469,382,5,965425565
72697,469,2905,5,965846279
72698,469,118,4,965333899
72699,469,1034,3,965334211
72700,469,3023,3,965335435
72701,469,3547,3,965335315
72702,469,2183,4,965335721
72703,469,837,3,965334279
72704,469,122,4,965333710
72705,469,1550,4,965335911
72706,469,126,3,965335769
72707,469,127,3,965334150
72708,469,1559,4,965425390
72709,469,128,5,965425831
72710,469,1035,4,965425618
72711,469,131,2,965335868
72712,469,998,3,965425831
72713,469,134,4,965334356
72714,469,1565,4,965336793
72715,469,1566,3,965425714
72716,469,135,3,965334034
72717,469,4064,4,965335721
72718,469,2680,3,965425798
72719,469,4672,4,965846183
72720,469,140,4,965661777
72721,469,1572,4,965425762
72722,469,387,4,965425798
72723,469,2040,4,965846465
72724,469,142,3,965425423
72725,469,5305,3,965336345
72726,469,388,5,965335217
72727,469,1141,5,965336673
72728,469,3026,5,965846333
72729,469,389,5,965661904
72730,469,390,4,965846099
72731,469,1581,4,965336980
72732,469,144,4,965334805
72733,469,145,3,965336773
72734,469,146,4,965334169
72735,469,1037,5,965333973
72736,469,273,5,965333750
72737,469,3027,4,965336980
72738,469,838,4,965336863
72739,469,2402,3,965425863
72740,469,1594,4,965336263
72741,469,2152,4,965335888
72742,469,3173,4,965845945
72743,469,1597,3,965425446
72744,469,392,3,965425423
72745,469,4674,3,965425699
72746,469,5499,4,965335435
72747,469,150,4,965334169
72748,469,1601,3,965425464
72749,469,151,3,965333710
72750,469,1861,3,965334492
72751,469,2469,5,965336695
72752,469,1607,4,965334440
72753,469,154,4,965425390
72754,469,1609,4,965336863
72755,469,1863,2,965334923
72756,469,1864,4,965334518
72757,469,155,3,965334211
72758,469,1610,4,965335721
72759,469,1173,2,965334591
72760,469,1174,2,965334866
72761,469,1175,2,965334973
72762,469,1176,1,965335115
72763,469,1611,3,965336469
72764,469,999,2,965335037
72765,469,158,3,965335966
72766,469,2916,3,965335769
72767,469,1618,3,965335463
72768,469,4069,3,965335989
72769,469,160,3,965425863
72770,469,3029,5,965334475
72771,469,163,5,965425656
72772,469,2917,4,965334805
72773,469,5185,3,965336003
72774,469,5500,3,965334011
72775,469,164,3,965334150
72776,469,165,4,965333899
72777,469,1629,5,965846321
72778,469,167,4,965335373
72779,469,1002,3,965425798
72780,469,399,4,965336920
72781,469,2921,2,965334332
72782,469,172,3,965334591
72783,469,173,3,965334150
72784,469,174,4,965334440
72785,469,1636,3,965334973
72786,469,1637,1,965335130
72787,469,6454,3,965335315
72788,469,3295,3,965335401
72789,469,2925,3,965846077
72790,469,1638,3,965335888
72791,469,400,2,965333459
72792,469,7736,1,965846239
72793,469,1641,3,965334169
72794,469,181,4,965425390
72795,469,2095,4,965335217
72796,469,4844,4,965846493
72797,469,2685,4,965846146
72798,469,6489,3,965425597
72799,469,1648,3,965336283
72800,469,5064,3,965425597
72801,469,402,5,965845908
72802,469,5065,4,965425677
72803,469,1650,5,965425338
72804,469,405,3,965336980
72805,469,2587,4,965425487
72806,469,183,3,965425446
72807,469,1652,3,965334440
72808,469,1653,5,965336845
72809,469,5580,3,965334866
72810,469,275,3,965335989
72811,469,185,5,965333510
72812,469,1662,3,965425798
72813,469,2592,5,965846425
72814,469,186,5,965333863
72815,469,2593,3,965846225
72816,469,840,5,965335721
72817,469,2189,3,965845908
72818,469,1667,3,965425513
72819,469,188,4,965333936
72820,469,1180,4,965425831
72821,469,408,4,965662207
72822,469,190,4,965333750
72823,469,191,3,965333863
72824,469,192,3,965333750
72825,469,1181,4,965333899
72826,469,3231,4,965333510
72827,469,1669,5,965335435
72828,469,410,4,965336905
72829,469,194,3,965334011
72830,469,195,2,965335273
72831,469,1866,3,965334356
72832,469,196,4,965334211
72833,469,197,3,965334150
72834,469,198,5,965333510
72835,469,2041,3,965846308
72836,469,2191,5,965334211
72837,469,1119,5,965425244
72838,469,1675,3,965335837
72839,469,199,2,965335812
72840,469,2157,5,965336920
72841,469,1142,3,965425446
72842,469,5501,5,965846390
72843,469,1682,4,965335721
72844,469,1683,4,965333459
72845,469,1684,2,965333568
72846,469,5772,4,965661866
72847,469,1687,4,965333863
72848,469,1120,5,965425446
72849,469,204,5,965333531
72850,469,3504,5,965846279
72851,469,415,4,965846210
72852,469,1121,3,965333531
72853,469,2196,3,965334923
72854,469,5076,4,965337012
72855,469,3234,5,965846425
72856,469,2600,1,965335000
72857,469,277,3,965425364
72858,469,4177,5,965425742
72859,469,209,4,965425597
72860,469,418,3,965425762
72861,469,2100,3,965661994
72862,469,1700,3,965335837
72863,469,420,5,965425863
72864,469,1706,3,965425390
72865,469,2494,4,965336673
72866,469,2403,4,965336980
72867,469,6330,4,965333831
72868,469,1712,4,965425548
72869,469,1714,3,965425863
72870,469,8149,3,965333831
72871,469,1717,4,965333750
72872,469,1718,3,965336980
72873,469,5612,4,965336345
72874,469,1186,4,965336955
72875,469,5550,4,965845925
72876,469,1722,4,965335350
72877,469,423,4,965425513
72878,469,1039,4,965846358
72879,469,5084,4,965335373
72880,469,3066,4,965336888
72881,469,3041,5,965425548
72882,469,424,4,965846345
72883,469,219,3,965333936
72884,469,5742,3,965336773
72885,469,1737,2,965846146
72886,469,2606,5,965425364
72887,469,1740,3,965336316
72888,469,8150,2,965336221
72889,469,1868,4,965333936
72890,469,1869,3,965334279
72891,469,1870,3,965335788
72892,469,222,2,965334150
72893,469,8151,3,965661757
72894,469,223,4,965336955
72895,469,1145,5,965662177
72896,469,1123,5,965335217
72897,469,1743,4,965425548
72898,469,1871,2,965334834
72899,469,1747,3,965335888
72900,469,1748,4,965335435
72901,469,224,3,965333831
72902,469,2764,5,965661866
72903,469,7412,3,965336263
72904,469,1759,3,965333794
72905,469,6400,2,965335164
72906,469,1760,3,965335463
72907,469,427,4,965337092
72908,469,5204,4,965336202
72909,469,230,4,965336302
72910,469,4868,3,965336263
72911,469,7265,5,965336302
72912,469,2934,3,965336158
72913,469,8152,4,965336407
72914,469,5618,3,965336283
72915,469,6404,2,965336457
72916,469,232,4,965336999
72917,469,3067,5,965662177
72918,470,1,4,849224825
72919,470,482,3,849224778
72920,470,2,3,849370396
72921,470,484,3,849370453
72922,470,3,3,849843318
72923,470,485,3,849370453
72924,470,487,3,849075144
72925,470,3679,4,849843318
72926,470,493,3,849075545
72927,470,292,3,849075545
72928,470,497,3,849843245
72929,470,293,3,849075682
72930,470,461,4,849075432
72931,470,462,4,849370395
72932,470,463,3,849075682
72933,470,499,3,849843245
72934,470,500,3,849370292
72935,470,4,3,849075299
72936,470,5,3,849075545
72937,470,505,3,849224778
72938,470,516,3,849843245
72939,470,8,5,849075143
72940,470,464,3,849074736
72941,470,465,4,849074824
72942,470,531,3,849075143
72943,470,532,3,849074824
72944,470,540,3,849075143
72945,470,550,3,849075143
72946,470,558,3,849075682
72947,470,14,3,849074900
72948,470,466,3,849075195
72949,470,467,3,849224825
72950,470,468,4,849224825
72951,470,584,3,849224777
72952,470,585,3,849075299
72953,470,588,5,849075031
72954,470,17,3,849074737
72955,470,470,4,849075432
72956,470,18,3,849074900
72957,470,233,4,849075031
72958,470,600,4,849075031
72959,470,605,4,849075196
72960,470,471,3,849074824
72961,470,20,4,849074900
72962,470,21,5,849074900
72963,470,314,4,849075682
72964,470,472,4,849075299
72965,470,23,4,849075299
72966,470,622,4,849075196
72967,470,473,5,849074737
72968,470,474,4,849075432
72969,470,1414,3,849075682
72970,470,634,3,849075031
72971,470,639,3,849075195
72972,470,26,4,849074824
72973,470,27,5,849075031
72974,470,653,4,849370395
72975,470,28,4,849075299
72976,470,476,4,849224825
72977,470,29,5,849075545
72978,470,322,4,849075545
72979,470,671,5,849075432
72980,470,323,3,849074824
72981,470,479,5,849075196
72982,470,33,4,849074736
72983,470,34,3,849074736
72984,470,324,3,849074900
72985,470,481,4,849075432
72986,470,37,3,849843244
72987,470,2442,3,849843318
72988,470,675,3,849843245
72989,470,38,3,849370453
72990,470,1159,3,849370059
72991,470,688,3,849843318
72992,470,42,4,849224778
72993,470,1429,3,849224529
72994,470,690,3,849224529
72995,470,2427,3,849370334
72996,470,1431,3,849370517
72997,470,61,4,849370395
72998,471,1,5,1496671820
72999,471,17,4,1496671827
73000,471,21,3,1496669561
73001,471,29,4,1496671869
73002,471,392,5,1496668940
73003,471,167,3,1496669588
73004,471,193,4,1496668924
73005,471,752,4,1496671855
73006,471,1126,4,1496669566
73007,471,1147,4,1496671906
73008,471,768,2,1496671903
73009,471,876,4,1496671863
73010,471,771,3,1496671946
73011,471,1218,4,1496669535
73012,471,779,2,1496671908
73013,471,783,2,1496671897
73014,471,2266,3,1496668982
73015,471,795,3,1496671872
73016,471,1251,3,1496671954
73017,471,1056,4,1496671876
73018,471,241,4,1496671950
73019,471,1134,4,1496671862
73020,471,245,4,1496668936
73021,471,1318,5,1496669743
73022,471,945,4,1496668933
73023,471,1362,3,1496669568
73024,471,3119,4,1496669549
73025,471,1393,4,1496669544
73026,472,5,5,1345843346
73027,472,523,3,1345842837
73028,472,233,5,1345843348
73029,472,691,4,1345842964
73030,472,1028,5,1345843342
73031,472,1102,4,1345843364
73032,472,1137,5,1345843356
73033,472,987,4,1345842979
73034,472,374,4,1345843012
73035,472,1570,3,1345842904
73036,472,1614,4,1345842900
73037,472,1615,3,1345842922
73038,472,2682,4,1345842873
73039,472,1658,4,1345842966
73040,472,1685,3,1345842950
73041,472,2192,4,1345842918
73042,472,2196,4,1345843008
73043,472,1697,3,1345842958
73044,472,2603,4,1345843006
73045,472,1706,4,1345842829
73046,472,216,4,1345842914
73047,472,445,1,1345843250
73048,472,754,4,1345843258
73049,472,765,4,1345843267
73050,472,775,4,1345843262
73051,472,238,5,1345843264
73052,472,239,5,1345843243
73053,472,250,5,1345843407
73054,472,949,5,1345843418
73055,473,503,2,1169351160
73056,473,574,3,1169351236
73057,473,589,4,1169352590
73058,473,233,5,1169351447
73059,473,4060,0,1169351348
73060,473,375,2,1169351296
73061,473,3508,1,1169351319
73062,473,144,2,1169351264
73063,473,2573,3,1169351260
73064,473,838,2,1169351176
73065,473,148,4,1169351946
73066,473,1000,2,1169351193
73067,473,1002,3,1169351147
73068,473,169,4,1169352596
73069,473,193,4,1169351751
73070,473,1699,2,1169351223
73071,473,429,5,1169351636
73072,473,1800,2,1169351201
73073,473,4184,4,1169351784
73074,473,1125,4,1169351951
73075,473,3498,3,1169351362
73076,473,2717,4,1169351822
73077,473,1832,4,1169351672
73078,473,1851,3,1169351797
73079,473,2233,2,1169351257
73080,473,1218,4,1169352625
73081,473,1130,5,1169351618
73082,473,793,4,1169351706
73083,473,3149,4,1169351774
73084,473,3150,4,1169351328
73085,473,5025,4,1169351926
73086,473,7145,3,1169351718
73087,473,3384,3,1169351730
73088,473,1256,4,1169351847
73089,473,4860,4,1169351881
73090,473,4518,3,1169351800
73091,473,2316,3,1169351425
73092,474,1,4,978575760
73093,474,482,3,1046886814
73094,474,484,1,1053021982
73095,474,3,3,1047054565
73096,474,485,3,978576381
73097,474,488,2,1053021437
73098,474,3679,3,1120827247
73099,474,491,4,1088426731
73100,474,492,5,974668666
73101,474,292,4,1119232784
73102,474,494,3,1046896006
73103,474,495,3,1060105861
73104,474,496,3,1127143175
73105,474,497,3,1136942664
73106,474,498,2,1069686414
73107,474,2431,4,1165540007
73108,474,2069,3,1053021379
73109,474,260,3,1060105936
73110,474,293,4,1081177409
73111,474,461,4,1081177349
73112,474,462,5,979180034
73113,474,1860,1,1089387538
73114,474,463,3,1129579520
73115,474,499,3,1089386983
73116,474,500,3,1081177921
73117,474,294,4,1014924369
73118,474,501,3,1081178156
73119,474,4,4,979180247
73120,474,5,4,979179872
73121,474,295,4,1004131663
73122,474,2652,3,1060105374
73123,474,296,3,1126533613
73124,474,505,2,1053021366
73125,474,2421,3,974669217
73126,474,2504,2,1121262740
73127,474,514,3,1087832141
73128,474,8153,3,1053020997
73129,474,517,2,1048710159
73130,474,7,3,1081862489
73131,474,519,2,978576279
73132,474,1403,3,1046886514
73133,474,8,3,1137180852
73134,474,1094,4,994819405
73135,474,4039,3,1053021622
73136,474,2544,1,974669063
73137,474,524,2,1053021739
73138,474,464,4,1100119714
73139,474,465,3,1046881303
73140,474,530,1,1047055195
73141,474,531,3,1053020992
73142,474,300,3,1150143102
73143,474,540,3,1069686436
73144,474,544,1,1053021847
73145,474,2506,4,1107193580
73146,474,549,1,1060105690
73147,474,304,3,1087158195
73148,474,12,1,1072654034
73149,474,305,4,974669033
73150,474,13,3,1089386951
73151,474,557,3,1100292192
73152,474,559,3,1100292191
73153,474,306,4,1181348325
73154,474,15,4,1083589261
73155,474,561,2,1089387372
73156,474,562,3,1053021443
73157,474,2425,4,1079359162
73158,474,307,4,1054557462
73159,474,2433,4,974669033
73160,474,569,2,1046887638
73161,474,572,3,1047043563
73162,474,16,4,975173633
73163,474,467,4,979180620
73164,474,574,4,979180182
73165,474,468,2,974666749
73166,474,2071,3,1104518799
73167,474,578,2,1090873643
73168,474,581,2,975173058
73169,474,3052,3,1004131763
73170,474,584,3,1060105525
73171,474,589,3,1079099410
73172,474,17,4,979179939
73173,474,470,4,979180247
73174,474,2508,3,1058792723
73175,474,2434,4,1100119745
73176,474,2435,4,1054071868
73177,474,18,3,1053021158
73178,474,598,2,1046886834
73179,474,233,5,979179840
73180,474,600,4,1047054391
73181,474,604,4,979180118
73182,474,1409,3,1060106290
73183,474,605,3,1089386991
73184,474,310,3,1087832621
73185,474,471,1,1046887677
73186,474,311,3,1053434098
73187,474,20,3,974667484
73188,474,609,3,1047043549
73189,474,313,2,1047054878
73190,474,21,3,1100292489
73191,474,314,3,1136942702
73192,474,617,3,1081178028
73193,474,472,4,1081177308
73194,474,23,1,1046887326
73195,474,620,3,1046887485
73196,474,973,2,1047055051
73197,474,622,4,974667447
73198,474,473,4,974667484
73199,474,624,2,1087832502
73200,474,628,4,975173511
73201,474,1414,1,1047055176
73202,474,2141,3,1121262725
73203,474,5048,3,1089386945
73204,474,637,4,1053021228
73205,474,2438,3,1192327106
73206,474,639,4,1060105268
73207,474,26,5,974667331
73208,474,643,2,1046881178
73209,474,2426,3,974668858
73210,474,475,3,1060702760
73211,474,318,4,1123258243
73212,474,647,3,1053021161
73213,474,27,4,1100119725
73214,474,8154,3,1047569232
73215,474,650,2,975173076
73216,474,651,2,1089387285
73217,474,654,5,974668666
73218,474,28,2,1053021883
73219,474,657,3,1047054679
73220,474,1419,3,1068213691
73221,474,476,5,975173710
73222,474,659,2,1046887453
73223,474,660,2,1046888076
73224,474,2896,3,1129579501
73225,474,661,2,1053021512
73226,474,29,5,979179823
73227,474,975,4,979180139
73228,474,478,5,975173725
73229,474,3220,4,1105106592
73230,474,321,3,1053021214
73231,474,322,4,1100119744
73232,474,1095,3,1127688948
73233,474,30,4,1053020897
73234,474,1420,3,974666694
73235,474,31,3,974667712
73236,474,6310,3,1061160965
73237,474,2440,4,1129579373
73238,474,2501,3,1060106139
73239,474,828,2,1046886823
73240,474,671,3,979180575
73241,474,323,4,978576063
73242,474,479,4,1111499815
73243,474,33,3,1100292189
73244,474,34,4,1002928730
73245,474,35,4,1087831816
73246,474,480,3,983032069
73247,474,324,5,1100119595
73248,474,36,2,1047055015
73249,474,481,4,974669033
73250,474,325,3,1116256919
73251,474,2413,3,1089387293
73252,474,37,4,1137008687
73253,474,674,3,1100292175
73254,474,675,3,979180633
73255,474,8155,3,1013367353
73256,474,261,3,988579881
73257,474,38,3,1053021262
73258,474,5559,3,1118667178
73259,474,7415,4,1119537246
73260,474,1424,3,1053021127
73261,474,40,1,1053021728
73262,474,326,4,1053020875
73263,474,263,4,1052485296
73264,474,3005,3,1181348043
73265,474,41,4,1100291781
73266,474,42,2,974667817
73267,474,1097,4,1052504886
73268,474,2996,3,1060105961
73269,474,723,4,1059398628
73270,474,1160,4,1092012114
73271,474,43,4,974667743
73272,474,697,2,1069685897
73273,474,2444,3,1002928853
73274,474,698,3,1046888085
73275,474,699,2,1046887848
73276,474,1435,2,1047055027
73277,474,702,3,974668977
73278,474,706,2,1047055128
73279,474,1028,5,983033120
73280,474,329,3,974668805
73281,474,330,4,1077028750
73282,474,331,4,1083589280
73283,474,3694,3,1079963736
73284,474,3728,2,1046887555
73285,474,332,3,1053021014
73286,474,1438,4,1055190127
73287,474,333,4,983032310
73288,474,3729,5,978575711
73289,474,1439,5,983032159
73290,474,8156,3,1074607299
73291,474,334,3,1089386974
73292,474,2754,4,1046809068
73293,474,335,4,1076347375
73294,474,1440,3,1100292182
73295,474,336,5,983032184
73296,474,1098,4,1077546574
73297,474,265,4,1089386238
73298,474,1441,4,983032398
73299,474,2997,4,978575711
73300,474,3730,3,1087831778
73301,474,45,4,1100291792
73302,474,337,2,1047054549
73303,474,1442,3,1087832282
73304,474,831,4,1055439689
73305,474,46,4,1100119549
73306,474,724,4,1110994455
73307,474,3543,4,1116517487
73308,474,5690,4,1100119644
73309,474,3053,5,983032159
73310,474,8157,3,1140441870
73311,474,338,4,983032159
73312,474,1443,3,1129579344
73313,474,3280,1,1087832898
73314,474,1444,3,1089386265
73315,474,2665,3,1060606681
73316,474,4260,2,1077286719
73317,474,3731,4,1137521219
73318,474,4219,2,1089387375
73319,474,47,3,1120355738
73320,474,7730,3,1091456369
73321,474,48,3,1088426742
73322,474,6542,4,1087217719
73323,474,3732,4,1100119798
73324,474,3734,3,1137521088
73325,474,3695,4,1087831540
73326,474,3544,3,1201833294
73327,474,3735,4,1143998585
73328,474,3009,4,1100119780
73329,474,5496,3,1089386622
73330,474,2395,3,1100292234
73331,474,49,4,1053020968
73332,474,3010,4,1087831602
73333,474,8158,4,1101737024
73334,474,8159,3,1140047517
73335,474,1445,4,1130961711
73336,474,3169,4,1100291775
73337,474,2143,5,983032364
73338,474,8160,3,1096471043
73339,474,3696,3,1087831992
73340,474,6689,3,1084982148
73341,474,8161,3,1100269624
73342,474,8162,3,1060009150
73343,474,714,4,979180335
73344,474,715,3,1060105177
73345,474,8163,3,1060105286
73346,474,2445,3,1129579365
73347,474,719,3,1071595945
73348,474,5703,2,1046886903
73349,474,1769,3,983032872
73350,474,1771,3,1047054662
73351,474,1447,3,983032520
73352,474,1773,2,1047043613
73353,474,1774,4,1047054285
73354,474,51,3,1077298796
73355,474,53,3,983032763
73356,474,2446,2,1060105597
73357,474,863,3,978575945
73358,474,54,3,983032230
73359,474,55,2,1046886529
73360,474,57,2,1047054796
73361,474,2667,4,1128098723
73362,474,1775,5,974666694
73363,474,1135,3,983034060
73364,474,3545,4,1165539921
73365,474,58,4,1053020921
73366,474,1162,4,1100119801
73367,474,4835,4,1087832326
73368,474,8164,3,1106231071
73369,474,61,3,1075404141
73370,474,342,3,1064172079
73371,474,343,4,1089386295
73372,474,62,3,978575945
73373,474,1450,3,1074888985
73374,474,722,3,1098104429
73375,474,2144,2,1047043404
73376,474,344,3,1053021255
73377,474,345,4,1142821723
73378,474,864,3,1100292226
73379,474,63,4,1109690419
73380,474,64,3,1118667194
73381,474,3698,2,1046887963
73382,474,266,3,988579907
73383,474,3170,2,1087832346
73384,474,66,4,1137521202
73385,474,2415,3,1189991062
73386,474,725,3,1087832633
73387,474,347,4,1002928717
73388,474,2428,4,983032344
73389,474,267,4,1109039744
73390,474,2998,3,978576312
73391,474,3701,2,1046887386
73392,474,68,4,1081177312
73393,474,1099,3,1201833166
73394,474,1100,4,1053372059
73395,474,2175,4,1129579494
73396,474,3499,3,1100291762
73397,474,2448,5,979180476
73398,474,4262,3,1137521161
73399,474,348,3,1087832040
73400,474,349,2,974668666
73401,474,3546,4,1165539928
73402,474,3702,4,1101822547
73403,474,350,5,974668617
73404,474,3608,4,1181347974
73405,474,1102,3,1053021005
73406,474,69,5,983034060
73407,474,70,4,1087832016
73408,474,71,4,983034022
73409,474,351,3,1015352875
73410,474,1029,3,1116853629
73411,474,1103,3,1086016563
73412,474,352,4,1047054271
73413,474,2396,4,1126284508
73414,474,72,3,1115044104
73415,474,1104,4,1134343855
73416,474,73,3,1117481021
73417,474,1136,3,1126533605
73418,474,74,4,1002928633
73419,474,353,3,1060606657
73420,474,1163,4,1143683482
73421,474,75,3,1053021608
73422,474,76,4,1103379434
73423,474,2076,4,1089386649
73424,474,77,4,1089386307
73425,474,78,3,1002928933
73426,474,1137,5,983033120
73427,474,79,4,1081862501
73428,474,1105,4,1053372016
73429,474,80,4,1100614728
73430,474,354,4,1053020859
73431,474,81,2,1046875412
73432,474,1138,3,1057669410
73433,474,1106,4,1082256456
73434,474,2416,4,1047054374
73435,474,2079,3,1120184777
73436,474,1139,4,1137520986
73437,474,2900,4,1092142721
73438,474,2080,2,1053021721
73439,474,82,4,1111412847
73440,474,2397,4,1053020981
73441,474,2081,4,978575945
73442,474,2901,3,1081516850
73443,474,1165,3,1112208257
73444,474,726,4,1100119774
73445,474,865,5,983032636
73446,474,2082,3,1137521255
73447,474,2083,3,1081177621
73448,474,355,4,1082983320
73449,474,1107,4,1137521075
73450,474,2176,4,1047054300
73451,474,3012,4,1077546613
73452,474,83,2,1111412860
73453,474,1454,3,978575993
73454,474,84,4,1093878418
73455,474,356,4,974666694
73456,474,1108,4,1090241152
73457,474,2145,4,1078151740
73458,474,268,3,1135824476
73459,474,85,3,974668666
73460,474,357,4,1092758534
73461,474,1110,4,1082256467
73462,474,1455,3,1111412874
73463,474,86,4,1081177274
73464,474,2177,3,1047054536
73465,474,269,4,1092920253
73466,474,2084,2,1089387269
73467,474,1111,3,1137520922
73468,474,88,4,978575888
73469,474,1112,4,1080568455
73470,474,89,3,975172919
73471,474,359,3,1073272889
73472,474,2085,3,1107193636
73473,474,1456,4,978575865
73474,474,360,4,994819405
73475,474,3706,3,1047043749
73476,474,90,4,983034060
73477,474,3283,4,1116517469
73478,474,3000,4,1124123484
73479,474,3708,4,1100291494
73480,474,1457,2,978576279
73481,474,1113,3,1129579334
73482,474,3500,3,1060795661
73483,474,2902,3,1108868138
73484,474,270,3,1053021069
73485,474,2178,4,1074474320
73486,474,361,3,1053021030
73487,474,866,5,978575845
73488,474,6590,2,1046984924
73489,474,6186,2,974666910
73490,474,1461,4,1090873560
73491,474,4059,3,1189991056
73492,474,2558,4,1100119770
73493,474,4894,4,1100119817
73494,474,1464,3,1053021541
73495,474,92,2,1053021757
73496,474,2903,4,1115584932
73497,474,2417,4,1100291485
73498,474,4263,4,1133730322
73499,474,1166,5,974667386
73500,474,994,3,1089386316
73501,474,977,4,1100119576
73502,474,2419,2,1060106011
73503,474,4050,4,1014924339
73504,474,1468,2,1015352738
73505,474,271,2,983033588
73506,474,1469,4,1056637089
73507,474,1167,4,1002929032
73508,474,1140,3,1056637093
73509,474,1471,4,1046809559
73510,474,93,2,1046886462
73511,474,1472,3,1046881188
73512,474,1473,2,974667817
73513,474,1474,4,983033588
73514,474,3284,2,1046888244
73515,474,2147,4,1053020983
73516,474,6368,1,1053021851
73517,474,2420,4,1128098731
73518,474,1475,4,1100119843
73519,474,94,4,1100291840
73520,474,8165,2,1060106009
73521,474,2451,3,1081177904
73522,474,1476,4,1004131306
73523,474,95,4,1122395776
73524,474,4051,4,1047054317
73525,474,8166,4,1100119854
73526,474,3016,2,1047043416
73527,474,8167,4,1238350606
73528,474,1479,3,1047054453
73529,474,363,4,1056115380
73530,474,364,4,975172958
73531,474,1483,2,1046888155
73532,474,1485,3,978576348
73533,474,2562,1,1047055206
73534,474,8168,4,1087832418
73535,474,98,4,978576081
73536,474,8169,3,1120355962
73537,474,2563,3,1046887465
73538,474,3285,1,1060106371
73539,474,99,3,1053021652
73540,474,6499,0,1053021910
73541,474,2455,4,978575690
73542,474,1168,1,974666859
73543,474,2456,4,1130961769
73544,474,100,3,1087831995
73545,474,1494,4,1100119621
73546,474,101,4,1100291472
73547,474,102,4,1100119838
73548,474,727,3,1100292223
73549,474,982,2,1047054923
73550,474,1496,3,1046886867
73551,474,1498,3,1046887830
73552,474,365,3,1015352930
73553,474,984,3,974667676
73554,474,728,4,974667355
73555,474,104,5,988926266
73556,474,106,4,979180293
73557,474,8170,2,1046887440
73558,474,3286,4,1123258150
73559,474,1009,3,1082256478
73560,474,366,3,1129579355
73561,474,2671,1,1053021701
73562,474,2459,3,1089386695
73563,474,1501,2,1047054889
73564,474,8171,4,1060105233
73565,474,1032,4,1100291475
73566,474,1504,3,1004131709
73567,474,2564,2,1046881084
73568,474,2461,3,1087832428
73569,474,834,4,1137521038
73570,474,108,2,1047055104
73571,474,2181,3,1053021292
73572,474,1114,4,974668977
73573,474,729,4,1100119638
73574,474,3717,4,1053021220
73575,474,1508,3,1132436120
73576,474,987,3,1089386331
73577,474,234,3,1129579341
73578,474,2088,2,1046887524
73579,474,1512,4,1046984756
73580,474,367,4,1139838564
73581,474,988,4,974668977
73582,474,109,3,1100119813
73583,474,4669,2,979180015
73584,474,1516,4,1132173434
73585,474,1517,3,1081177542
73586,474,5563,3,1047054725
73587,474,5493,2,1014924230
73588,474,110,4,1081177379
73589,474,1518,3,1046886529
73590,474,730,3,1053021455
73591,474,2399,2,1047055128
73592,474,3058,4,1165540018
73593,474,2566,2,1081862512
73594,474,370,4,1002928499
73595,474,2904,3,1089386356
73596,474,5715,3,1056372232
73597,474,996,3,1087832565
73598,474,990,2,1046881363
73599,474,8172,4,1181348028
73600,474,8173,4,1015352994
73601,474,376,3,1087832623
73602,474,1033,4,1081177337
73603,474,3022,4,974667301
73604,474,8174,4,1103119116
73605,474,377,3,1119128240
73606,474,731,1,1053021886
73607,474,1536,4,1089638204
73608,474,379,3,1014923681
73609,474,8175,3,1078151726
73610,474,115,3,1107875275
73611,474,8176,3,1074607329
73612,474,5196,4,1098710014
73613,474,8177,3,1095191507
73614,474,8178,3,1100291823
73615,474,2676,3,1137521029
73616,474,5197,3,983032184
73617,474,5716,3,1103640114
73618,474,5198,4,1106231062
73619,474,2400,3,1081177682
73620,474,8179,4,1100119605
73621,474,5302,3,1100291818
73622,474,4169,3,1165539986
73623,474,3059,3,1048989180
73624,474,2401,4,1100119625
73625,474,6690,3,1087831848
73626,474,380,5,983032675
73627,474,4899,3,1137520939
73628,474,5547,4,1100008865
73629,474,2038,4,1085403482
73630,474,2039,4,1123258161
73631,474,116,4,983033369
73632,474,3501,4,1081177360
73633,474,3225,3,983034108
73634,474,4900,5,988926325
73635,474,4175,3,978576217
73636,474,3502,4,1105465745
73637,474,2092,4,1089386143
73638,474,1171,4,1047054374
73639,474,3503,4,1002928215
73640,474,117,3,1046809546
73641,474,382,3,1087832687
73642,474,4062,3,1056041429
73643,474,2568,2,1046984882
73644,474,2569,0,1056041417
73645,474,7255,1,1056041409
73646,474,2999,3,1139941253
73647,474,6370,2,1002757205
73648,474,6371,2,1046984897
73649,474,1543,4,1136251475
73650,474,6372,2,1046984846
73651,474,7033,1,1046984897
73652,474,2905,4,975173679
73653,474,1544,3,1129579547
73654,474,119,3,1002757090
73655,474,1777,4,974667415
73656,474,3023,3,1089386702
73657,474,3547,3,1103640167
73658,474,836,2,1014924563
73659,474,120,3,1046809584
73660,474,1548,2,1060106274
73661,474,121,3,983032248
73662,474,383,4,1058290375
73663,474,3060,4,1002928592
73664,474,2183,1,1081178294
73665,474,5303,4,1143683448
73666,474,122,3,974667301
73667,474,6000,1,1060106360
73668,474,126,4,1046886480
73669,474,127,4,1100291838
73670,474,1778,2,1014924460
73671,474,2678,4,1077546599
73672,474,6450,4,1137521317
73673,474,3024,3,1053021624
73674,474,6318,3,1134942549
73675,474,4901,4,1113829296
73676,474,997,1,1046887929
73677,474,384,4,1137418822
73678,474,128,4,983032723
73679,474,272,4,978575802
73680,474,1035,3,1089387047
73681,474,1779,3,1046886804
73682,474,1036,4,983032739
73683,474,1780,3,983032444
73684,474,1561,2,1060106633
73685,474,1781,3,1100292279
73686,474,129,3,1047054700
73687,474,131,3,974667743
73688,474,6376,2,1047055072
73689,474,1563,3,1138559440
73690,474,133,3,1046886643
73691,474,998,4,1100291843
73692,474,4150,1,1053021790
73693,474,2679,3,1002929032
73694,474,1564,4,974668805
73695,474,1565,3,1089387033
73696,474,1566,3,1046887386
73697,474,2465,2,1046895963
73698,474,4146,4,1046978958
73699,474,135,2,1087832889
73700,474,136,2,1014924446
73701,474,1567,4,1060606649
73702,474,2712,2,1046984787
73703,474,4065,1,988580034
73704,474,1568,2,1015352769
73705,474,2680,3,978576063
73706,474,3288,3,979180349
73707,474,5115,2,1047055085
73708,474,5056,3,1114445508
73709,474,4672,3,1100119904
73710,474,1569,3,1046886418
73711,474,1570,3,1046887551
73712,474,137,3,983033443
73713,474,138,4,1137521182
73714,474,139,2,1046886683
73715,474,140,2,1046886494
73716,474,1572,3,978575993
73717,474,386,4,978576312
73718,474,2570,3,1007320793
73719,474,387,2,1114445548
73720,474,2040,4,1046809310
73721,474,1575,2,974667447
73722,474,1577,5,974668805
73723,474,142,3,978575959
73724,474,5200,3,1097034377
73725,474,8180,3,983033546
73726,474,6178,3,1048709126
73727,474,8181,3,1060105380
73728,474,8182,3,1075212596
73729,474,5305,3,1100291830
73730,474,6179,4,1142821732
73731,474,2908,3,1079963729
73732,474,1172,3,1084798863
73733,474,8183,4,1142821709
73734,474,388,4,1087831510
73735,474,8184,3,1140467418
73736,474,143,3,1089386373
73737,474,1141,4,1135958420
73738,474,8185,3,1053348121
73739,474,3026,4,1053020913
73740,474,389,4,1083073394
73741,474,390,3,1140034786
73742,474,5806,3,1089386693
73743,474,1578,4,1100119901
73744,474,5498,4,1053020865
73745,474,5117,3,1125600675
73746,474,8186,3,1116386398
73747,474,6320,3,1129579293
73748,474,1579,3,1125600660
73749,474,2572,3,1100292285
73750,474,1581,4,1096640078
73751,474,1583,3,1089387340
73752,474,5058,2,1046887273
73753,474,1584,5,983034022
73754,474,1585,2,1046887584
73755,474,144,3,1007320842
73756,474,1587,2,978576252
73757,474,4176,2,1046887789
73758,474,2909,1,1099509889
73759,474,145,4,1100291814
73760,474,3027,3,1046812037
73761,474,147,4,1100291512
73762,474,1593,3,1058792768
73763,474,5306,5,975173593
73764,474,838,4,1053021139
73765,474,1594,2,978576252
73766,474,2466,4,979180139
73767,474,3227,2,1053021554
73768,474,3173,4,1120355710
73769,474,1597,3,1047054679
73770,474,392,5,978575620
73771,474,148,4,979180103
73772,474,2467,3,1053348161
73773,474,3289,4,974667676
73774,474,1599,2,1046888115
73775,474,393,4,1081177394
73776,474,2575,2,978575802
73777,474,150,3,1081177871
73778,474,1601,4,979180216
73779,474,2468,4,1089386393
73780,474,1602,3,1046887733
73781,474,1605,2,1069686962
73782,474,1606,3,1046888094
73783,474,1862,2,1046887742
73784,474,2913,2,1099509864
73785,474,3642,3,1046809068
73786,474,396,3,1181348052
73787,474,2469,4,1063115362
73788,474,1607,3,1053021198
73789,474,1608,5,1087831505
73790,474,154,3,1129579357
73791,474,1609,4,974668617
73792,474,4147,3,1081177909
73793,474,2121,3,1046881197
73794,474,155,3,978576328
73795,474,1610,3,978576130
73796,474,1173,3,983033588
73797,474,1174,2,994819132
73798,474,1175,1,994819201
73799,474,1176,1,1060106582
73800,474,1612,1,1060106109
73801,474,1613,2,1081534868
73802,474,1177,4,1004131774
73803,474,999,2,1002757147
73804,474,1178,2,1046881396
73805,474,1614,1,1087832813
73806,474,274,5,974669217
73807,474,2682,1,1002757147
73808,474,2577,2,1047054866
73809,474,6992,4,1165540037
73810,474,2470,2,1053021508
73811,474,158,1,1047044449
73812,474,1618,3,974666749
73813,474,5436,2,978576348
73814,474,1620,2,978576130
73815,474,397,3,1140703333
73816,474,1622,2,1046887972
73817,474,5770,3,1046887465
73818,474,160,2,1002757072
73819,474,3292,1,1002757177
73820,474,5722,3,1046888155
73821,474,161,3,1046887848
73822,474,1623,2,1046887780
73823,474,6452,4,1137179411
73824,474,1624,3,974669063
73825,474,2471,3,1053021277
73826,474,163,4,1046875430
73827,474,6597,2,1046887869
73828,474,6194,1,1089387529
73829,474,7733,2,1092661160
73830,474,165,4,1051017513
73831,474,1627,3,1048562863
73832,474,1629,4,1046979004
73833,474,2759,3,1069682754
73834,474,2919,3,1100292516
73835,474,1631,2,1047044056
73836,474,1784,5,983032381
73837,474,3294,3,978576312
73838,474,167,4,1053020932
73839,474,1001,2,1087832512
73840,474,2093,4,1046978769
73841,474,1002,4,1046887440
73842,474,398,4,1081177421
73843,474,3549,3,1081177512
73844,474,2583,2,1046887607
73845,474,4154,4,1049892884
73846,474,8187,3,1139940327
73847,474,8188,4,1089386149
73848,474,2922,3,1069686851
73849,474,170,2,974667743
73850,474,1635,3,978576434
73851,474,172,4,974667509
73852,474,2923,3,1066055050
73853,474,173,4,983033492
73854,474,174,4,994819094
73855,474,1636,1,1053021706
73856,474,175,3,1090873601
73857,474,176,3,1189991079
73858,474,8189,3,1065531558
73859,474,178,1,974666809
73860,474,6454,3,1137521191
73861,474,2925,4,1107271718
73862,474,5578,3,1069684735
73863,474,732,3,1081177958
73864,474,400,3,1046870775
73865,474,2094,3,1087832200
73866,474,179,4,1100119630
73867,474,7736,4,1048638289
73868,474,8190,3,1107193681
73869,474,1116,3,1060105250
73870,474,1643,4,1100291865
73871,474,401,4,1052743131
73872,474,181,4,1053020930
73873,474,735,0,1053021961
73874,474,1644,1,1053021943
73875,474,1117,4,1100119885
73876,474,2095,4,1090241137
73877,474,3296,4,1137520886
73878,474,4844,3,1089386414
73879,474,6489,3,1081178176
73880,474,8191,3,1060105422
73881,474,5123,5,1046978794
73882,474,1648,2,978576236
73883,474,5064,3,1137443244
73884,474,2926,2,1046887989
73885,474,8192,3,1093267589
73886,474,182,4,1055172901
73887,474,402,5,979179872
73888,474,4677,3,1081177673
73889,474,404,3,1100292313
73890,474,5728,2,1060106550
73891,474,6601,2,1046984669
73892,474,1650,3,1189991138
73893,474,405,4,975172982
73894,474,3606,3,974666859
73895,474,2490,2,1069686876
73896,474,2587,2,978576164
73897,474,2588,0,1053021959
73898,474,183,4,1100291863
73899,474,8193,4,1100119890
73900,474,3297,2,1060105625
73901,474,1653,4,978575760
73902,474,1656,2,1053021325
73903,474,184,1,1047055147
73904,474,2590,2,1087832804
73905,474,4678,3,1104518783
73906,474,5201,3,1088426723
73907,474,185,3,1087831985
73908,474,5066,4,1089386751
73909,474,6389,3,1087831837
73910,474,1662,3,983032841
73911,474,2592,4,1095682854
73912,474,186,4,1047054300
73913,474,2473,3,1047043601
73914,474,2593,3,1053021616
73915,474,2594,1,1047044137
73916,474,2189,3,1053021582
73917,474,2097,3,1089387089
73918,474,1667,2,978575909
73919,474,1180,4,1100291516
73920,474,6017,4,1137367870
73921,474,8194,4,1116853579
73922,474,8195,3,1109039853
73923,474,8196,3,1238350434
73924,474,3034,4,1100291886
73925,474,1668,3,1053021663
73926,474,6324,4,1112018926
73927,474,4880,4,1129579471
73928,474,1785,4,1120573197
73929,474,2713,3,1047044007
73930,474,2474,3,1138804246
73931,474,189,3,1081177608
73932,474,190,3,1189991295
73933,474,1181,3,1087832093
73934,474,2190,4,1007321170
73935,474,1182,1,1046886941
73936,474,193,4,1100291874
73937,474,3231,4,1104518812
73938,474,5549,4,1090937488
73939,474,1669,4,1130961887
73940,474,5068,3,1192327093
73941,474,410,3,1129579459
73942,474,195,4,1004131358
73943,474,198,3,1087831766
73944,474,1118,4,1002928294
73945,474,2041,4,979179921
73946,474,4911,4,1047054405
73947,474,1119,3,1089386406
73948,474,5069,2,1047055117
73949,474,2098,4,1091456379
73950,474,199,3,1046887629
73951,474,200,3,983033369
73952,474,1676,3,1087832279
73953,474,2157,4,1148784016
73954,474,6326,4,1189990819
73955,474,1142,4,978576105
73956,474,1677,1,1047055282
73957,474,411,5,974668754
73958,474,3036,3,978576381
73959,474,201,4,1007320487
73960,474,3736,3,1060176362
73961,474,2491,3,1078755260
73962,474,4155,2,1089387453
73963,474,1683,5,978575669
73964,474,5070,3,1087832134
73965,474,413,3,1118006411
73966,474,1183,2,1047055085
73967,474,414,3,1089386389
73968,474,1685,1,1053021787
73969,474,3139,3,978575778
73970,474,5771,3,1100119939
73971,474,4913,3,1100291895
73972,474,5772,4,1082380938
73973,474,3737,4,988580233
73974,474,2595,3,1146448082
73975,474,4680,2,1087158183
73976,474,2192,3,1004131401
73977,474,1686,4,1004131808
73978,474,4866,3,1100292330
73979,474,1687,2,1092661174
73980,474,2193,3,1070286895
73981,474,1120,2,1063115377
73982,474,8197,3,1060105532
73983,474,7452,4,1094562846
73984,474,8198,3,1065028441
73985,474,736,4,1002927941
73986,474,2928,4,1069686107
73987,474,8199,4,1014924099
73988,474,5073,3,1113172409
73989,474,8200,4,1115125983
73990,474,204,4,1047054328
73991,474,2929,3,1047054485
73992,474,3504,4,1137521240
73993,474,4081,3,1105649514
73994,474,415,5,974667033
73995,474,4224,3,1115584979
73996,474,205,3,1117727808
73997,474,1121,4,1058792760
73998,474,416,4,978576150
73999,474,206,5,1100119694
74000,474,2196,2,1047054582
74001,474,2099,4,1094562810
74002,474,4082,4,1142189154
74003,474,2599,3,1100292323
74004,474,5608,3,1053021296
74005,474,2687,3,1053348131
74006,474,2197,3,1086785378
74007,474,3234,3,1126533560
74008,474,1691,3,1048709435
74009,474,7453,2,1047044056
74010,474,277,2,978575888
74011,474,8201,4,1115731236
74012,474,4682,3,1084452522
74013,474,1693,2,1060105547
74014,474,3063,3,1112208633
74015,474,4177,3,1087832037
74016,474,2198,4,1201833192
74017,474,208,2,1046809604
74018,474,2688,3,1060105709
74019,474,4683,3,1100292309
74020,474,2200,3,979180377
74021,474,209,3,1053021430
74022,474,1697,3,1002757130
74023,474,418,3,1053021036
74024,474,2201,3,974667484
74025,474,1698,2,1069686902
74026,474,2601,2,1053021837
74027,474,2202,4,1100291573
74028,474,2602,3,1130961895
74029,474,1143,2,978576366
74030,474,1699,3,1119128266
74031,474,1700,2,1047043940
74032,474,2492,2,1053021399
74033,474,2203,3,1089063229
74034,474,2204,3,1136681826
74035,474,210,4,975173316
74036,474,8202,2,1052088727
74037,474,4684,3,1095092376
74038,474,4267,4,1100119916
74039,474,3551,4,1089386442
74040,474,4268,4,1078495463
74041,474,419,4,1047054422
74042,474,6700,4,1046809336
74043,474,3037,3,1122395715
74044,474,5080,4,1098104401
74045,474,2158,4,1189990926
74046,474,3505,3,1103379454
74047,474,2205,3,1132423135
74048,474,1706,3,978575819
74049,474,2494,3,1087831895
74050,474,2403,3,1052088714
74051,474,5202,3,1137521152
74052,474,421,3,1127688921
74053,474,6397,3,1087908127
74054,474,6330,4,1068472840
74055,474,2691,2,1089387345
74056,474,211,4,1108389753
74057,474,1709,2,1046984498
74058,474,1710,1,1068213767
74059,474,1712,3,978576200
74060,474,422,4,1130961874
74061,474,6491,3,1127862085
74062,474,1717,2,1087832357
74063,474,6944,2,1109039902
74064,474,1718,2,978575993
74065,474,1719,4,1058208764
74066,474,1122,3,1140626546
74067,474,1144,4,1137520870
74068,474,214,3,1060105683
74069,474,7686,4,1074607306
74070,474,215,3,1081178112
74071,474,2159,4,1100119928
74072,474,3064,4,1094562821
74073,474,1186,4,1089386468
74074,474,1721,3,979179792
74075,474,5081,3,1139940114
74076,474,3506,3,1137521002
74077,474,5550,2,1124123495
74078,474,5613,3,1135647249
74079,474,1722,3,1087832269
74080,474,8203,4,1102081377
74081,474,6607,3,1060105243
74082,474,217,2,1046886380
74083,474,423,5,974666694
74084,474,218,4,1046886494
74085,474,1727,3,1081177757
74086,474,3065,4,1165539939
74087,474,1039,3,1053021003
74088,474,2605,2,1060106016
74089,474,5084,2,1055769575
74090,474,3066,4,978575646
74091,474,424,3,1087832196
74092,474,1040,3,1053021094
74093,474,1791,4,1100291586
74094,474,1013,3,974667083
74095,474,1731,4,1081177398
74096,474,5502,3,1100291562
74097,474,5741,2,1046887357
74098,474,6398,1,1053021745
74099,474,1732,4,978575845
74100,474,219,2,1002757072
74101,474,5614,2,1007320758
74102,474,1734,4,1100119934
74103,474,2206,2,1095092386
74104,474,7082,3,1087831795
74105,474,4686,4,994819424
74106,474,1735,4,1087831518
74107,474,1792,5,1004131501
74108,474,2606,2,1014924296
74109,474,2122,4,1115584884
74110,474,6018,4,1081177351
74111,474,220,3,974667165
74112,474,426,3,1046887498
74113,474,3739,3,1084798873
74114,474,3741,3,1087831916
74115,474,1740,4,1087832154
74116,474,8204,3,1238350465
74117,474,1014,3,1053021421
74118,474,4270,4,1093465932
74119,474,3044,4,1238350354
74120,474,8205,3,1093465921
74121,474,1004,3,1053021176
74122,474,223,2,978576200
74123,474,3305,4,1081177333
74124,474,1145,3,1114700924
74125,474,1123,3,1137521116
74126,474,1744,3,1014924521
74127,474,224,2,1089387444
74128,474,1753,3,1090873598
74129,474,1754,2,1087832841
74130,474,8206,2,1087832560
74131,474,8207,1,1087832809
74132,474,8145,4,979180620
74133,474,5616,3,1201833307
74134,474,2764,4,983031364
74135,474,6172,3,1100291580
74136,474,843,4,1089063215
74137,474,8208,3,1137521380
74138,474,1756,3,1119232773
74139,474,1187,3,1087831890
74140,474,1795,2,1089387461
74141,474,1760,3,1060105318
74142,474,427,3,1090417449
74143,474,8209,3,1107193651
74144,474,2162,3,1060105717
74145,474,229,4,1081177383
74146,474,1017,1,1053021949
74147,474,5204,4,1123505456
74148,474,230,3,978576200
74149,474,3049,4,1107444826
74150,474,8210,4,1132195959
74151,474,1766,1,1060106444
74152,474,2163,2,1087832380
74153,474,2714,2,1060104337
74154,474,6462,4,1107444848
74155,474,1796,3,1132195971
74156,474,8083,4,1165539925
74157,474,1019,3,974666330
74158,474,1872,3,978576150
74159,474,8211,3,1062387901
74160,474,6466,3,1089638196
74161,474,4921,3,1093267582
74162,474,5136,2,1069686562
74163,474,1020,3,1047054645
74164,474,429,4,1081177270
74165,474,3722,4,1118667168
74166,474,430,4,1100119911
74167,474,6406,3,1100291917
74168,474,6139,3,1106057680
74169,474,5569,4,1090595309
74170,474,1797,3,1092012095
74171,474,278,4,1087831561
74172,474,2208,3,1105465755
74173,474,1021,3,1053021282
74174,474,2937,3,1089386772
74175,474,5692,3,1108389728
74176,474,8212,3,1087217711
74177,474,8213,3,1080568482
74178,474,431,4,1047054286
74179,474,6409,2,1053021598
74180,474,741,3,1060105760
74181,474,4923,4,1100291597
74182,474,2614,3,1047054470
74183,474,1800,1,1013367485
74184,474,8084,3,1135647262
74185,474,5333,3,1112208843
74186,474,742,4,1053021115
74187,474,432,4,1116853568
74188,474,433,3,1047054679
74189,474,1190,4,1119364260
74190,474,2615,3,1100526665
74191,474,7465,2,1046887657
74192,474,434,3,1053021016
74193,474,1803,3,1047933858
74194,474,2042,3,1046871150
74195,474,1804,4,994819034
74196,474,435,3,1002757039
74197,474,1043,3,1126283581
74198,474,4468,2,1053021767
74199,474,1805,2,1047054986
74200,474,437,4,1137520956
74201,474,438,4,1100291592
74202,474,439,3,1046979231
74203,474,440,4,1081177376
74204,474,4927,3,1007320487
74205,474,2043,3,1046809310
74206,474,1806,3,1046886789
74207,474,1875,0,1053021938
74208,474,2616,3,983031434
74209,474,8214,4,1122323382
74210,474,5137,3,1047054663
74211,474,4689,2,983031485
74212,474,2618,3,1053021265
74213,474,3311,3,1089386824
74214,474,7419,4,1046809354
74215,474,8215,3,1087832682
74216,474,7466,1,1053021861
74217,474,2619,2,1015352846
74218,474,1876,2,1047054836
74219,474,3552,3,1087831959
74220,474,3140,2,983031759
74221,474,8216,4,983031744
74222,474,442,3,983031727
74223,474,4157,3,983031727
74224,474,6610,2,983031727
74225,474,3177,3,1118006535
74226,474,8217,1,1047055270
74227,474,4691,1,1053021849
74228,474,844,2,1047054962
74229,474,2621,3,983031699
74230,474,7471,1,1046984744
74231,474,443,3,1063468746
74232,474,5341,4,1110551272
74233,474,8218,4,1002757130
74234,474,444,2,1046809310
74235,474,8219,4,1106575103
74236,474,8220,4,1124306259
74237,474,4931,3,1139941339
74238,474,8221,2,1082256503
74239,474,7688,4,1137520911
74240,474,7271,4,1098710072
74241,474,8222,1,988580411
74242,474,6716,3,1059492623
74243,474,2211,4,1100526654
74244,474,4091,2,988580397
74245,474,2938,1,988580397
74246,474,6129,4,1181347921
74247,474,8223,3,1165540071
74248,474,7474,2,988579966
74249,474,744,2,1047054913
74250,474,4932,3,1081178144
74251,474,445,5,990751680
74252,474,1811,4,1002756987
74253,474,447,4,1053021226
74254,474,4935,4,1106748027
74255,474,1191,3,1073917643
74256,474,6922,4,1126038260
74257,474,2942,3,988579894
74258,474,8224,4,1136942681
74259,474,2626,1,988580287
74260,474,8225,2,1092833416
74261,474,1813,3,1046886380
74262,474,4093,3,1063115747
74263,474,5344,2,1053021678
74264,474,745,4,1081177366
74265,474,451,3,1124807144
74266,474,4094,2,1060106237
74267,474,2628,3,994819078
74268,474,2629,3,1129579393
74269,474,3315,2,1087832829
74270,474,1192,3,1081177658
74271,474,2630,4,994819132
74272,474,452,4,1100292412
74273,474,3316,3,1165540056
74274,474,2633,4,1093524784
74275,474,2634,4,1047054406
74276,474,1815,3,1049719551
74277,474,747,4,1053020857
74278,474,3317,3,1046809107
74279,474,1818,3,1112619788
74280,474,3178,4,1046875244
74281,474,2635,1,994819163
74282,474,6985,3,1053021669
74283,474,3553,3,1100119979
74284,474,6693,3,1096894438
74285,474,8226,3,1059056973
74286,474,868,4,1014924360
74287,474,3179,4,1002756871
74288,474,7481,2,1060106456
74289,474,2945,3,1014924284
74290,474,3242,4,1004131709
74291,474,4871,3,1046979081
74292,474,4228,2,1046887879
74293,474,2638,1,1046886579
74294,474,7484,3,1014924398
74295,474,8227,3,1060104442
74296,474,2640,2,1047044170
74297,474,1877,2,1014924485
74298,474,8228,5,1014923714
74299,474,3243,3,1007320701
74300,474,2947,3,1060104256
74301,474,2641,1,1060105803
74302,474,8229,3,1056977174
74303,474,7749,1,1089387499
74304,474,3244,4,1116386383
74305,474,1878,2,1046887780
74306,474,3554,4,1053092000
74307,474,845,2,1046887584
74308,474,2644,2,1014924315
74309,474,1146,4,1100291607
74310,474,8230,3,1053021348
74311,474,4096,3,1060106206
74312,474,8231,3,1002757130
74313,474,7490,2,1087832607
74314,474,5582,2,1046896034
74315,474,3249,3,1048709425
74316,474,1879,2,1046887573
74317,474,2647,2,1002929032
74318,474,8232,1,1046881277
74319,474,1822,2,1053021921
74320,474,3320,2,1053021435
74321,474,454,4,1046809155
74322,474,5355,3,1095425656
74323,474,7495,3,1053021423
74324,474,4230,0,1053021903
74325,474,3321,1,1053021874
74326,474,4101,4,1046887498
74327,474,2650,2,1081178247
74328,474,2651,1,1007320842
74329,474,749,3,1091456398
74330,474,8233,3,1075729849
74331,474,6423,2,1066654775
74332,474,1044,3,1053021447
74333,474,5357,2,1060104330
74334,474,4747,3,1053021046
74335,474,6710,4,1189991175
74336,474,8234,3,1056372207
74337,474,1825,3,1060104386
74338,474,2218,4,1002757001
74339,474,4946,3,1060606673
74340,474,8235,3,1087831961
74341,474,8236,3,1074607356
74342,474,4947,1,1068472788
74343,474,8237,4,1002756963
74344,474,7689,3,1087832148
74345,474,8238,3,1132423204
74346,474,5571,2,1047043601
74347,474,6341,4,1137367805
74348,474,4875,2,1002757164
74349,474,5360,3,1048858734
74350,474,3323,4,1002756838
74351,474,6622,4,1087832123
74352,474,1829,3,1102964419
74353,474,4950,4,1002756946
74354,474,8239,2,1002757205
74355,474,8240,3,1103723857
74356,474,4184,2,1046886672
74357,474,751,2,1087832613
74358,474,1125,4,1116256886
74359,474,457,4,1046809230
74360,474,752,3,1046871268
74361,474,5364,3,1046812168
74362,474,4470,3,1107878644
74363,474,2513,3,1098122494
74364,474,458,4,1081177303
74365,474,459,4,1137367839
74366,474,2044,3,1053021656
74367,474,4232,3,1007320701
74368,474,2768,3,1053021416
74369,474,5207,4,1007320649
74370,474,4952,3,1064007619
74371,474,2694,2,1007320825
74372,474,5169,3,1007320783
74373,474,753,4,1046871225
74374,474,460,3,1100291625
74375,474,3325,3,1181348156
74376,474,8241,4,1061384234
74377,474,1126,5,1046811889
74378,474,2717,3,1061160975
74379,474,4471,3,1049805236
74380,474,1832,4,1129579371
74381,474,2404,4,1013367485
74382,474,754,5,1013367179
74383,474,755,3,1087832443
74384,474,8242,3,1139102575
74385,474,8243,2,1087832547
74386,474,1196,4,1061297547
74387,474,8244,4,1100120007
74388,474,1834,3,1129579311
74389,474,1836,4,1046809230
74390,474,2771,2,1064172039
74391,474,6930,2,1013367353
74392,474,4474,5,1013367293
74393,474,232,3,1053020947
74394,474,2124,4,1100291927
74395,474,7508,3,1087832204
74396,474,8245,3,1069686150
74397,474,8246,4,1063110654
74398,474,8247,3,1066308606
74399,474,4476,4,1046811786
74400,474,6342,3,1132415695
74401,474,8248,3,1061832680
74402,474,4882,3,1100292027
74403,474,8249,1,1089387504
74404,474,5507,3,1060105755
74405,474,756,3,1046886657
74406,474,8090,4,1201833144
74407,474,3183,3,1100292401
74408,474,6945,2,1015353198
74409,474,8250,3,1092012081
74410,474,6738,3,1165540071
74411,474,4162,1,1015353179
74412,474,4163,0,1053021968
74413,474,5775,0,1053021970
74414,474,1198,4,1069684884
74415,474,6023,3,1135721035
74416,474,3184,4,1165539866
74417,474,1841,3,1100292406
74418,474,4108,4,1089386180
74419,474,7517,3,1060009182
74420,474,1842,2,1053021754
74421,474,4477,2,1046887940
74422,474,2701,2,1046887698
74423,474,8251,3,1046886834
74424,474,4479,2,1057582021
74425,474,5378,3,1070286869
74426,474,2225,3,1053021527
74427,474,3557,3,1088426715
74428,474,757,4,1100291637
74429,474,8252,3,1046887386
74430,474,8253,3,1089387323
74431,474,870,5,1087831477
74432,474,758,3,1046881084
74433,474,5380,4,1053021147
74434,474,4178,3,1100292422
74435,474,8254,3,1100292023
74436,474,4480,3,1046870712
74437,474,7293,3,1112018895
74438,474,6694,4,1080055004
74439,474,6986,4,1132423144
74440,474,1199,3,1089387181
74441,474,6426,1,1065798027
74442,474,3558,3,1055769594
74443,474,7528,3,1069686047
74444,474,8255,3,1087217699
74445,474,3328,3,1046871225
74446,474,759,4,1053021105
74447,474,2226,4,1087831859
74448,474,4481,4,1046870757
74449,474,847,2,1089387222
74450,474,8256,1,1089387501
74451,474,761,3,1046875127
74452,474,7384,4,1053020964
74453,474,6739,3,1201833285
74454,474,848,2,1046870775
74455,474,7531,4,1062075832
74456,474,762,4,1081177369
74457,474,1848,3,1089386820
74458,474,2955,4,1100119974
74459,474,8257,3,1046809547
74460,474,8258,3,1087831910
74461,474,5152,4,1046809547
74462,474,2703,4,1089386191
74463,474,3329,2,1046887533
74464,474,3252,2,1046887698
74465,474,5870,3,1054819319
74466,474,2227,4,1046809495
74467,474,8259,2,1046887668
74468,474,2707,2,1046887239
74469,474,8260,4,1073917632
74470,474,8261,3,1100291617
74471,474,6346,4,1108868174
74472,474,8262,3,1124983772
74473,474,1201,3,1089386793
74474,474,763,4,1081177323
74475,474,4164,4,1192327117
74476,474,7534,3,1052743248
74477,474,8263,2,1061580524
74478,474,1849,3,1053021641
74479,474,2228,4,1181348231
74480,474,7535,4,1100119674
74481,474,3253,4,1063631056
74482,474,8264,3,1066136293
74483,474,1202,4,1089386173
74484,474,5583,3,1059398547
74485,474,2046,4,1135721136
74486,474,2229,4,1048279742
74487,474,7540,4,1053021154
74488,474,3186,4,1124123473
74489,474,1850,3,1058990320
74490,474,8265,1,1087832868
74491,474,6987,3,1094562957
74492,474,2230,4,1086613194
74493,474,8266,2,1047043624
74494,474,8267,0,1053021898
74495,474,2125,4,1055769604
74496,474,4165,2,1089387509
74497,474,8268,3,1100120041
74498,474,8269,2,1087827032
74499,474,8270,4,1093142477
74500,474,2772,3,1100292446
74501,474,3559,4,1087831483
74502,474,764,4,1053021098
74503,474,6152,4,1109686537
74504,474,8271,3,1079359153
74505,474,8272,2,1046887417
74506,474,8273,1,1060106306
74507,474,4968,3,1053021629
74508,474,8274,2,1055172893
74509,474,6364,4,1059658500
74510,474,3187,4,1054557451
74511,474,4970,3,1137442523
74512,474,856,3,1125600646
74513,474,1205,3,1056637070
74514,474,2231,3,1081177573
74515,474,6996,2,1089387212
74516,474,765,5,1046809381
74517,474,3188,4,1087831597
74518,474,2232,3,1087831990
74519,474,857,3,1081177646
74520,474,8275,3,1081177536
74521,474,4850,3,1046887512
74522,474,1045,4,1104847589
74523,474,766,4,1087831605
74524,474,767,4,1061831865
74525,474,4851,3,1100292016
74526,474,5154,3,1089386810
74527,474,7547,4,1130961748
74528,474,1206,4,1054300218
74529,474,5400,3,1089387206
74530,474,4504,3,1087831997
74531,474,1147,4,1100119665
74532,474,8276,3,1100292449
74533,474,8277,4,1123505014
74534,474,7550,2,1046809604
74535,474,5401,4,1181348253
74536,474,8278,3,1069685537
74537,474,5402,3,1056977202
74538,474,7302,2,1090873646
74539,474,8279,3,1089387203
74540,474,8280,4,1137900960
74541,474,3141,4,1048709307
74542,474,7552,1,1089387506
74543,474,3256,2,1046812146
74544,474,1853,3,1053021419
74545,474,1854,3,1060009171
74546,474,7554,3,1061688936
74547,474,7555,2,1087832652
74548,474,8281,4,1100120048
74549,474,1856,3,1087831885
74550,474,8282,4,1077028739
74551,474,8283,4,1098104447
74552,474,4179,4,1061160987
74553,474,7556,4,1138498639
74554,474,6741,3,1059745050
74555,474,8284,5,1100119681
74556,474,7557,3,1087831912
74557,474,3191,4,1065446118
74558,474,8285,3,1074607366
74559,474,8286,4,1201833268
74560,474,8287,4,1100292003
74561,474,3561,3,1081177581
74562,474,285,3,1089387186
74563,474,2478,3,1081177719
74564,474,3562,3,1165539873
74565,474,8288,3,1108868064
74566,474,5174,3,1064172027
74567,474,6352,4,1091795922
74568,474,7559,3,1062387773
74569,474,7560,4,1064007586
74570,474,8289,3,1137521015
74571,474,2233,3,1058207172
74572,474,6998,4,1081177442
74573,474,4167,3,1066136312
74574,474,8290,3,1124370410
74575,474,4853,4,1124651703
74576,474,3192,4,1065446100
74577,474,1857,3,1087831902
74578,474,4976,3,1117827663
74579,474,3565,4,1100291665
74580,474,7563,2,1049825634
74581,474,3257,2,1051893177
74582,474,7565,1,1051623669
74583,474,2958,3,1089386843
74584,474,4119,3,1138486464
74585,474,3193,4,1075129585
74586,474,768,5,1100119699
74587,474,5411,4,1068472806
74588,474,5412,3,1066136322
74589,474,8291,3,1100292030
74590,474,6154,3,1068663398
74591,474,5176,3,1071496055
74592,474,5413,3,1089386545
74593,474,1128,4,1064786322
74594,474,8292,3,1066654690
74595,474,769,3,1087832458
74596,474,4168,4,1100292008
74597,474,5520,3,1126038212
74598,474,6155,2,1089387228
74599,474,1209,2,1074261858
74600,474,8293,2,1069077780
74601,474,876,4,1070397403
74602,474,1210,3,1070286880
74603,474,5285,4,1090873529
74604,474,8294,3,1071066768
74605,474,3194,5,1071066753
74606,474,8295,3,1064172069
74607,474,8296,3,1126533571
74608,474,8297,2,1089387365
74609,474,5211,3,1189990914
74610,474,8298,4,1062387935
74611,474,4282,2,1097553786
74612,474,8299,3,1086016625
74613,474,1211,3,1122395759
74614,474,8300,3,1055190162
74615,474,8094,4,1165540065
74616,474,8301,3,1100292086
74617,474,1046,4,1090873556
74618,474,8302,4,1111412832
74619,474,8303,3,1089204064
74620,474,770,2,1070287848
74621,474,877,2,1092661145
74622,474,3658,3,1071842775
74623,474,771,3,1075129578
74624,474,8304,4,1073508736
74625,474,7572,2,1089387216
74626,474,2236,4,1080568439
74627,474,2237,3,1077028704
74628,474,4239,3,1097601404
74629,474,8305,3,1079963712
74630,474,8306,3,1081177818
74631,474,3566,4,1080568446
74632,474,8307,4,1075729870
74633,474,8308,2,1087832522
74634,474,8309,3,1107784415
74635,474,8310,2,1089387192
74636,474,4123,4,1075989401
74637,474,3258,3,1100292093
74638,474,5778,3,1087831871
74639,474,3752,4,1118006516
74640,474,8311,3,1089386579
74641,474,2500,2,1070286905
74642,474,8312,3,1118840574
74643,474,4979,4,1117827654
74644,474,2514,3,1110813908
74645,474,7309,3,1128098746
74646,474,2047,3,1087832050
74647,474,6156,3,1181348366
74648,474,5779,3,1181348314
74649,474,8313,2,1062505923
74650,474,4128,2,1062387694
74651,474,3335,3,1076347368
74652,474,3336,3,1090873576
74653,474,7769,3,1078495454
74654,474,8314,4,1102341187
74655,474,8315,3,1126038277
74656,474,8316,3,1100292097
74657,474,2107,3,1100291688
74658,474,7405,4,1064171896
74659,474,4284,3,1064171891
74660,474,4180,4,1100291681
74661,474,1214,4,1064171862
74662,474,8317,2,1064171865
74663,474,3567,5,1064171871
74664,474,1215,3,1129579428
74665,474,7591,3,1089386591
74666,474,4129,4,1064841948
74667,474,3260,3,1089386587
74668,474,8318,3,1103636757
74669,474,6648,3,1064841955
74670,474,3568,3,1096470452
74671,474,5215,4,1064841971
74672,474,772,3,1078495443
74673,474,2241,4,1087490821
74674,474,6965,3,1100292048
74675,474,1148,3,1078755246
74676,474,2963,3,1077028709
74677,474,235,4,1082256514
74678,474,3337,3,1116386410
74679,474,5421,4,1100291676
74680,474,5422,4,1084798816
74681,474,7596,3,1067262360
74682,474,8319,4,1098104416
74683,474,8320,3,1067266116
74684,474,8321,3,1110202926
74685,474,7312,4,1119012499
74686,474,5423,4,1080568429
74687,474,773,2,1081430620
74688,474,3195,4,1100698379
74689,474,878,3,1083589253
74690,474,3196,2,1069084016
74691,474,8099,3,1181348289
74692,474,2243,3,1126038203
74693,474,8322,4,1110202908
74694,474,2244,3,1100291650
74695,474,7597,3,1089897178
74696,474,2245,3,1087995290
74697,474,8323,3,1125600630
74698,474,4130,4,1070286826
74699,474,8324,3,1077890823
74700,474,8325,3,1139941344
74701,474,2246,3,1070286813
74702,474,3261,4,1070286810
74703,474,7313,4,1095773445
74704,474,8326,3,1238350176
74705,474,8327,4,1087827048
74706,474,4285,4,1094562965
74707,474,8328,3,1087831899
74708,474,2247,4,1083589288
74709,474,6649,2,1070286772
74710,474,2966,3,1070286757
74711,474,2249,3,1070286751
74712,474,8329,3,1070309684
74713,474,5780,4,1070286782
74714,474,3263,3,1070286785
74715,474,1217,2,1070286749
74716,474,8330,3,1070286789
74717,474,6650,1,1087832795
74718,474,7598,3,1070286799
74719,474,4241,3,1070286755
74720,474,3266,3,1089387237
74721,474,3267,3,1070286707
74722,474,8331,3,1070286678
74723,474,4242,3,1070286680
74724,474,8332,3,1070286737
74725,474,8333,3,1070286695
74726,474,8334,4,1070286716
74727,474,5216,3,1070286693
74728,474,8335,4,1129579320
74729,474,8336,3,1070286698
74730,474,8337,3,1081177586
74731,474,8338,4,1070286701
74732,474,5179,3,1085403495
74733,474,8339,4,1099923507
74734,474,8340,4,1083589271
74735,474,2112,4,1192327046
74736,474,2113,3,1181347988
74737,474,8341,4,1100962975
74738,474,8342,2,1091124339
74739,474,8343,3,1100526644
74740,474,8344,3,1101737037
74741,474,5218,2,1087832377
74742,474,8345,2,1089063250
74743,474,5180,3,1082311136
74744,474,8346,3,1070286728
74745,474,8347,3,1129579527
74746,474,8348,3,1070286718
74747,474,8349,3,1238350378
74748,474,3570,4,1110202899
74749,474,2251,4,1105624492
74750,474,8350,3,1081177530
74751,474,8351,3,1070286638
74752,474,1129,3,1115584841
74753,474,7316,3,1070286633
74754,474,5095,2,1070286636
74755,474,7317,3,1090873564
74756,474,5219,5,1070286605
74757,474,3143,3,1138039740
74758,474,3341,3,1083935937
74759,474,3197,4,1085403459
74760,474,8352,4,1165539947
74761,474,774,3,1084279127
74762,474,1218,3,1084279154
74763,474,5881,3,1083761455
74764,474,880,3,1084798855
74765,474,775,5,1072654131
74766,474,2405,4,1085151435
74767,474,3571,4,1081172954
74768,474,2720,4,1086369937
74769,474,3198,4,1088599323
74770,474,5220,3,1122395832
74771,474,8353,3,1089386893
74772,474,4886,3,1111412886
74773,474,8354,3,1089386572
74774,474,8355,3,1140047474
74775,474,7373,3,1099315939
74776,474,8356,3,1073255487
74777,474,8357,4,1073255475
74778,474,5221,3,1073255495
74779,474,5783,3,1073255470
74780,474,8358,4,1137521618
74781,474,8359,4,1093142418
74782,474,8360,2,1073255459
74783,474,3572,4,1111412815
74784,474,3342,4,1087827016
74785,474,4507,4,1089386914
74786,474,883,3,1100292444
74787,474,3756,3,1128353671
74788,474,5429,3,1129579417
74789,474,7319,3,1137521414
74790,474,6166,3,1103811444
74791,474,6704,2,1089387252
74792,474,5784,3,1075729950
74793,474,1220,4,1081528654
74794,474,1221,4,1092315860
74795,474,3269,3,1090595301
74796,474,8361,3,1091623060
74797,474,7606,3,1077546322
74798,474,4286,3,1079359135
74799,474,7607,3,1087827024
74800,474,8362,3,1107873097
74801,474,1130,4,1080568420
74802,474,5225,3,1094736459
74803,474,4287,4,1093524775
74804,474,8363,4,1123721665
74805,474,7322,3,1081172884
74806,474,8364,2,1080568515
74807,474,1048,4,1100291712
74808,474,5887,4,1142279167
74809,474,885,4,1100291715
74810,474,8365,4,1083589595
74811,474,3270,4,1083589553
74812,474,8366,4,1238350542
74813,474,3347,4,1238350269
74814,474,8367,4,1132173402
74815,474,8368,3,1083675425
74816,474,7325,3,1093878427
74817,474,8369,4,1126708309
74818,474,5181,4,1083675371
74819,474,8370,3,1145125822
74820,474,6431,4,1086016648
74821,474,3271,3,1083675332
74822,474,6240,2,1089387363
74823,474,3272,3,1095682863
74824,474,2254,4,1119877154
74825,474,5433,3,1087831948
74826,474,2783,4,1201833260
74827,474,8371,3,1087831882
74828,474,8372,4,1137521632
74829,474,8373,4,1100292118
74830,474,8374,4,1083701611
74831,474,8375,3,1083701607
74832,474,8376,3,1087832288
74833,474,5227,4,1083765473
74834,474,1223,3,1136681855
74835,474,2970,3,1084798828
74836,474,4887,3,1150143098
74837,474,3273,4,1083761520
74838,474,8377,3,1100292158
74839,474,8378,4,1099060001
74840,474,5635,3,1124651661
74841,474,5637,3,1129579536
74842,474,8379,3,1084279238
74843,474,8380,3,1084279234
74844,474,8381,3,1144111831
74845,474,8382,3,1144882753
74846,474,8383,3,1144882783
74847,474,7111,4,1144882766
74848,474,8384,3,1144882786
74849,474,8385,3,1084279177
74850,474,8386,3,1089638217
74851,474,8387,3,1084365770
74852,474,8388,3,1100291707
74853,474,8389,3,1099315952
74854,474,8390,3,1094562833
74855,474,8391,3,1084365728
74856,474,2117,4,1137271158
74857,474,5158,4,1129579425
74858,474,8392,3,1086785434
74859,474,3145,3,1092661152
74860,474,5524,4,1107193601
74861,474,2971,4,1135824491
74862,474,5182,3,1084538629
74863,474,6159,4,1143998527
74864,474,8393,4,1132173380
74865,474,5785,3,1100291706
74866,474,8394,3,1087832210
74867,474,8395,3,1139102246
74868,474,7610,3,1084884411
74869,474,4985,3,1131475321
74870,474,8396,4,1140403914
74871,474,5096,3,1189990846
74872,474,8397,2,1084884338
74873,474,3575,2,1087832488
74874,474,8398,4,1093267599
74875,474,8399,4,1109599579
74876,474,778,4,1109039798
74877,474,2119,4,1085403562
74878,474,8400,3,1085403561
74879,474,2787,5,1100119709
74880,474,4139,2,1085489071
74881,474,8401,3,1181348018
74882,474,8402,3,1085671095
74883,474,8403,3,1085749102
74884,474,8404,4,1201833049
74885,474,8405,3,1111412902
74886,474,7681,4,1113829306
74887,474,8406,4,1112282473
74888,474,3578,3,1138486443
74889,474,779,4,1099923515
74890,474,5786,3,1110813885
74891,474,3348,4,1097508546
74892,474,780,5,1116256984
74893,474,8407,2,1106503362
74894,474,3146,4,1109599599
74895,474,8408,2,1086016467
74896,474,8409,3,1115044114
74897,474,8410,3,1097034394
74898,474,8411,4,1100292121
74899,474,8412,2,1087832464
74900,474,8413,3,1086098891
74901,474,8414,3,1086098889
74902,474,8415,3,1086098722
74903,474,8416,3,1086098720
74904,474,8417,3,1086098718
74905,474,8418,3,1086098715
74906,474,8419,4,1086103054
74907,474,2048,4,1100292150
74908,474,8420,3,1106503412
74909,474,8421,3,1086191946
74910,474,8422,3,1086191943
74911,474,8423,3,1087832241
74912,474,8424,3,1086369863
74913,474,2262,3,1086369856
74914,474,8425,3,1089386934
74915,474,4142,4,1086613169
74916,474,8426,3,1086871736
74917,474,8427,3,1099315938
74918,474,5889,4,1123721652
74919,474,8428,3,1106057688
74920,474,7343,3,1102341207
74921,474,8429,3,1104933055
74922,474,8430,3,1087827079
74923,474,5228,3,1137521591
74924,474,5527,4,1181347995
74925,474,5229,3,1201833138
74926,474,7113,3,1087995303
74927,474,8431,3,1087995301
74928,474,5098,3,1088167501
74929,474,8432,3,1088167496
74930,474,2049,4,1097508566
74931,474,2972,3,1088453000
74932,474,783,5,1092012066
74933,474,4292,4,1100526635
74934,474,3207,4,1103392567
74935,474,8433,3,1108868108
74936,474,784,3,1102687317
74937,474,8434,3,1238350150
74938,474,5230,2,1089638396
74939,474,8435,3,1089638385
74940,474,8436,3,1089638383
74941,474,8437,2,1089638381
74942,474,8438,3,1133204249
74943,474,8439,3,1099575386
74944,474,8440,4,1189991007
74945,474,8441,3,1120662150
74946,474,8442,3,1120662162
74947,474,8443,3,1120573208
74948,474,8444,3,1120573217
74949,474,3350,3,1105106604
74950,474,786,3,1100291729
74951,474,1228,4,1108868034
74952,474,4245,2,1090326685
74953,474,236,3,1104519139
74954,474,8445,4,1127143337
74955,474,8446,3,1112619779
74956,474,5007,4,1092012139
74957,474,5585,3,1118006398
74958,474,788,3,1108389744
74959,474,2266,4,1108734618
74960,474,8447,4,1095092244
74961,474,2790,3,1145755122
74962,474,5750,4,1095092238
74963,474,3354,2,1109599590
74964,474,2267,4,1114175093
74965,474,8448,3,1238350317
74966,474,8449,3,1097508640
74967,474,8450,4,1116517476
74968,474,8451,2,1112208217
74969,474,792,4,1112965884
74970,474,1230,4,1118407928
74971,474,2269,4,1112619796
74972,474,8452,3,1118667186
74973,474,794,4,1113172332
74974,474,795,4,1111151849
74975,474,890,3,1117480938
74976,474,797,4,1112018563
74977,474,8453,4,1137521438
74978,474,2272,4,1114175077
74979,474,8454,3,1101737069
74980,474,8455,3,1142189171
74981,474,4294,3,1117481084
74982,474,5787,4,1101737052
74983,474,5236,4,1238350199
74984,474,8456,4,1238350219
74985,474,8457,4,1139940944
74986,474,8458,4,1165540242
74987,474,8459,4,1144882713
74988,474,8460,3,1141933763
74989,474,5529,4,1137008654
74990,474,8461,3,1238350231
74991,474,5239,3,1112304675
74992,474,5789,4,1112298909
74993,474,8462,4,1165540134
74994,474,5240,3,1124651627
74995,474,8463,4,1201833271
74996,474,8464,3,1165539840
74997,474,6699,4,1112304690
74998,474,7346,4,1141933603
74999,474,8465,3,1128097743
75000,474,4246,3,1141933765
75001,474,8466,3,1137521287
75002,474,8467,4,1201833252
75003,474,8468,3,1189991147
75004,474,8469,3,1141933708
75005,474,8470,3,1141933637
75006,474,4888,3,1112632629
75007,474,5560,4,1192327127
75008,474,6660,4,1238350226
75009,474,7351,3,1145749882
75010,474,2795,3,1111697175
75011,474,4302,4,1133730256
75012,474,2973,3,1112632610
75013,474,3358,4,1238350273
75014,474,4857,3,1181347968
75015,474,8471,1,1109360596
75016,474,8472,3,1124651675
75017,474,2278,3,1165540199
75018,474,3073,3,1114693575
75019,474,3583,3,1122323326
75020,474,4858,4,1181348000
75021,474,800,3,1181348087
75022,474,5791,3,1145837841
75023,474,5900,4,1131475327
75024,474,4306,3,1116592786
75025,474,4307,3,1115387479
75026,474,5793,4,1108389737
75027,474,4308,4,1118006384
75028,474,6663,4,1109360337
75029,474,3148,3,1115049126
75030,474,4145,3,1110202918
75031,474,1236,4,1128097747
75032,474,5794,4,1139939397
75033,474,3149,3,1180012480
75034,474,5536,3,1112040660
75035,474,2050,4,1107784398
75036,474,891,4,1113769578
75037,474,1237,4,1132423177
75038,474,3150,3,1116256908
75039,474,801,4,1117025726
75040,474,7617,4,1113769507
75041,474,3364,4,1119128254
75042,474,5797,3,1115044125
75043,474,6954,4,1116256930
75044,474,7724,3,1123258325
75045,474,8473,4,1107444837
75046,474,8474,2,1104518838
75047,474,2283,4,1165540252
75048,474,8475,3,1189990579
75049,474,2051,3,1123505034
75050,474,5798,4,1127143189
75051,474,1150,4,1145451850
75052,474,8476,3,1122323399
75053,474,8477,4,1130961734
75054,474,5802,3,1120184766
75055,474,8111,4,1138804192
75056,474,5803,4,1124710477
75057,474,3367,3,1137766098
75058,474,2286,4,1126533581
75059,474,809,4,1118006457
75060,474,5919,3,1130961786
75061,474,2288,4,1140208911
75062,474,2802,3,1189990636
75063,474,810,3,1130961759
75064,474,5286,3,1238350447
75065,474,812,3,1134343831
75066,474,3216,3,1141933692
75067,474,3370,3,1134343886
75068,474,5922,3,1141848736
75069,474,8478,4,1122323286
75070,474,1242,4,1128353652
75071,474,2052,4,1139693851
75072,474,6434,4,1139693884
75073,474,3371,4,1135958409
75074,474,8479,3,1150143118
75075,474,2127,3,1135647231
75076,474,7725,3,1165539993
75077,474,2290,4,1139234924
75078,474,2291,3,1140101859
75079,474,5025,3,1165540020
75080,474,6511,3,1142821742
75081,474,1246,4,1139059912
75082,474,1247,4,1145125851
75083,474,6435,3,1139940649
75084,474,814,4,1142996159
75085,474,1248,4,1139664180
75086,474,2294,4,1145451828
75087,474,2053,4,1144247642
75088,474,6672,4,1140576315
75089,474,3585,4,1145125435
75090,474,2295,3,1165539876
75091,474,5543,4,1165540036
75092,474,2297,3,1141848765
75093,474,2298,3,1189990898
75094,474,2299,3,1165540032
75095,474,896,3,1144778236
75096,474,3372,4,1180012571
75097,474,1894,5,1133204269
75098,474,897,4,1141848702
75099,474,5932,2,1150143043
75100,474,898,3,1165539936
75101,474,7624,4,1144882716
75102,474,1895,4,1136167922
75103,474,2301,3,1150143016
75104,474,2054,4,1147625054
75105,474,816,4,1150143113
75106,474,2302,4,1148784029
75107,474,3377,3,1147625036
75108,474,6436,4,1147625018
75109,474,8480,3,1165540081
75110,474,8481,3,1189990981
75111,474,7205,5,1165540227
75112,474,6437,3,1165540023
75113,474,1251,4,1165540011
75114,474,2307,4,1180012545
75115,474,1252,3,1165540052
75116,474,2308,3,1180012578
75117,474,8482,3,1165540183
75118,474,1253,3,1189990767
75119,474,4859,3,1181348114
75120,474,3381,4,1165539887
75121,474,2309,3,1165540046
75122,474,3382,3,1189991172
75123,474,7364,4,1165540079
75124,474,5858,4,1165539890
75125,474,5586,4,1165539972
75126,474,817,4,1148956389
75127,474,818,3,1180012509
75128,474,7628,3,1165540175
75129,474,2977,3,1180012502
75130,474,3385,3,1180012484
75131,474,1255,3,1180012471
75132,474,820,3,1180012450
75133,474,2805,4,1180012310
75134,474,3387,4,1181348242
75135,474,2722,4,1180012514
75136,474,821,2,1180012491
75137,474,1256,3,1180012445
75138,474,2311,3,1180012304
75139,474,5756,4,1180012421
75140,474,5254,3,1180012426
75141,474,2055,4,1165539831
75142,474,899,4,1180012232
75143,474,7366,3,1180012298
75144,474,2128,3,1180012409
75145,474,2312,4,1180012143
75146,474,2314,3,1189990756
75147,474,6441,3,1165540186
75148,474,3390,3,1180012376
75149,474,6673,3,1180012379
75150,474,2315,3,1180012371
75151,474,2316,3,1165539838
75152,474,1133,3,1180012234
75153,474,238,4,1180012354
75154,474,7218,4,1180012345
75155,474,3587,4,1189990647
75156,474,8483,4,1201832889
75157,474,1051,4,1180012229
75158,474,1052,4,1180012316
75159,474,822,3,1180012313
75160,474,2318,4,1180012301
75161,474,7633,3,1180012289
75162,474,5947,3,1180012278
75163,474,3395,3,1180012274
75164,474,7634,3,1180012255
75165,474,5001,3,1180012246
75166,474,7219,4,1180012227
75167,474,8484,3,1201832959
75168,474,3396,4,1181348336
75169,474,7635,3,1189990575
75170,474,2322,4,1180012125
75171,474,2323,3,1201833185
75172,474,8485,3,1189991257
75173,474,3588,3,1189990959
75174,474,8486,3,1201833031
75175,474,3398,4,1201833318
75176,474,3399,4,1238350244
75177,474,1262,4,1189991053
75178,474,3402,4,1201833280
75179,474,3406,4,1238350205
75180,474,2332,4,1201832936
75181,474,3589,4,1238350400
75182,474,3407,3,1201833152
75183,474,7040,4,1238350351
75184,474,2333,3,1201833158
75185,474,8487,3,1201833337
75186,474,2335,3,1201833329
75187,474,2519,4,1189990598
75188,474,3154,3,1201833149
75189,474,3414,4,1238350495
75190,474,8488,4,1201832956
75191,474,1271,4,1201833256
75192,474,3419,3,1238350555
75193,474,3677,3,1238350498
75194,474,8489,4,1238350461
75195,474,3592,4,1238350406
75196,474,8490,3,1201832992
75197,474,2348,3,1238350552
75198,474,2380,4,1238350601
75199,474,1292,4,1238350092
75200,475,482,4,1498031744
75201,475,493,4,1498031776
75202,475,532,4,1498031585
75203,475,16,5,1498029369
75204,475,600,5,1498031717
75205,475,472,4,1498031570
75206,475,23,5,1498031622
75207,475,828,4,1498031682
75208,475,323,5,1498031529
75209,475,479,5,1498031516
75210,475,34,5,1498031523
75211,475,1026,4,1498031911
75212,475,1431,4,1498031790
75213,475,69,5,1498029371
75214,475,71,5,1498029334
75215,475,74,5,1498029362
75216,475,82,4,1498031588
75217,475,86,5,1498031521
75218,475,90,5,1498029409
75219,475,1166,5,1498031794
75220,475,1167,4,1498031874
75221,475,1031,5,1498031637
75222,475,102,5,1498031593
75223,475,108,4,1498031862
75224,475,729,5,1498031645
75225,475,1777,4,1498029445
75226,475,836,5,1498031778
75227,475,120,5,1498031777
75228,475,135,5,1498031761
75229,475,150,4,1498031891
75230,475,167,4,1498029365
75231,475,171,5,1498031804
75232,475,181,5,1498031629
75233,475,220,5,1498030079
75234,475,1015,4,1498030500
75235,475,1187,3,1498030153
75236,475,1757,4,1498030576
75237,475,1016,4,1498029450
75238,475,229,5,1498030037
75239,475,4274,4,1498031226
75240,475,1811,4,1498030987
75241,475,745,4,1498030086
75242,475,2214,4,1498030952
75243,475,1815,4,1498031266
75244,475,1816,4,1498030605
75245,475,1817,4,1498030615
75246,475,747,5,1498030379
75247,475,1819,5,1498030760
75248,475,1880,4,1498030776
75249,475,752,4,1498030044
75250,475,458,5,1498030073
75251,475,754,5,1498029357
75252,475,756,4,1498030348
75253,475,757,5,1498030075
75254,475,758,5,1498030169
75255,475,1199,4,1498031707
75256,475,760,4,1498029909
75257,475,763,5,1498029807
75258,475,764,4,1498030137
75259,475,765,5,1498029355
75260,475,768,4,1498030142
75261,475,769,4,1498030124
75262,475,876,3,1498030047
75263,475,770,4,1498030845
75264,475,771,4,1498029484
75265,475,3071,4,1498031128
75266,475,773,4,1498030294
75267,475,775,5,1498029354
75268,475,1047,4,1498030411
75269,475,779,4,1498030155
75270,475,780,4,1498029832
75271,475,2753,4,1498030995
75272,475,783,4,1498029835
75273,475,1049,4,1498030305
75274,475,784,4,1498030190
75275,475,790,3,1498031399
75276,475,795,4,1498030114
75277,475,796,4,1498031404
75278,475,1150,5,1498030622
75279,475,893,4,1498030793
75280,475,2126,4,1498030809
75281,475,805,3,1498031413
75282,475,809,4,1498030177
75283,475,810,4,1498029421
75284,475,1241,4,1498030931
75285,475,896,4,1498031019
75286,475,1894,5,1498030277
75287,475,1895,5,1498030540
75288,475,1250,4,1498031118
75289,475,817,4,1498030664
75290,475,1255,4,1498030315
75291,475,1133,4,1498030273
75292,475,2979,4,1498030804
75293,475,1906,3,1498031167
75294,475,1267,3,1498031316
75295,475,2519,4,1498030481
75296,475,1270,3,1498030718
75297,475,903,4,1498031844
75298,475,2060,5,1498031409
75299,475,1054,4,1498030497
75300,475,1910,4,1498031213
75301,475,239,3,1498029377
75302,475,1055,4,1498029415
75303,475,3080,4,1498031376
75304,475,1282,4,1498030813
75305,475,1283,4,1498029600
75306,475,1284,4,1498031052
75307,475,1285,4,1498030909
75308,475,1152,4,1498029752
75309,475,1918,3,1498031182
75310,475,1920,4,1498031244
75311,475,918,5,1498030550
75312,475,1061,5,1498030358
75313,475,4730,5,1498031457
75314,475,927,4,1498030229
75315,475,1313,4,1498029975
75316,475,932,3,1498030727
75317,475,1932,3,1498031139
75318,475,1934,5,1498030549
75319,475,3091,4,1498031136
75320,475,1325,5,1498030785
75321,475,1328,3,1498029606
75322,475,1939,5,1498030584
75323,475,1331,4,1498030855
75324,475,1067,4,1498030321
75325,475,1068,4,1498030557
75326,475,250,4,1498030346
75327,475,945,5,1498030559
75328,475,949,3,1498031035
75329,475,1071,4,1498031176
75330,475,3101,4,1498031248
75331,475,1959,3,1498031349
75332,475,1349,4,1498031200
75333,475,1354,4,1498030787
75334,475,1980,3,1498031389
75335,475,254,4,1498030180
75336,475,1357,4,1498030822
75337,475,1076,4,1498029760
75338,475,1078,4,1498029408
75339,475,257,4,1498029541
75340,475,1362,4,1498030471
75341,475,1363,4,1498031088
75342,475,3114,4,1498031219
75343,475,258,4,1498030594
75344,475,1081,4,1498029776
75345,475,1366,4,1498030976
75346,475,1082,5,1498029411
75347,475,1368,3,1498029920
75348,475,1369,3,1498029495
75349,475,1083,4,1498029469
75350,475,2016,4,1498031436
75351,475,1373,4,1498031081
75352,475,1089,4,1498029487
75353,475,1092,4,1498029848
75354,475,1393,3,1498029617
75355,476,1,4,835021447
75356,476,482,4,835021693
75357,476,487,3,835021420
75358,476,488,3,835021635
75359,476,489,3,835022487
75360,476,293,4,835021513
75361,476,461,4,835021494
75362,476,294,3,835022455
75363,476,1401,4,835022192
75364,476,4699,4,835022035
75365,476,464,4,835021273
75366,476,465,3,835021342
75367,476,528,3,835022346
75368,476,531,4,835021420
75369,476,532,3,835021342
75370,476,540,3,835021447
75371,476,544,2,835022455
75372,476,304,4,835022085
75373,476,557,4,835022226
75374,476,561,3,835021592
75375,476,563,3,835022375
75376,476,569,4,835021636
75377,476,467,5,835021800
75378,476,581,3,835021927
75379,476,586,3,835022227
75380,476,17,3,835021274
75381,476,470,4,835021470
75382,476,595,4,835022358
75383,476,596,4,835021881
75384,476,598,3,835021494
75385,476,233,5,835021384
75386,476,600,3,835021384
75387,476,604,4,835021592
75388,476,605,4,835021420
75389,476,20,3,835021342
75390,476,609,3,835022173
75391,476,21,5,835021592
75392,476,314,4,835021927
75393,476,617,3,835022275
75394,476,22,5,835022003
75395,476,472,4,835021563
75396,476,315,3,835022146
75397,476,973,4,835022226
75398,476,622,3,835021982
75399,476,623,3,835022523
75400,476,473,3,835021275
75401,476,628,3,835021981
75402,476,2141,4,835022003
75403,476,634,3,835021420
75404,476,637,3,835021693
75405,476,639,4,835021546
75406,476,26,5,835021470
75407,476,644,3,835022173
75408,476,475,4,835022054
75409,476,27,4,835021636
75410,476,28,3,835021942
75411,476,477,4,835021828
75412,476,322,4,835021853
75413,476,828,3,835022415
75414,476,671,4,835022003
75415,476,323,5,835021342
75416,476,479,5,835022128
75417,476,33,5,835021273
75418,476,34,4,835021272
75419,476,480,4,835021778
75420,476,324,5,835021384
75421,476,36,5,835021800
75422,476,481,3,835022173
75423,476,674,3,835021910
75424,477,1,4,1200939636
75425,477,482,4,1200939962
75426,477,2,3,1200941177
75427,477,493,3,1200939977
75428,477,495,4,1201159341
75429,477,293,4,1200939654
75430,477,461,4,1200939719
75431,477,4,4,1200939679
75432,477,507,0,1201158662
75433,477,508,4,1201158833
75434,477,519,4,1200940046
75435,477,1403,3,1201023050
75436,477,464,4,1200940406
75437,477,528,0,1200941455
75438,477,302,4,1200947190
75439,477,538,3,1200943159
75440,477,550,4,1240473704
75441,477,12,4,1200946408
75442,477,13,4,1200939941
75443,477,14,3,1200939725
75444,477,563,3,1201072723
75445,477,569,4,1200943067
75446,477,16,4,1200939628
75447,477,17,4,1200939617
75448,477,18,3,1200939711
75449,477,598,2,1200941809
75450,477,233,5,1200939396
75451,477,600,4,1200944541
75452,477,19,3,1200944709
75453,477,604,4,1200940055
75454,477,471,3,1200939667
75455,477,312,4,1200943054
75456,477,613,0,1200942197
75457,477,21,5,1200939619
75458,477,472,4,1200939706
75459,477,23,1,1200940274
75460,477,315,4,1200941720
75461,477,621,0,1201159915
75462,477,622,3,1200943753
75463,477,474,3,1200939986
75464,477,2548,4,1200946454
75465,477,631,3,1201159933
75466,477,633,3,1200941251
75467,477,635,2,1201159120
75468,477,25,4,1200939183
75469,477,640,3,1201159406
75470,477,26,5,1200944274
75471,477,27,4,1200939622
75472,477,28,3,1200939738
75473,477,659,3,1200947108
75474,477,29,4,1229452307
75475,477,1095,5,1201158878
75476,477,666,0,1201160165
75477,477,667,3,1201158954
75478,477,1420,3,1200940045
75479,477,1421,3,1200945872
75480,477,670,3,1201195262
75481,477,2501,0,1200942127
75482,477,828,3,1200939829
75483,477,671,3,1200940196
75484,477,323,3,1200939653
75485,477,479,5,1200939634
75486,477,35,5,1200939621
75487,477,480,3,1200940039
75488,477,324,3,1200944420
75489,477,37,4,1262794054
75490,477,677,4,1200939212
75491,477,38,3,1200939670
75492,477,1159,3,1269832460
75493,477,39,4,1200941913
75494,477,1424,4,1200939242
75495,477,40,0,1200945881
75496,477,685,4,1201158772
75497,477,688,4,1201159360
75498,477,41,4,1241938832
75499,477,42,3,1200939703
75500,477,2073,4,1200945652
75501,477,1097,5,1200939361
75502,477,723,5,1200939347
75503,477,691,3,1200946891
75504,477,43,4,1200939639
75505,477,693,0,1200941775
75506,477,1431,3,1200939992
75507,477,697,3,1200941286
75508,477,1433,0,1201195251
75509,477,1435,3,1269832640
75510,477,1438,3,1200940556
75511,477,333,3,1200939390
75512,477,3729,4,1200949117
75513,477,334,4,1200941111
75514,477,335,3,1200949130
75515,477,1098,3,1200940509
75516,477,45,3,1200939942
75517,477,831,4,1245030056
75518,477,46,4,1200940534
75519,477,724,4,1200939944
75520,477,3169,2,1200939188
75521,477,2666,2,1201195982
75522,477,1161,3,1200939255
75523,477,2667,3,1200947060
75524,477,1135,4,1279499481
75525,477,5051,5,1200948686
75526,477,62,4,1200940037
75527,477,63,4,1200939949
75528,477,66,4,1200939754
75529,477,347,3,1200939279
75530,477,267,4,1245554497
75531,477,67,2,1200941571
75532,477,68,4,1200939813
75533,477,1100,4,1200939377
75534,477,1102,4,1200939373
75535,477,69,5,1200939665
75536,477,71,4,1200939393
75537,477,351,4,1200940654
75538,477,352,4,1200940079
75539,477,2396,4,1200940521
75540,477,1104,4,1200940973
75541,477,73,5,1232338078
75542,477,74,4,1200939648
75543,477,76,4,1200939818
75544,477,77,4,1200940546
75545,477,79,5,1200940569
75546,477,1105,5,1200940516
75547,477,354,4,1200941464
75548,477,1138,4,1200942089
75549,477,82,4,1200939768
75550,477,726,4,1200940056
75551,477,1107,4,1200940489
75552,477,2176,4,1200940780
75553,477,84,4,1200940013
75554,477,356,4,1200940002
75555,477,85,4,1200939795
75556,477,86,4,1200939690
75557,477,2177,4,1200941977
75558,477,2084,5,1200943136
75559,477,1111,4,1200940558
75560,477,88,4,1200940842
75561,477,359,3,1200946901
75562,477,90,4,1200939811
75563,477,3000,4,1203701716
75564,477,270,4,1200945183
75565,477,1461,4,1200941567
75566,477,1166,4,1200939959
75567,477,994,4,1200946372
75568,477,977,4,1200946209
75569,477,1467,0,1201022995
75570,477,1468,3,1200946401
75571,477,2147,4,1200939979
75572,477,362,3,1200941194
75573,477,5561,4,1201166879
75574,477,1475,4,1200941224
75575,477,363,4,1263224869
75576,477,1483,2,1201158785
75577,477,1485,2,1200941244
75578,477,99,3,1200939952
75579,477,1031,4,1200939889
75580,477,1168,3,1200941238
75581,477,1491,0,1201159827
75582,477,102,4,1200939760
75583,477,727,4,1200939987
75584,477,1009,3,1201159170
75585,477,1032,3,1200942200
75586,477,1505,4,1200947070
75587,477,108,2,1200941242
75588,477,729,4,1200940021
75589,477,1510,3,1200941604
75590,477,7389,4,1200946881
75591,477,988,3,1200939764
75592,477,2565,0,1201158797
75593,477,1169,3,1200941366
75594,477,1516,4,1200941833
75595,477,110,3,1200946429
75596,477,1518,3,1200947001
75597,477,2399,4,1201160077
75598,477,1524,4,1200944861
75599,477,4220,4,1200948457
75600,477,2567,4,1200945341
75601,477,990,3,1200941896
75602,477,3172,4,1200947194
75603,477,1033,4,1200941349
75604,477,1534,3,1201159581
75605,477,8174,4,1201158706
75606,477,1536,4,1201159393
75607,477,115,4,1201023023
75608,477,2401,4,1200943141
75609,477,380,2,1201159382
75610,477,2038,4,1200939236
75611,477,2039,4,1202061205
75612,477,117,3,1268551930
75613,477,382,4,1200939990
75614,477,119,4,1200941461
75615,477,3023,4,1200945202
75616,477,3547,3,1200940623
75617,477,836,4,1200946254
75618,477,120,4,1200940033
75619,477,383,4,1200939375
75620,477,122,4,1200939714
75621,477,1551,3,1200951743
75622,477,124,4,1200944772
75623,477,1557,3,1201160082
75624,477,126,4,1200941271
75625,477,2678,4,1200939168
75626,477,1559,4,1200948804
75627,477,997,3,1200944149
75628,477,1035,3,1201159187
75629,477,1560,3,1201160075
75630,477,1036,4,1200942046
75631,477,130,4,1201072653
75632,477,131,3,1201159540
75633,477,134,3,1200946320
75634,477,385,3,1200939234
75635,477,4146,3,1200946894
75636,477,135,4,1200940052
75637,477,136,4,1200939306
75638,477,1568,2,1200945765
75639,477,2680,3,1200943094
75640,477,4066,4,1200945668
75641,477,142,3,1200940028
75642,477,143,4,1200942061
75643,477,5498,4,1269832265
75644,477,6713,3,1275162873
75645,477,1592,3,1201195861
75646,477,273,5,1200942180
75647,477,147,2,1200941247
75648,477,1593,4,1200941317
75649,477,2573,4,1201160182
75650,477,838,4,1200939263
75651,477,1594,3,1200942076
75652,477,2152,4,1200944908
75653,477,1597,4,1200941077
75654,477,392,4,1200941935
75655,477,1599,3,1200943122
75656,477,150,4,1200941685
75657,477,1606,4,1200946526
75658,477,1607,3,1242278841
75659,477,154,4,1200939541
75660,477,1610,3,1200941292
75661,477,1611,4,1201160142
75662,477,1612,3,1201023127
75663,477,1177,4,1200941840
75664,477,274,4,1200941338
75665,477,2682,3,1200939275
75666,477,158,0,1200944943
75667,477,1618,4,1200941927
75668,477,160,4,1200941084
75669,477,161,3,1200944830
75670,477,163,4,1200941188
75671,477,165,3,1200943020
75672,477,3294,3,1201160127
75673,477,167,4,1200939698
75674,477,399,4,1201159141
75675,477,4154,3,1200944736
75676,477,170,3,1200939271
75677,477,171,0,1201159105
75678,477,172,4,1200939784
75679,477,178,3,1201159208
75680,477,2925,4,1200946747
75681,477,400,3,1200939928
75682,477,179,4,1200940589
75683,477,1003,4,1200941555
75684,477,1641,2,1201159166
75685,477,180,3,1200941151
75686,477,734,3,1200941197
75687,477,181,4,1200949027
75688,477,1648,3,1200941823
75689,477,182,4,1200940826
75690,477,402,4,1200939741
75691,477,405,4,1200941468
75692,477,183,4,1200940031
75693,477,4865,0,1201158502
75694,477,5494,0,1201158504
75695,477,1653,4,1201196745
75696,477,6195,4,1262794291
75697,477,185,4,1200939674
75698,477,1667,3,1200941618
75699,477,1180,4,1200940008
75700,477,195,4,1200939956
75701,477,198,4,1200939877
75702,477,1118,5,1200940541
75703,477,199,3,1200942989
75704,477,5606,4,1201195974
75705,477,1142,3,1200941795
75706,477,3175,1,1206218197
75707,477,201,3,1200941191
75708,477,2192,3,1200945537
75709,477,2193,4,1201159629
75710,477,1120,3,1200939162
75711,477,736,3,1200939982
75712,477,5073,4,1200940104
75713,477,415,4,1200941148
75714,477,1692,4,1200945707
75715,477,207,3,1262794195
75716,477,209,4,1200941138
75717,477,1697,4,1201159908
75718,477,1185,4,1216608885
75719,477,1011,4,1200941971
75720,477,2493,5,1201166756
75721,477,2403,4,1200942029
75722,477,1718,5,1200943853
75723,477,1122,4,1200940478
75724,477,1790,4,1200943084
75725,477,212,3,1213854960
75726,477,216,4,1201159748
75727,477,1186,4,1200940482
75728,477,1722,4,1200942059
75729,477,1723,4,1201160028
75730,477,217,3,1200944815
75731,477,218,3,1200941529
75732,477,219,4,1269832587
75733,477,2606,5,1200942112
75734,477,3042,3,1200947021
75735,477,1740,4,1200939297
75736,477,223,4,1200941466
75737,477,8491,4,1221445662
75738,477,1756,3,1200944999
75739,477,1187,4,1200940240
75740,477,1188,0,1200944987
75741,477,229,4,1200939934
75742,477,1017,4,1200942205
75743,477,230,4,1200943098
75744,477,3049,4,1200943659
75745,477,1872,4,1201159567
75746,477,429,4,1200940189
75747,477,2715,3,1200942170
75748,477,7687,0,1201158698
75749,477,741,0,1200941300
75750,477,3309,3,1200944932
75751,477,742,5,1200941427
75752,477,231,3,1201158589
75753,477,434,4,1200941259
75754,477,1043,3,1200941198
75755,477,1876,3,1201159270
75756,477,3177,0,1201159819
75757,477,4091,4,1200944755
75758,477,445,4,1200939350
75759,477,1812,0,1200941342
75760,477,745,4,1200939854
75761,477,2628,3,1200949180
75762,477,2214,3,1200942976
75763,477,747,3,1200946339
75764,477,1819,3,1200945823
75765,477,8492,5,1245030211
75766,477,1877,4,1200942996
75767,477,3243,4,1200943008
75768,477,1821,4,1201158719
75769,477,8493,3,1201166773
75770,477,1146,4,1201197167
75771,477,3249,2,1201158637
75772,477,1822,3,1200941589
75773,477,454,4,1200941537
75774,477,748,3,1200942135
75775,477,4101,4,1200947127
75776,477,8494,4,1252820187
75777,477,1824,4,1200941771
75778,477,6211,1,1201195965
75779,477,6710,4,1200945398
75780,477,5361,4,1244789370
75781,477,4104,3,1200945854
75782,477,4184,4,1200945491
75783,477,751,4,1200941745
75784,477,1125,5,1200940609
75785,477,1126,4,1200939429
75786,477,1832,4,1200939537
75787,477,2404,3,1200943173
75788,477,754,4,1200939842
75789,477,232,5,1200941239
75790,477,8495,4,1200945701
75791,477,4161,3,1200945727
75792,477,1837,3,1201075961
75793,477,4836,3,1200945821
75794,477,1839,3,1200944962
75795,477,3251,3,1200946997
75796,477,3184,4,1200939343
75797,477,1843,0,1200945241
75798,477,8496,4,1200948730
75799,477,757,4,1200940130
75800,477,758,4,1200940178
75801,477,1845,4,1200941311
75802,477,5186,3,1200948509
75803,477,4110,3,1201166809
75804,477,3328,4,1200941819
75805,477,759,4,1200940049
75806,477,2477,4,1200946448
75807,477,760,3,1262795608
75808,477,761,4,1200941143
75809,477,848,3,1200941907
75810,477,762,3,1200943177
75811,477,763,4,1200939357
75812,477,1202,4,1200940297
75813,477,2046,4,1200946420
75814,477,1203,3,1203917746
75815,477,764,3,1269832408
75816,477,4483,4,1200944959
75817,477,856,4,1200941609
75818,477,1204,4,1222041900
75819,477,1205,4,1200944446
75820,477,2231,4,1201159975
75821,477,765,4,1200939884
75822,477,857,4,1269832358
75823,477,1045,4,1200939353
75824,477,8497,3,1244789347
75825,477,1854,3,1200941598
75826,477,1855,3,1201072628
75827,477,5140,3,1200943979
75828,477,5407,3,1200946966
75829,477,4118,4,1200945654
75830,477,4976,4,1200946958
75831,477,2958,4,1200941710
75832,477,768,4,1200942153
75833,477,1128,4,1200940473
75834,477,769,3,1201166072
75835,477,1209,4,1200941360
75836,477,4120,4,1200940571
75837,477,876,3,1200940263
75838,477,4505,0,1200948658
75839,477,3657,3,1200944638
75840,477,1046,4,1200941172
75841,477,770,4,1200943010
75842,477,2235,3,1200941220
75843,477,771,3,1200945523
75844,477,3070,3,1200942071
75845,477,8306,4,1200948813
75846,477,4123,5,1200939491
75847,477,5418,4,1262794283
75848,477,3334,2,1201072669
75849,477,2514,3,1200941623
75850,477,2047,4,1200941699
75851,477,3335,2,1200946546
75852,477,3259,3,1200944714
75853,477,2107,3,1200945658
75854,477,2962,3,1200952738
75855,477,6230,0,1200952741
75856,477,1215,4,1232338064
75857,477,2109,4,1200945662
75858,477,772,3,1200941652
75859,477,235,3,1200946278
75860,477,773,3,1200940214
75861,477,8332,4,1200948743
75862,477,1129,4,1200940890
75863,477,774,3,1201159467
75864,477,1218,4,1200945984
75865,477,775,4,1200940018
75866,477,8498,4,1244789352
75867,477,1130,4,1200940259
75868,477,1222,4,1200941320
75869,477,3144,3,1202692931
75870,477,4508,3,1206218214
75871,477,3345,4,1200942146
75872,477,2253,3,1201158692
75873,477,1887,0,1200946574
75874,477,5158,4,1200948708
75875,477,8499,3,1244789349
75876,477,2786,4,1200945644
75877,477,6656,4,1201072716
75878,477,2119,3,1200943091
75879,477,2788,4,1200940712
75880,477,1226,4,1200941297
75881,477,3348,4,1200944912
75882,477,3146,4,1200941942
75883,477,887,4,1200941267
75884,477,5527,3,1200945642
75885,477,2049,4,1200940269
75886,477,783,4,1200940143
75887,477,1049,3,1200941147
75888,477,786,4,1200941458
75889,477,1228,4,1201159612
75890,477,2265,3,1278683863
75891,477,2266,5,1200939544
75892,477,2267,5,1200946942
75893,477,792,4,1200945517
75894,477,795,4,1200940137
75895,477,2272,3,1200941755
75896,477,4302,4,1200940578
75897,477,4857,4,1239590438
75898,477,2796,4,1246349054
75899,477,8500,3,1229452291
75900,477,1131,5,1228715259
75901,477,3072,4,1200942031
75902,477,3074,4,1200946423
75903,477,3149,4,1200941924
75904,477,891,4,1200940574
75905,477,7617,3,1201166826
75906,477,1150,5,1205717502
75907,477,8501,3,1200944527
75908,477,2126,4,1200941731
75909,477,804,3,1279499473
75910,477,807,5,1200940245
75911,477,2798,4,1252379855
75912,477,1239,5,1200941545
75913,477,2286,3,1200940292
75914,477,809,4,1200940139
75915,477,810,4,1200940126
75916,477,812,3,1200941088
75917,477,1241,3,1200945211
75918,477,813,4,1200941541
75919,477,1242,4,1201158899
75920,477,2127,4,1278817083
75921,477,5025,4,1236496056
75922,477,814,4,1200940814
75923,477,6671,4,1215911518
75924,477,1248,4,1200941706
75925,477,3585,4,1200940718
75926,477,1894,3,1269832366
75927,477,1895,0,1269832384
75928,477,2300,4,1200941186
75929,477,8502,4,1252377754
75930,477,1251,4,1200941073
75931,477,1897,4,1200941881
75932,477,817,3,1200940289
75933,477,1898,3,1200945189
75934,477,1255,3,1201160024
75935,477,820,3,1222057568
75936,477,821,4,1200941952
75937,477,237,3,1200941919
75938,477,2055,4,1266816583
75939,477,2128,4,1200941561
75940,477,3075,4,1200944841
75941,477,1133,4,1200940225
75942,477,238,5,1202061030
75943,477,1051,4,1200940819
75944,477,1052,4,1222050963
75945,477,3079,4,1200944926
75946,477,2326,4,1200940673
75947,477,1262,4,1200941275
75948,477,900,4,1200940283
75949,477,3401,5,1211689827
75950,477,5259,4,1200944545
75951,477,2979,3,1203917774
75952,477,2808,4,1222664441
75953,477,1267,3,1200942157
75954,477,6280,4,1254101367
75955,477,6780,4,1242016004
75956,477,2335,4,1200944081
75957,477,1269,4,1201197142
75958,477,3409,4,1200946440
75959,477,5964,4,1234853126
75960,477,1270,4,1200940243
75961,477,2058,5,1200941052
75962,477,7643,4,1200946740
75963,477,7088,4,1241453902
75964,477,3806,4,1258946310
75965,477,3677,4,1210266638
75966,477,2346,4,1200944017
75967,477,1054,4,1200941094
75968,477,3425,4,1216608896
75969,477,904,4,1226843648
75970,477,2349,4,1229452472
75971,477,5588,4,1263711414
75972,477,2129,4,1200940201
75973,477,1278,4,1215911361
75974,477,1279,5,1269832553
75975,477,239,4,1216608858
75976,477,7648,4,1210661798
75977,477,7032,4,1241396097
75978,477,1055,4,1210266538
75979,477,1282,4,1211689858
75980,477,1283,4,1215923079
75981,477,6288,3,1213853948
75982,477,1284,4,1213853923
75983,477,1056,5,1214714005
75984,477,1286,4,1236482587
75985,477,240,4,1234150559
75986,477,6443,3,1217308711
75987,477,6292,4,1250477005
75988,477,2131,4,1234057118
75989,477,2064,4,1269832479
75990,477,3442,4,1252377621
75991,477,2809,5,1234853193
75992,477,1288,4,1226813420
75993,477,5769,3,1229452272
75994,477,1151,4,1269832300
75995,477,1292,5,1239576184
75996,477,3450,3,1269833849
75997,477,3084,4,1240292020
75998,477,1059,4,1252898594
75999,477,1296,3,1241938806
76000,477,1152,4,1242278357
76001,477,1918,4,1243401974
76002,477,8503,3,1246349053
76003,477,1297,4,1244564338
76004,477,1920,3,1246346140
76005,477,1060,5,1279956110
76006,477,1299,4,1268551277
76007,477,1061,4,1250476937
76008,477,7049,4,1256050520
76009,477,1062,4,1252898673
76010,477,242,4,1300568809
76011,477,7807,3,1296891261
76012,477,3520,4,1296891169
76013,477,8504,4,1263224882
76014,477,927,4,1262794395
76015,477,243,5,1266816560
76016,477,3721,4,1278285809
76017,477,1312,4,1275162862
76018,477,244,4,1296891183
76019,477,1313,4,1275162896
76020,477,8505,4,1296914390
76021,477,245,4,1280608200
76022,477,1318,5,1282923839
76023,477,8506,5,1293690475
76024,478,519,2,1121467327
76025,478,468,1,1121467288
76026,478,604,2,1121467335
76027,478,609,4,1121467274
76028,478,315,3,1121467292
76029,478,480,3,1121467296
76030,478,326,2,1121467302
76031,478,2427,2,1121467284
76032,478,61,4,1121467563
76033,478,725,3,1121467330
76034,478,354,3,1121467318
76035,478,727,2,1121467278
76036,478,731,2,1121467320
76037,478,195,2,1121467311
76038,478,736,3,1121467332
76039,478,229,3,1121467341
76040,478,5918,0,1121467489
76041,478,809,4,1121467424
76042,478,5245,1,1121467504
76043,478,895,4,1121467431
76044,478,810,4,1121467421
76045,478,812,2,1121467435
76046,479,495,3,1039362593
76047,479,260,3,1039362413
76048,479,294,3,1039367502
76049,479,2504,5,1039362593
76050,479,8,2,1039360660
76051,479,523,1,1039360623
76052,479,540,1,1039362088
76053,479,541,3,1039367407
76054,479,5105,4,1039362902
76055,479,307,3,1039392522
76056,479,16,4,1039360623
76057,479,6448,4,1039362593
76058,479,4486,4,1039367332
76059,479,313,2,1039360623
76060,479,628,4,1039362840
76061,479,635,3,1039362056
76062,479,639,4,1039362072
76063,479,476,4,1039362088
76064,479,661,5,1039362482
76065,479,4055,2,1039392484
76066,479,2440,3,1039392560
76067,479,671,3,1039367658
76068,479,35,4,1039362375
76069,479,674,4,1039362482
76070,479,42,3,1039367699
76071,479,698,4,1039362294
76072,479,702,5,1039362753
76073,479,704,2,1039362294
76074,479,1028,4,1039367658
76075,479,331,4,1039361316
76076,479,333,5,1039362207
76077,479,335,5,1039362276
76078,479,1441,5,1039367642
76079,479,45,5,1039362544
76080,479,6689,4,1039362729
76081,479,53,3,1039362787
76082,479,54,4,1039362276
76083,479,55,2,1039362224
76084,479,864,4,1039362157
76085,479,71,4,1039367579
76086,479,74,3,1039360590
76087,479,78,5,1039362337
76088,479,2416,5,1039362642
76089,479,85,5,1039362608
76090,479,88,5,1039362348
76091,479,3707,3,1039367487
76092,479,270,4,1039392576
76093,479,2751,3,1039367332
76094,479,271,2,1039392595
76095,479,1469,1,1039362224
76096,479,1475,5,1039362729
76097,479,1485,4,1039367736
76098,479,1168,2,1039362324
76099,479,1536,4,1039362531
76100,479,5197,5,1039362575
76101,479,4175,4,1039362144
76102,479,382,5,1039362531
76103,479,836,2,1039367502
76104,479,120,3,1039362104
76105,479,5162,3,1039362144
76106,479,2183,4,1039362237
76107,479,122,3,1039367629
76108,479,1550,1,1039361316
76109,479,272,4,1039362593
76110,479,1036,4,1039362482
76111,479,998,2,1039360680
76112,479,1564,5,1039362765
76113,479,1565,2,1039362916
76114,479,3288,4,1039367561
76115,479,2570,3,1039362619
76116,479,141,3,1039367712
76117,479,1581,5,1039367579
76118,479,5745,2,1039362699
76119,479,2574,3,1039362413
76120,479,1600,2,1039362056
76121,479,8507,4,1039361336
76122,479,5121,2,1039362670
76123,479,1605,4,1039362256
76124,479,3642,4,1039362276
76125,479,1609,4,1039367390
76126,479,1611,3,1039362413
76127,479,2916,3,1039367332
76128,479,1620,2,1039362056
76129,479,165,3,1039362699
76130,479,166,4,1039367390
76131,479,398,5,1039367616
76132,479,399,4,1039367434
76133,479,732,3,1039362744
76134,479,400,5,1039362174
76135,479,1003,3,1039362630
76136,479,180,5,1039367616
76137,479,734,1,1039362016
76138,479,1651,2,1039392484
76139,479,4865,1,1039360660
76140,479,7447,5,1039362467
76141,479,2189,4,1039362787
76142,479,5129,1,1039392522
76143,479,1867,3,1039362455
76144,479,3175,1,1039362656
76145,479,1682,5,1039367712
76146,479,1183,2,1039360680
76147,479,1684,2,1039362056
76148,479,2595,4,1039362056
76149,479,2192,4,1039362765
76150,479,4866,4,1039362207
76151,479,7452,5,1039367332
76152,479,1689,1,1039362207
76153,479,1788,3,1039360590
76154,479,4177,5,1039362390
76155,479,209,4,1039362608
76156,479,2492,4,1039362840
76157,479,1702,5,1039362558
76158,479,2205,4,1039362497
76159,479,1706,4,1039367605
76160,479,2403,4,1039367736
76161,479,2691,2,1039362207
76162,479,5148,2,1039367502
76163,479,1718,4,1039362056
76164,479,8508,3,1039367349
76165,479,216,3,1039362144
76166,479,1724,5,1039367332
76167,479,3066,4,1039362880
76168,479,1732,4,1039367699
76169,479,6492,1,1039362003
76170,479,2606,4,1039367642
76171,479,223,5,1039362185
76172,479,3306,3,1039392496
76173,479,739,4,1039362337
76174,479,4921,3,1039367658
76175,479,6714,1,1039362902
76176,479,1020,4,1039367332
76177,479,5504,3,1039362375
76178,479,4688,3,1039392560
76179,479,6413,3,1039362256
76180,479,4089,2,1039362926
76181,479,8509,3,1039362256
76182,479,442,3,1039362824
76183,479,3177,3,1039362123
76184,479,2939,1,1039362814
76185,479,447,4,1039367434
76186,479,4092,2,1039362144
76187,479,451,5,1039362814
76188,479,3317,2,1039367551
76189,479,8510,4,1039362642
76190,479,6924,3,1039367679
76191,479,7485,3,1039362390
76192,479,1877,3,1039362854
76193,479,3243,5,1039362854
76194,479,1821,4,1039362016
76195,479,6926,3,1039361316
76196,479,1879,3,1039392539
76197,479,748,2,1039392560
76198,479,4230,1,1039362854
76199,479,749,4,1039362056
76200,479,2949,3,1039362413
76201,479,1823,3,1039362308
76202,479,8511,3,1039362028
76203,479,752,5,1039367856
76204,479,2513,3,1039362276
76205,479,1832,5,1039362656
76206,479,755,5,1039362765
76207,479,4476,5,1039367856
76208,479,8512,2,1039362619
76209,479,4477,2,1039367469
76210,479,4478,2,1039367487
76211,479,4479,3,1039367867
76212,479,8513,4,1039367889
76213,479,758,1,1039367908
76214,479,8514,3,1039367932
76215,479,6986,5,1039362256
76216,479,1846,2,1039367938
76217,479,8515,2,1039362575
76218,479,6217,1,1039360590
76219,479,4234,4,1039367932
76220,479,7530,2,1039362434
76221,479,3330,3,1039362670
76222,479,2704,2,1039362916
76223,479,5144,3,1039367469
76224,479,8516,3,1039362123
76225,479,8517,3,1039362174
76226,479,6350,4,1039367350
76227,480,1,3,1179178004
76228,480,482,3,1179178191
76229,480,2,2,1179178556
76230,480,3,4,1179162163
76231,480,487,4,1179177922
76232,480,491,4,1179161099
76233,480,493,1,1179178233
76234,480,292,2,1179161927
76235,480,293,4,1179177844
76236,480,461,4,1179178044
76237,480,463,2,1179177930
76238,480,4,4,1179177656
76239,480,5,3,1179160287
76240,480,503,2,1179159595
76241,480,505,3,1179178063
76242,480,2664,2,1179161861
76243,480,516,1,1179177869
76244,480,7,5,1179160947
76245,480,519,3,1179178373
76246,480,8,5,1179160978
76247,480,1094,4,1179178077
76248,480,2165,4,1179160762
76249,480,464,3,1179160667
76250,480,465,1,1179177736
76251,480,528,2,1179179133
76252,480,530,2,1179178519
76253,480,531,3,1179178010
76254,480,11,3,1179178853
76255,480,532,3,1179177627
76256,480,533,2,1179178937
76257,480,1027,2,1179178886
76258,480,1405,2,1179178646
76259,480,540,1,1179177954
76260,480,545,1,1179179020
76261,480,550,3,1179177803
76262,480,13,1,1179161213
76263,480,14,3,1179177739
76264,480,15,3,1179161589
76265,480,2425,3,1179162223
76266,480,2433,4,1179162338
76267,480,466,3,1179177945
76268,480,16,4,1179160262
76269,480,467,4,1179162690
76270,480,584,3,1179179113
76271,480,585,2,1179178157
76272,480,589,4,1179178211
76273,480,17,4,1179177639
76274,480,470,4,1179178032
76275,480,18,4,1179177651
76276,480,598,2,1179178522
76277,480,233,5,1179160238
76278,480,604,4,1179178592
76279,480,471,3,1179177619
76280,480,312,5,1179161049
76281,480,20,3,1179161209
76282,480,611,3,1179178780
76283,480,21,5,1179161816
76284,480,314,3,1179161836
76285,480,472,3,1179162651
76286,480,23,4,1179177752
76287,480,619,0,1179178748
76288,480,622,3,1179177648
76289,480,473,2,1179177630
76290,480,625,2,1179159631
76291,480,474,3,1179178395
76292,480,1414,2,1179178922
76293,480,1156,3,1179161094
76294,480,633,2,1179178719
76295,480,634,2,1179177797
76296,480,635,1,1179178708
76297,480,637,2,1179178098
76298,480,25,5,1179161392
76299,480,1157,0,1179178250
76300,480,639,2,1179177878
76301,480,26,3,1179161885
76302,480,643,0,1179178797
76303,480,475,3,1179162365
76304,480,27,5,1179162498
76305,480,2169,3,1179159643
76306,480,648,2,1179179128
76307,480,28,4,1179177891
76308,480,657,4,1179178235
76309,480,660,2,1179179099
76310,480,29,5,1179160233
76311,480,975,3,1179179344
76312,480,322,3,1179177928
76313,480,1095,4,1179160077
76314,480,1420,3,1179178337
76315,480,31,2,1179178947
76316,480,32,4,1179178672
76317,480,828,4,1179177983
76318,480,671,3,1179177880
76319,480,323,4,1179177801
76320,480,479,4,1179177674
76321,480,33,5,1179161349
76322,480,34,4,1179177615
76323,480,35,4,1179160242
76324,480,480,3,1179178970
76325,480,324,3,1179160788
76326,480,481,3,1179177776
76327,480,37,4,1179177667
76328,480,38,3,1179177792
76329,480,1159,2,1179178481
76330,480,326,3,1179178345
76331,480,41,3,1179177642
76332,480,42,2,1179177622
76333,480,2073,3,1179179300
76334,480,1160,4,1179178545
76335,480,43,3,1179177680
76336,480,1026,4,1179178569
76337,480,1431,2,1179178104
76338,480,697,3,1179178846
76339,480,1435,2,1179178449
76340,480,1028,5,1179160125
76341,480,708,3,1179159617
76342,480,45,5,1179177957
76343,480,46,5,1179160094
76344,480,2395,4,1179162441
76345,480,49,4,1179179186
76346,480,715,4,1179160361
76347,480,863,4,1179178910
76348,480,1135,3,1179161463
76349,480,60,4,1179179353
76350,480,720,3,1179179392
76351,480,61,3,1179177700
76352,480,5051,3,1179160744
76353,480,343,2,1179161775
76354,480,62,4,1179178085
76355,480,63,4,1179178001
76356,480,64,4,1179178499
76357,480,65,3,1179179070
76358,480,66,5,1179161568
76359,480,725,4,1179178123
76360,480,347,4,1179159650
76361,480,67,3,1179160504
76362,480,68,5,1179160187
76363,480,348,3,1179162056
76364,480,349,4,1179161642
76365,480,1102,3,1179160200
76366,480,69,5,1179160264
76367,480,70,4,1179160217
76368,480,71,5,1179160219
76369,480,1029,4,1179160559
76370,480,352,5,1179160046
76371,480,72,4,1179161220
76372,480,1104,4,1179160281
76373,480,73,4,1179160664
76374,480,74,3,1179177713
76375,480,75,4,1179160131
76376,480,76,5,1179160557
76377,480,1137,5,1179160127
76378,480,79,3,1179161887
76379,480,354,5,1179160583
76380,480,1106,5,1179160649
76381,480,2900,4,1179162123
76382,480,82,4,1179177903
76383,480,2397,4,1179161966
76384,480,726,5,1179161404
76385,480,865,4,1179162014
76386,480,83,4,1179159640
76387,480,1454,4,1179160829
76388,480,84,5,1179178128
76389,480,356,3,1179178319
76390,480,1109,2,1179161670
76391,480,268,4,1179161431
76392,480,85,3,1179162064
76393,480,357,5,1179178595
76394,480,86,5,1179160718
76395,480,2177,3,1179161867
76396,480,2084,4,1179160549
76397,480,87,3,1179162203
76398,480,88,2,1179178987
76399,480,89,3,1182448353
76400,480,1456,3,1179162165
76401,480,360,4,1179178339
76402,480,90,5,1179162388
76403,480,270,4,1179161751
76404,480,361,4,1179178413
76405,480,866,5,1179177873
76406,480,2751,2,1179178804
76407,480,4057,3,1179160611
76408,480,1030,1,1179159571
76409,480,978,3,1179178403
76410,480,93,3,1179178733
76411,480,1472,0,1179159603
76412,480,1474,3,1179178422
76413,480,2147,3,1179162467
76414,480,362,2,1179178383
76415,480,2420,4,1179162473
76416,480,1475,4,1179178292
76417,480,94,2,1179178612
76418,480,1476,3,1179178067
76419,480,95,5,1179162599
76420,480,1477,3,1179159620
76421,480,1479,3,1179179410
76422,480,363,4,1179179328
76423,480,2087,2,1179162736
76424,480,364,4,1179161519
76425,480,2453,3,1179159625
76426,480,1485,2,1179178088
76427,480,98,3,1179162061
76428,480,99,3,1179177862
76429,480,1031,3,1179161759
76430,480,1168,2,1179178351
76431,480,101,3,1179177918
76432,480,102,3,1179177734
76433,480,728,4,1179162264
76434,480,106,2,1179161901
76435,480,1009,2,1179178360
76436,480,366,2,1179161889
76437,480,1501,3,1179178679
76438,480,1032,5,1179161916
76439,480,2461,4,1179160932
76440,480,108,3,1179178178
76441,480,729,4,1179178013
76442,480,1510,2,1179179000
76443,480,987,4,1179160614
76444,480,234,5,1179161993
76445,480,988,4,1179178328
76446,480,1514,2,1179178455
76447,480,1169,2,1179162451
76448,480,109,3,1179160854
76449,480,1515,3,1179178668
76450,480,110,4,1179178281
76451,480,730,3,1179160676
76452,480,996,2,1179178554
76453,480,3172,3,1179162402
76454,480,731,3,1179177906
76455,480,1536,4,1179179360
76456,480,379,4,1179177799
76457,480,116,4,1179178330
76458,480,4900,4,1179159592
76459,480,1171,4,1179177754
76460,480,3503,5,1179161550
76461,480,117,3,1179162556
76462,480,382,3,1179177782
76463,480,2999,3,1179162080
76464,480,2905,3,1179161680
76465,480,118,3,1179162625
76466,480,1034,2,1179178241
76467,480,1544,4,1179178744
76468,480,119,4,1179162005
76469,480,1777,1,1179178298
76470,480,836,4,1179177925
76471,480,120,3,1179177821
76472,480,121,3,1179160739
76473,480,837,3,1179178699
76474,480,122,4,1179177682
76475,480,126,2,1179178215
76476,480,272,3,1179178919
76477,480,1035,3,1179178221
76478,480,1036,3,1179159577
76479,480,131,3,1179159579
76480,480,998,2,1179178312
76481,480,135,5,1179162386
76482,480,1571,3,1179161365
76483,480,1575,3,1179178605
76484,480,142,4,1179177778
76485,480,143,3,1179179058
76486,480,1141,3,1179177965
76487,480,2184,3,1179179364
76488,480,1584,4,1179179124
76489,480,146,2,1179179130
76490,480,147,4,1179161594
76491,480,1594,2,1179178151
76492,480,3598,1,1179162097
76493,480,1597,4,1179178208
76494,480,392,3,1179178048
76495,480,148,5,1179160064
76496,480,150,2,1179178120
76497,480,1601,3,1179161045
76498,480,1603,3,1179159612
76499,480,154,5,1179178166
76500,480,1609,4,1179177705
76501,480,155,4,1179178641
76502,480,1610,3,1179178630
76503,480,1614,3,1179161181
76504,480,274,2,1179178726
76505,480,1618,2,1179178869
76506,480,160,4,1179178405
76507,480,2471,3,1179179325
76508,480,163,5,1179177895
76509,480,1627,2,1179179110
76510,480,166,4,1179162698
76511,480,167,5,1179160175
76512,480,1001,2,1179178848
76513,480,168,2,1179179006
76514,480,1002,1,1179159569
76515,480,169,3,1179179382
76516,480,399,1,1179161600
76517,480,171,3,1179177970
76518,480,172,2,1179177670
76519,480,173,2,1179177858
76520,480,178,3,1179178115
76521,480,2925,3,1179162416
76522,480,732,2,1179178377
76523,480,400,4,1179177769
76524,480,179,4,1179178092
76525,480,1641,1,1179178030
76526,480,180,3,1179177854
76527,480,734,1,1179178697
76528,480,1179,3,1179177760
76529,480,1643,1,1179177828
76530,480,401,3,1179178170
76531,480,181,4,1179161944
76532,480,1646,1,1179159558
76533,480,3296,4,1179179199
76534,480,402,4,1179160250
76535,480,403,3,1179178374
76536,480,404,1,1179178561
76537,480,1650,4,1179160623
76538,480,183,5,1179160837
76539,480,1653,5,1179161176
76540,480,185,4,1179160061
76541,480,5066,3,1179162113
76542,480,186,3,1179161677
76543,480,2189,4,1179160963
76544,480,188,2,1179177773
76545,480,1180,4,1179161744
76546,480,5067,3,1179162181
76547,480,190,3,1179161981
76548,480,191,3,1179161873
76549,480,193,4,1179160120
76550,480,1669,2,1179179067
76551,480,410,4,1179161310
76552,480,194,2,1179178154
76553,480,195,4,1179177730
76554,480,198,4,1179160797
76555,480,1118,3,1179179290
76556,480,2191,4,1179161703
76557,480,199,2,1179178648
76558,480,2157,4,1179162662
76559,480,201,1,1179161500
76560,480,1183,3,1179178259
76561,480,2192,3,1179179396
76562,480,1686,4,1179178407
76563,480,736,3,1179177708
76564,480,204,4,1179162043
76565,480,2929,5,1179161192
76566,480,415,4,1179178464
76567,480,205,3,1179161577
76568,480,1121,3,1179179415
76569,480,206,2,1179178022
76570,480,2196,3,1179162268
76571,480,1788,3,1179164162
76572,480,277,3,1179161725
76573,480,2200,4,1179179212
76574,480,209,4,1179178173
76575,480,418,4,1179162607
76576,480,2201,3,1179178809
76577,480,1185,4,1179160935
76578,480,2511,4,1179165811
76579,480,1011,1,1179165431
76580,480,1701,2,1179159628
76581,480,419,4,1179163534
76582,480,1705,4,1179165372
76583,480,2205,4,1179162225
76584,480,2494,4,1179161496
76585,480,211,3,1179162449
76586,480,1012,1,1179164580
76587,480,1717,3,1179178070
76588,480,1718,3,1179160638
76589,480,215,4,1179161985
76590,480,1722,3,1179161227
76591,480,423,5,1179162198
76592,480,1726,3,1179166284
76593,480,1039,3,1179178960
76594,480,219,2,1179178054
76595,480,1041,3,1179163805
76596,480,2606,4,1179161072
76597,480,1042,3,1179165651
76598,480,1793,3,1179165710
76599,480,220,4,1179161959
76600,480,221,3,1179165479
76601,480,5047,5,1179165551
76602,480,738,2,1179166167
76603,480,1014,1,1179164215
76604,480,2607,0,1179165838
76605,480,223,0,1179160897
76606,480,4271,5,1179160752
76607,480,224,3,1179178831
76608,480,225,3,1179178774
76609,480,1015,3,1179165087
76610,480,8145,3,1179162084
76611,480,1757,3,1179165324
76612,480,1016,3,1179165413
76613,480,1795,2,1179165428
76614,480,1188,0,1179178863
76615,480,229,4,1179163791
76616,480,1017,3,1179165703
76617,480,4868,4,1179161665
76618,480,2934,5,1179162749
76619,480,1765,1,1179166033
76620,480,1018,2,1179165564
76621,480,1796,4,1179163774
76622,480,5134,4,1179164398
76623,480,867,0,1179164357
76624,480,1189,2,1179164185
76625,480,429,5,1179160580
76626,480,430,3,1179160824
76627,480,740,2,1179163591
76628,480,6609,4,1179164291
76629,480,1797,2,1179164210
76630,480,278,3,1179163200
76631,480,5332,1,1179166102
76632,480,431,3,1179178975
76633,480,2512,3,1179165817
76634,480,2715,4,1179165420
76635,480,741,1,1179165876
76636,480,3308,2,1179165267
76637,480,4493,2,1179166121
76638,480,1800,2,1179166052
76639,480,742,4,1179164213
76640,480,432,4,1179161317
76641,480,1022,3,1179163224
76642,480,3310,1,1179165942
76643,480,1803,2,1179161617
76644,480,2042,3,1179163697
76645,480,743,1,1179165705
76646,480,1804,2,1179163640
76647,480,1043,4,1179161111
76648,480,1805,2,1179165342
76649,480,437,4,1179163503
76650,480,439,4,1179163625
76651,480,440,3,1179163426
76652,480,1876,3,1179160832
76653,480,3140,2,1179161674
76654,480,3177,3,1179162724
76655,480,1023,3,1179165106
76656,480,3238,3,1179166264
76657,480,3239,3,1179166456
76658,480,744,3,1179161633
76659,480,445,4,1179160178
76660,480,446,3,1179160911
76661,480,447,3,1179164178
76662,480,4495,4,1179166077
76663,480,2940,3,1179166427
76664,480,1191,3,1179178650
76665,480,1812,3,1179165350
76666,480,1813,3,1179165237
76667,480,5344,0,1179165787
76668,480,745,3,1179163506
76669,480,451,4,1179163815
76670,480,746,2,1179166209
76671,480,2628,3,1179178755
76672,480,2943,2,1179166377
76673,480,2214,3,1179165966
76674,480,2634,3,1179178428
76675,480,1816,1,1179166108
76676,480,1817,2,1179165973
76677,480,747,3,1179164229
76678,480,868,3,1179165265
76679,480,5351,1,1179165297
76680,480,1877,3,1179161254
76681,480,2947,3,1179162009
76682,480,1146,4,1179178380
76683,480,1822,2,1179178843
76684,480,3320,1,1179165773
76685,480,454,3,1179161938
76686,480,748,2,1179166220
76687,480,4496,5,1179165697
76688,480,1880,2,1179165499
76689,480,1823,1,1179164261
76690,480,7497,0,1179165776
76691,480,4944,2,1179165867
76692,480,1194,1,1179165458
76693,480,4158,2,1179165855
76694,480,6501,4,1179164468
76695,480,1824,1,1179165196
76696,480,7752,2,1179166175
76697,480,4102,2,1179164317
76698,480,1825,4,1179163766
76699,480,2218,3,1179162671
76700,480,1195,4,1179165728
76701,480,3323,2,1179165519
76702,480,1829,3,1179163996
76703,480,2123,3,1179179076
76704,480,1830,4,1179164192
76705,480,5167,2,1179165477
76706,480,4184,3,1179163576
76707,480,1125,5,1179160105
76708,480,752,2,1179163392
76709,480,2513,3,1179165524
76710,480,458,3,1179162149
76711,480,3744,1,1179166385
76712,480,4497,1,1179165402
76713,480,1831,3,1179163728
76714,480,4952,3,1179162682
76715,480,2695,3,1179164306
76716,480,753,3,1179163588
76717,480,1126,4,1179160059
76718,480,2717,4,1179165671
76719,480,1832,5,1179163450
76720,480,754,3,1179160162
76721,480,755,4,1179160783
76722,480,2219,3,1179164243
76723,480,2220,4,1179160872
76724,480,4498,3,1179165393
76725,480,3182,2,1179161029
76726,480,2221,0,1179161533
76727,480,232,4,1179178473
76728,480,2124,4,1179161286
76729,480,6214,4,1179166287
76730,480,1837,2,1179179400
76731,480,1838,3,1179164165
76732,480,2222,2,1179163677
76733,480,756,3,1179162308
76734,480,1881,2,1179165473
76735,480,3183,4,1179163067
76736,480,1840,2,1179164326
76737,480,3251,4,1179164483
76738,480,2699,4,1179165669
76739,480,1843,2,1179166272
76740,480,5377,0,1179166444
76741,480,757,4,1179163739
76742,480,4499,2,1179166188
76743,480,870,4,1179160500
76744,480,758,3,1179165572
76745,480,5380,4,1179160809
76746,480,1845,3,1179163795
76747,480,6216,1,1179165656
76748,480,1199,2,1179160952
76749,480,5381,3,1179161354
76750,480,2477,3,1179166172
76751,480,760,3,1179166157
76752,480,5869,0,1179165951
76753,480,848,4,1179164284
76754,480,7531,3,1179162508
76755,480,762,4,1179165539
76756,480,4848,4,1179160470
76757,480,2703,2,1179164198
76758,480,5871,3,1179166300
76759,480,1200,2,1179165634
76760,480,2227,4,1179162321
76761,480,871,2,1179165595
76762,480,1849,3,1179178928
76763,480,1202,3,1179160956
76764,480,2046,3,1179163541
76765,480,1203,4,1179164188
76766,480,1127,4,1182448329
76767,480,2772,2,1179164226
76768,480,764,3,1179162140
76769,480,852,2,1179164507
76770,480,3651,1,1179165991
76771,480,3652,1,1179165783
76772,480,856,4,1179160509
76773,480,872,1,1179166136
76774,480,765,4,1179160168
76775,480,2232,3,1179163610
76776,480,857,5,1179163825
76777,480,766,5,1179161120
76778,480,1206,5,1179163003
76779,480,4504,3,1179161261
76780,480,3653,1,1179166086
76781,480,1147,3,1179160098
76782,480,874,2,1179165142
76783,480,1853,3,1179165527
76784,480,3189,4,1179164119
76785,480,2233,3,1179164201
76786,480,5809,2,1179166044
76787,480,3192,3,1179163658
76788,480,4976,3,1179163385
76789,480,5777,3,1179162289
76790,480,768,4,1179163552
76791,480,769,2,1179165311
76792,480,4168,2,1179164524
76793,480,1209,3,1179164379
76794,480,876,3,1179161764
76795,480,8518,4,1179179385
76796,480,4505,2,1179166512
76797,480,3657,2,1179166037
76798,480,1046,4,1179160473
76799,480,2235,3,1179165615
76800,480,771,3,1179163366
76801,480,3070,1,1179166111
76802,480,1212,2,1179164288
76803,480,2236,3,1179161475
76804,480,2237,4,1179163593
76805,480,5877,2,1179165987
76806,480,4123,4,1179160601
76807,480,2514,3,1179178693
76808,480,2047,3,1179162742
76809,480,3335,3,1179164063
76810,480,3259,3,1179165658
76811,480,3336,3,1179161033
76812,480,3668,1,1179164181
76813,480,2107,3,1179163486
76814,480,1214,4,1179162958
76815,480,2239,4,1179160975
76816,480,1215,4,1179177950
76817,480,8519,1,1179177991
76818,480,2109,3,1179179295
76819,480,772,4,1179163821
76820,480,2241,4,1179163171
76821,480,1148,4,1179163060
76822,480,2963,2,1179165179
76823,480,235,4,1179162511
76824,480,3337,4,1179164122
76825,480,5423,1,1179163354
76826,480,773,2,1179165313
76827,480,3195,3,1179163833
76828,480,2243,3,1179163644
76829,480,3261,2,1179178567
76830,480,2247,5,1179162090
76831,480,2251,3,1179162187
76832,480,774,3,1179162586
76833,480,1218,4,1179160849
76834,480,5881,3,1179165586
76835,480,775,4,1179160166
76836,480,2720,3,1179163472
76837,480,4983,0,1179165879
76838,480,3198,4,1179161241
76839,480,2516,2,1179164249
76840,480,2252,3,1179163415
76841,480,4752,4,1179161545
76842,480,883,2,1179163835
76843,480,3269,3,1179165574
76844,480,3344,3,1179165080
76845,480,3200,1,1179161373
76846,480,1130,4,1179160117
76847,480,5225,1,1179165198
76848,480,1222,4,1179165120
76849,480,5886,1,1179165684
76850,480,3573,4,1179160530
76851,480,1048,4,1179162518
76852,480,5855,2,1179166420
76853,480,3345,3,1179166332
76854,480,886,4,1179165642
76855,480,8370,3,1179161136
76856,480,2971,4,1179161012
76857,480,8520,3,1179163130
76858,480,779,3,1179164053
76859,480,1226,2,1179164474
76860,480,3348,4,1179163673
76861,480,780,4,1179162143
76862,480,2753,3,1179164413
76863,480,3146,4,1179163831
76864,480,2048,3,1179163376
76865,480,782,3,1179164518
76866,480,887,3,1179163828
76867,480,888,3,1179163714
76868,480,2049,4,1179161700
76869,480,783,5,1179163601
76870,480,4892,2,1179165230
76871,480,1227,4,1179164266
76872,480,1049,1,1179165151
76873,480,786,4,1179165674
76874,480,1228,3,1179161904
76875,480,236,3,1179163079
76876,480,3351,0,1179162120
76877,480,2265,1,1179165762
76878,480,3352,2,1179166241
76879,480,788,4,1179165548
76880,480,3353,3,1179165719
76881,480,3147,3,1179163258
76882,480,2266,4,1179163317
76883,480,790,3,1179165531
76884,480,3354,4,1179162293
76885,480,1229,2,1179163798
76886,480,2268,3,1179161863
76887,480,3355,1,1179166014
76888,480,792,2,1179163356
76889,480,1230,3,1179162796
76890,480,793,2,1179164128
76891,480,794,4,1179163482
76892,480,795,3,1179162375
76893,480,890,2,1179165847
76894,480,797,4,1179161767
76895,480,798,3,1179165360
76896,480,2270,3,1179165759
76897,480,2272,3,1179162240
76898,480,799,3,1179165385
76899,480,8472,4,1179160960
76900,480,3072,1,1179160642
76901,480,7401,3,1179165852
76902,480,3073,3,1179163769
76903,480,3583,3,1179163051
76904,480,4989,3,1179165171
76905,480,8521,2,1179164337
76906,480,5902,2,1179165049
76907,480,5903,2,1179166249
76908,480,5535,4,1179161454
76909,480,5794,3,1179166803
76910,480,5536,1,1179163166
76911,480,2050,4,1179163064
76912,480,1237,4,1179161141
76913,480,3150,4,1179162632
76914,480,801,4,1179160700
76915,480,3364,3,1179162347
76916,480,1891,2,1179165328
76917,480,5905,2,1179166348
76918,480,5751,1,1179165954
76919,480,2126,3,1179164448
76920,480,7141,3,1179165366
76921,480,5914,0,1179165807
76922,480,805,3,1179165482
76923,480,7784,4,1179165331
76924,480,8522,3,1179178504
76925,480,806,2,1179166162
76926,480,5803,2,1179163979
76927,480,807,4,1179163264
76928,480,3366,2,1179164574
76929,480,808,5,1179164156
76930,480,5918,0,1179166047
76931,480,2286,4,1179161302
76932,480,6667,3,1179163242
76933,480,5540,4,1179161416
76934,480,3368,2,1179163631
76935,480,809,4,1179163789
76936,480,2709,3,1179166091
76937,480,1240,2,1179165295
76938,480,2983,2,1179165281
76939,480,2288,4,1179161196
76940,480,5245,2,1179165544
76941,480,3369,2,1179164102
76942,480,895,2,1179165348
76943,480,810,4,1179160764
76944,480,6265,1,1179164098
76945,480,811,2,1179165826
76946,480,5190,4,1179163656
76947,480,812,4,1179165686
76948,480,1241,2,1179164558
76949,480,1892,3,1179164108
76950,480,5922,4,1179162276
76951,480,813,3,1179165188
76952,480,6266,4,1179164499
76953,480,2974,2,1179165738
76954,480,1242,4,1179163074
76955,480,2052,2,1179161022
76956,480,4511,1,1179165948
76957,480,3371,3,1179162059
76958,480,2127,4,1179160485
76959,480,5247,3,1179165462
76960,480,8523,4,1179163839
76961,480,1243,2,1179165632
76962,480,2291,4,1179163723
76963,480,1244,4,1179162721
76964,480,5025,4,1179161662
76965,480,6511,4,1179163627
76966,480,5752,3,1179161706
76967,480,5753,1,1179165934
76968,480,6267,1,1179164520
76969,480,3780,2,1179165679
76970,480,1246,3,1179161283
76971,480,1247,3,1179162208
76972,480,2293,2,1179160322
76973,480,814,4,1179161086
76974,480,8524,2,1179166258
76975,480,1248,3,1179163380
76976,480,1249,4,1179162532
76977,480,5928,2,1179162351
76978,480,2294,2,1179163369
76979,480,2053,4,1179161015
76980,480,5929,4,1179164533
76981,480,6672,3,1179163693
76982,480,3585,3,1179161988
76983,480,2295,4,1179163196
76984,480,2975,3,1179163725
76985,480,2296,4,1179164081
76986,480,5248,1,1179165439
76987,480,2297,3,1179162463
76988,480,4513,1,1179165217
76989,480,3372,3,1179161438
76990,480,1894,4,1179162145
76991,480,897,3,1179163062
76992,480,898,4,1179163464
76993,480,1895,4,1179161187
76994,480,2300,4,1179163785
76995,480,3375,2,1179164555
76996,480,5754,4,1179163712
76997,480,2054,3,1179163344
76998,480,5250,2,1179165071
76999,480,3785,1,1179166256
77000,480,6436,4,1179163479
77001,480,3379,3,1179165660
77002,480,2303,4,1179163018
77003,480,6437,4,1179163605
77004,480,5252,2,1179164058
77005,480,7726,3,1179160902
77006,480,5937,3,1179165983
77007,480,8525,4,1179164007
77008,480,1250,3,1179165153
77009,480,1251,4,1179163075
77010,480,2307,4,1179163015
77011,480,8526,3,1179163954
77012,480,1252,4,1179166814
77013,480,5940,2,1179166029
77014,480,1254,4,1179162791
77015,480,2309,5,1179160997
77016,480,4515,3,1179165822
77017,480,5858,3,1179163763
77018,480,4760,3,1179164276
77019,480,5943,3,1179166223
77020,480,1897,3,1179164470
77021,480,817,3,1179165725
77022,480,3384,1,1179164342
77023,480,818,3,1179161097
77024,480,2977,3,1179166183
77025,480,819,2,1179165245
77026,480,1898,2,1179164432
77027,480,1255,3,1179164141
77028,480,3386,2,1179166364
77029,480,820,3,1179165241
77030,480,3388,3,1179163961
77031,480,5755,1,1179165976
77032,480,821,3,1179164168
77033,480,1256,5,1179162676
77034,480,2311,4,1179160708
77035,480,6439,4,1179165511
77036,480,237,5,1179165610
77037,480,2055,4,1179163044
77038,480,5000,4,1179165338
77039,480,899,3,1179163566
77040,480,2723,4,1179162078
77041,480,2128,4,1179162324
77042,480,2313,3,1179162422
77043,480,8527,4,1179166063
77044,480,6673,4,1179165840
77045,480,2316,4,1179160943
77046,480,1133,4,1179160209
77047,480,238,4,1179160102
77048,480,1051,4,1179161158
77049,480,1052,4,1179163006
77050,480,822,4,1179160377
77051,480,824,4,1179161103
77052,480,5948,0,1179166115
77053,480,7634,4,1179164024
77054,480,826,2,1179165128
77055,480,6545,3,1179164562
77056,480,2320,4,1179160904
77057,480,3077,2,1179165958
77058,480,1260,4,1179163772
77059,480,2326,4,1179160022
77060,480,900,4,1179160481
77061,480,1905,4,1182448280
77062,480,3153,3,1179159981
77063,481,714,3,895844838
77064,481,349,4,884773369
77065,481,1476,2,884773369
77066,481,980,2,884774250
77067,481,4896,4,884773704
77068,481,1484,3,884774220
77069,481,4864,1,884774250
77070,481,1485,2,884773814
77071,481,727,3,884773369
77072,481,982,3,884773814
77073,481,1496,1,884773814
77074,481,4667,2,884773750
77075,481,365,3,884773814
77076,481,7429,2,884773846
77077,481,984,4,884773846
77078,481,1500,2,884773814
77079,481,2670,3,884773750
77080,481,104,5,884773369
77081,481,105,3,884773671
77082,481,8170,4,884773704
77083,481,1032,3,884773369
77084,481,7253,3,884773776
77085,481,1505,2,884774296
77086,481,2460,2,884773498
77087,481,108,3,884774220
77088,481,986,2,884773940
77089,481,1510,2,884774296
77090,481,987,3,884773369
77091,481,2088,2,884774320
77092,481,988,5,884773647
77093,481,1169,4,884773369
77094,482,482,4,1105395956
77095,482,491,2,1105396054
77096,482,5,4,1105396885
77097,482,505,5,1105396550
77098,482,9,1,1105396051
77099,482,540,4,1105396893
77100,482,591,3,1105396633
77101,482,18,5,1105396880
77102,482,600,4,1105396889
77103,482,605,4,1105396565
77104,482,1157,4,1105395984
77105,482,475,3,1105396882
77106,482,651,2,1105396626
77107,482,653,4,1105396007
77108,482,34,4,1105396859
77109,482,261,3,1105396636
77110,482,38,4,1105396863
77111,482,1159,4,1105396004
77112,482,326,3,1105395996
77113,482,43,4,1105396861
77114,482,2427,4,1105395950
77115,482,1135,5,1105396867
77116,482,832,3,1105396623
77117,482,58,4,1105396640
77118,482,725,4,1105396060
77119,482,71,4,1105396533
77120,482,1029,4,1105396870
77121,482,78,3,1105396001
77122,482,1106,3,1105396065
77123,482,726,3,1105396540
77124,482,86,5,1105396543
77125,482,360,3,1105396527
77126,482,866,4,1105395970
77127,482,1467,3,1105396618
77128,482,1167,5,1105396057
77129,482,99,4,1105396025
77130,482,1031,5,1105396530
77131,482,1491,3,1105396611
77132,482,101,4,1105396840
77133,482,727,3,1105395982
77134,482,5708,1,1105396854
77135,482,728,4,1105395987
77136,482,730,3,1105395977
77137,482,379,4,1105395991
77138,482,1171,3,1105395968
77139,482,382,4,1105396846
77140,482,1777,4,1105396538
77141,482,8528,0,1105396123
77142,482,2680,4,1105396607
77143,482,6191,3,1105396728
77144,482,142,4,1105396027
77145,482,150,4,1105396525
77146,482,1607,4,1105396588
77147,482,2915,3,1105396716
77148,482,1622,3,1105396584
77149,482,173,5,1105397001
77150,482,400,4,1105395979
77151,482,733,3,1105396581
77152,482,2684,3,1105396593
77153,482,5124,2,1105396713
77154,482,3606,4,1105396579
77155,482,183,4,1105396046
77156,482,3297,3,1105396575
77157,482,1671,4,1105397028
77158,482,1685,3,1105396984
77159,482,5072,1,1105396697
77160,482,2929,2,1105396989
77161,482,8201,3,1105396826
77162,482,418,4,1105396981
77163,482,210,3,1105396994
77164,482,219,4,1105396978
77165,482,1795,3,1105396590
77166,482,1797,4,1105396436
77167,482,5337,3,1105396675
77168,482,1812,4,1105396569
77169,482,1816,4,1105396555
77170,482,5348,4,1105396950
77171,482,6623,1,1105396797
77172,482,758,4,1105396552
77173,482,1845,4,1105396953
77174,482,6216,2,1105396662
77175,482,4500,0,1105396802
77176,482,871,1,1105396658
77177,482,1205,4,1105396652
77178,482,8529,1,1105396931
77179,482,771,4,1105396439
77180,482,3660,3,1105396786
77181,482,2047,4,1105396910
77182,482,3259,4,1105396491
77183,482,1214,3,1105396665
77184,482,7591,1,1105396773
77185,482,773,4,1105396560
77186,482,775,3,1105396455
77187,482,7324,1,1105396924
77188,482,6241,2,1105396896
77189,482,6656,3,1105396769
77190,482,8530,4,1105396905
77191,482,779,5,1105396428
77192,482,1226,4,1105396655
77193,482,780,5,1105396447
77194,482,782,4,1105396475
77195,482,887,3,1105396463
77196,482,783,5,1105396134
77197,482,1049,4,1105396143
77198,482,784,4,1105396432
77199,482,1229,1,1105397453
77200,482,8451,1,1105397168
77201,482,5233,2,1105397183
77202,482,792,3,1105397221
77203,482,2269,1,1105397218
77204,482,794,4,1105397126
77205,482,795,5,1105397124
77206,482,796,3,1105396901
77207,482,2721,2,1105397177
77208,482,890,3,1105397152
77209,482,798,4,1105397070
77210,482,2270,1,1105397132
77211,482,2518,4,1105397171
77212,482,799,4,1105397137
77213,482,3357,4,1105397449
77214,482,3073,2,1105397232
77215,482,2483,0,1105396110
77216,482,3074,2,1105397164
77217,482,2050,4,1105397075
77218,482,3150,2,1105397121
77219,482,801,3,1105397134
77220,482,802,4,1105397140
77221,482,1891,4,1105397155
77222,483,1,4,1178293130
77223,483,482,4,1178293652
77224,483,484,2,1327277284
77225,483,487,2,1178293444
77226,483,491,4,1178293782
77227,483,2658,4,1215897224
77228,483,493,3,1181494938
77229,483,2164,3,1215897538
77230,483,495,2,1327277916
77231,483,497,4,1215898801
77232,483,2069,5,1181495581
77233,483,260,2,1181495275
77234,483,293,5,1178213437
77235,483,4,3,1178215187
77236,483,1401,3,1181496689
77237,483,5,4,1204405320
77238,483,4037,3,1215898195
77239,483,8,4,1178292986
77240,483,523,3,1215896386
77241,483,526,3,1215895607
77242,483,464,2,1178293393
77243,483,465,2,1181494702
77244,483,528,2,1181496575
77245,483,530,3,1178293850
77246,483,532,4,1226359677
77247,483,534,4,1181495765
77248,483,1027,3,1178294216
77249,483,1405,1,1181496560
77250,483,538,4,1327277884
77251,483,545,0,1181496548
77252,483,3001,4,1202461343
77253,483,550,3,1178293256
77254,483,13,3,1178293610
77255,483,14,3,1178293069
77256,483,15,2,1204277397
77257,483,561,4,1232883301
77258,483,466,3,1178215303
77259,483,571,3,1327277652
77260,483,16,4,1327276785
77261,483,308,3,1178294232
77262,483,468,3,1291838775
77263,483,578,3,1181495496
77264,483,589,4,1181494891
77265,483,17,5,1178213426
77266,483,598,4,1178293779
77267,483,233,5,1291838563
77268,483,604,2,1204277379
77269,483,605,2,1181494806
77270,483,471,4,1178215162
77271,483,613,2,1327277630
77272,483,21,5,1415579192
77273,483,314,3,1178293205
77274,483,22,2,1327277978
77275,483,472,4,1178215210
77276,483,23,3,1178293175
77277,483,315,4,1178358693
77278,483,619,4,1181494342
77279,483,622,1,1181496681
77280,483,1411,1,1181496546
77281,483,473,4,1178217461
77282,483,474,3,1181494952
77283,483,1414,3,1327277100
77284,483,1156,4,1181495416
77285,483,635,2,1178293968
77286,483,1157,2,1181496571
77287,483,26,2,1178293346
77288,483,643,4,1178294084
77289,483,644,3,1215896024
77290,483,318,4,1181495348
77291,483,27,4,1178293045
77292,483,648,4,1178294306
77293,483,649,3,1215898471
77294,483,28,3,1178293521
77295,483,660,4,1178294141
77296,483,29,5,1415579196
77297,483,1420,4,1178213495
77298,483,31,3,1327277254
77299,483,828,2,1181496723
77300,483,671,3,1178293343
77301,483,323,4,1178293097
77302,483,479,4,1178215130
77303,483,34,3,1178215116
77304,483,324,3,1178293242
77305,483,481,3,1178293142
77306,483,37,4,1199992684
77307,483,677,3,1181495934
77308,483,38,2,1178293442
77309,483,1159,4,1178293854
77310,483,39,4,1327277549
77311,483,40,2,1327277640
77312,483,326,3,1178293752
77313,483,41,3,1204277189
77314,483,2073,4,1415579222
77315,483,1160,4,1178293706
77316,483,43,3,1178294810
77317,483,693,2,1327277542
77318,483,1026,2,1178293385
77319,483,2427,2,1181494991
77320,483,1431,2,1178358706
77321,483,695,4,1215896476
77322,483,697,2,1215895337
77323,483,701,3,1215897165
77324,483,1028,4,1178213656
77325,483,708,2,1215896656
77326,483,331,4,1327277680
77327,483,332,4,1327277608
77328,483,2754,5,1415578849
77329,483,335,4,1204472972
77330,483,336,4,1215872942
77331,483,265,4,1215895901
77332,483,1441,3,1215897398
77333,483,45,1,1181496661
77334,483,337,1,1181496632
77335,483,2395,4,1178294254
77336,483,863,4,1178294276
77337,483,54,2,1181496771
77338,483,57,4,1215896240
77339,483,1775,3,1215895317
77340,483,1135,3,1178293072
77341,483,58,3,1327277790
77342,483,1162,4,1415579215
77343,483,61,3,1178293546
77344,483,62,5,1291838628
77345,483,864,3,1215895737
77346,483,65,2,1215895641
77347,483,66,3,1178293533
77348,483,725,2,1181494974
77349,483,68,4,1277996223
77350,483,3499,5,1178211305
77351,483,2075,4,1185098232
77352,483,1102,3,1178293569
77353,483,69,4,1327276799
77354,483,70,5,1178213522
77355,483,71,4,1178292917
77356,483,351,5,1327277329
77357,483,1029,4,1181494833
77358,483,1103,5,1311339409
77359,483,352,5,1295093310
77360,483,74,4,1327276791
77361,483,76,4,1178293094
77362,483,1452,4,1415579039
77363,483,78,3,1181494985
77364,483,1137,3,1181494841
77365,483,1106,4,1178293883
77366,483,1139,4,1215542614
77367,483,82,3,1178215275
77368,483,726,3,1178358678
77369,483,83,4,1178213304
77370,483,2145,5,1415579072
77371,483,85,5,1215894912
77372,483,357,4,1327277266
77373,483,86,4,1178215197
77374,483,2177,2,1181496651
77375,483,2084,3,1182704821
77376,483,88,4,1178294043
77377,483,2146,4,1181495379
77378,483,90,5,1415579027
77379,483,866,3,1307314184
77380,483,2751,2,1215895327
77381,483,1468,4,1327277815
77382,483,978,4,1204277511
77383,483,93,3,1215895528
77384,483,1474,2,1215870826
77385,483,3284,0,1215898203
77386,483,2147,2,1181496743
77387,483,362,3,1178293836
77388,483,1476,2,1181496686
77389,483,1477,1,1215896602
77390,483,1484,4,1181495506
77391,483,99,3,1181494899
77392,483,1031,3,1178293067
77393,483,1168,2,1178294190
77394,483,100,2,1215895309
77395,483,1492,2,1181495409
77396,483,1493,4,1215897512
77397,483,1494,3,1327277620
77398,483,101,2,1181496757
77399,483,102,2,1178293293
77400,483,1496,4,1215898009
77401,483,4667,2,1215897037
77402,483,1497,3,1415579609
77403,483,984,3,1215895294
77404,483,106,4,1178211451
77405,483,107,1,1181496628
77406,483,1501,3,1327277484
77407,483,1032,5,1277996325
77408,483,2461,4,1327277202
77409,483,108,3,1178294131
77410,483,729,3,1178293741
77411,483,1508,2,1215898546
77412,483,1510,2,1327277521
77413,483,1511,2,1215898398
77414,483,234,4,1178215676
77415,483,1512,2,1215896410
77416,483,988,2,1181496542
77417,483,1169,3,1327277503
77418,483,109,5,1178293982
77419,483,1516,5,1178210922
77420,483,110,3,1327277270
77421,483,6176,2,1230468666
77422,483,2463,3,1215896995
77423,483,990,1,1215896224
77424,483,1532,3,1215897176
77425,483,376,3,1181495841
77426,483,731,3,1178293355
77427,483,114,2,1215898218
77428,483,379,4,1178293604
77429,483,3503,3,1215896092
77430,483,117,5,1239750117
77431,483,382,3,1204277310
77432,483,2905,2,1181496762
77433,483,118,3,1181495080
77434,483,1034,4,1178294258
77435,483,1544,3,1327277463
77436,483,119,4,1181495298
77437,483,1777,2,1181496802
77438,483,836,4,1178293795
77439,483,120,4,1178293737
77440,483,383,4,1178292908
77441,483,122,4,1178293027
77442,483,1557,1,1215897640
77443,483,126,2,1178358465
77444,483,128,2,1327277836
77445,483,1779,3,1215872221
77446,483,1780,3,1215896437
77447,483,998,3,1215895499
77448,483,134,3,1327277646
77449,483,135,4,1178293773
77450,483,1567,3,1215872177
77451,483,2680,1,1181496660
77452,483,3288,4,1215872289
77453,483,1570,3,1215872297
77454,483,3508,2,1178293280
77455,483,387,2,1215896001
77456,483,141,3,1415579084
77457,483,1575,1,1327277409
77458,483,142,4,1178215751
77459,483,143,4,1181495368
77460,483,1141,4,1181495162
77461,483,2184,4,1178213193
77462,483,1580,4,1204277707
77463,483,144,3,1415579658
77464,483,145,3,1181495171
77465,483,2488,3,1215898969
77466,483,146,3,1215895937
77467,483,147,4,1415579167
77468,483,1593,3,1181495281
77469,483,2573,4,1415579161
77470,483,392,5,1178294039
77471,483,1598,0,1181496580
77472,483,148,3,1181496656
77473,483,149,1,1215897871
77474,483,3290,4,1215897328
77475,483,1601,3,1178358174
77476,483,1862,3,1375961438
77477,483,1608,4,1375961431
77478,483,1609,3,1178293588
77479,483,1610,2,1215895726
77480,483,1177,4,1327277985
77481,483,1614,2,1215896989
77482,483,274,3,1181496826
77483,483,2470,4,1226359868
77484,483,397,4,1215897339
77485,483,1622,3,1215898587
77486,483,160,3,1178358835
77487,483,3292,2,1215897159
77488,483,8531,3,1178293076
77489,483,1115,4,1327277910
77490,483,165,3,1215895478
77491,483,1627,3,1215895960
77492,483,1010,2,1327277843
77493,483,166,5,1178213542
77494,483,167,4,1215548672
77495,483,1001,2,1215895855
77496,483,6180,3,1178293283
77497,483,3549,4,1415579047
77498,483,2583,4,1226359932
77499,483,171,3,1178293971
77500,483,172,3,1327276826
77501,483,173,3,1178293871
77502,483,178,2,1215895367
77503,483,400,3,1327276878
77504,483,180,4,1178295128
77505,483,734,3,1215895717
77506,483,1179,3,1415579359
77507,483,181,3,1178293341
77508,483,735,3,1181495732
77509,483,1117,5,1415579097
77510,483,3296,4,1215897434
77511,483,1648,2,1327277899
77512,483,402,3,1178292994
77513,483,403,3,1327277363
77514,483,1650,4,1185098351
77515,483,405,4,1215895086
77516,483,1651,3,1234656874
77517,483,183,4,1178293726
77518,483,2589,3,1215897525
77519,483,7669,0,1181496584
77520,483,1655,2,1181496676
77521,483,5513,4,1182704802
77522,483,406,4,1311846018
77523,483,185,4,1178215201
77524,483,1667,2,1178209415
77525,483,188,4,1181495009
77526,483,191,3,1215896432
77527,483,1181,4,1415574429
77528,483,1182,2,1215896524
77529,483,193,4,1215871698
77530,483,1669,3,1232792031
77531,483,194,2,1181496792
77532,483,5129,2,1215897347
77533,483,195,4,1215873377
77534,483,198,5,1277996359
77535,483,1118,5,1178211512
77536,483,199,4,1178358792
77537,483,201,4,1178294168
77538,483,5070,4,1204472960
77539,483,1183,4,1178358712
77540,483,1120,4,1215871952
77541,483,736,3,1178293259
77542,483,204,3,1215895113
77543,483,2929,4,1215896416
77544,483,3675,2,1215898424
77545,483,1038,4,1215898530
77546,483,1787,4,1215898034
77547,483,415,3,1178358852
77548,483,1121,5,1277996264
77549,483,206,3,1415579412
77550,483,208,3,1215896447
77551,483,1184,2,1215896696
77552,483,2689,3,1178217829
77553,483,1700,2,1215898729
77554,483,1185,4,1215543075
77555,483,1701,4,1415576202
77556,483,4268,4,1178293043
77557,483,419,5,1415578983
77558,483,211,3,1181495847
77559,483,1012,2,1215897462
77560,483,1717,2,1178358745
77561,483,1722,2,1327277229
77562,483,217,4,1232792039
77563,483,423,3,1181495203
77564,483,218,4,1181495743
77565,483,1040,4,1181495796
77566,483,219,2,1215895483
77567,483,1733,2,1215897618
77568,483,220,3,1178293197
77569,483,5047,4,1272239252
77570,483,738,0,1178293956
77571,483,1748,3,1215897564
77572,483,1015,3,1215896015
77573,483,227,3,1415579206
77574,483,1756,4,1215897151
77575,483,1187,3,1178215715
77576,483,1757,3,1415576129
77577,483,1016,3,1215895480
77578,483,1188,3,1215896116
77579,483,229,3,1181494884
77580,483,1764,3,1215898335
77581,483,1872,4,1181494338
77582,483,739,4,1291838512
77583,483,1797,3,1415579145
77584,483,431,4,1415576149
77585,483,742,4,1307314284
77586,483,432,4,1181494870
77587,483,1802,3,1415576555
77588,483,1022,4,1178351162
77589,483,3310,4,1215897603
77590,483,1803,4,1215872027
77591,483,743,4,1415576120
77592,483,3176,3,1415576394
77593,483,1805,3,1415576118
77594,483,5336,5,1178215451
77595,483,1876,4,1215895861
77596,483,744,4,1215896640
77597,483,445,4,1178293035
77598,483,447,4,1327277392
77599,483,1813,3,1415576346
77600,483,745,4,1178292998
77601,483,451,4,1178358386
77602,483,2214,3,1215897862
77603,483,1814,2,1215897086
77604,483,3316,3,1178293052
77605,483,2634,4,1327277993
77606,483,1816,3,1215896517
77607,483,747,4,1178358389
77608,483,1819,4,1415579159
77609,483,868,3,1215896149
77610,483,4871,5,1215871946
77611,483,1879,2,1215898715
77612,483,1822,2,1215896674
77613,483,748,1,1178218092
77614,483,1880,3,1415576347
77615,483,1823,2,1215896341
77616,483,1044,5,1181495551
77617,483,1195,5,1181494447
77618,483,3323,3,1215899085
77619,483,752,4,1178293841
77620,483,458,4,1178358133
77621,483,753,4,1178215672
77622,483,1126,5,1178211491
77623,483,2717,2,1178358699
77624,483,2952,3,1178293295
77625,483,754,4,1178292943
77626,483,755,4,1415579293
77627,483,2770,4,1178292931
77628,483,5506,3,1215872257
77629,483,2476,3,1178293120
77630,483,756,3,1415579349
77631,483,5376,4,1182704870
77632,483,1842,1,1181495358
77633,483,4478,2,1178293263
77634,483,6134,4,1311845774
77635,483,757,4,1178293961
77636,483,1199,4,1204474300
77637,483,759,4,1178293786
77638,483,760,3,1327277805
77639,483,761,3,1415576140
77640,483,7385,4,1415579315
77641,483,2702,5,1181494371
77642,483,762,3,1415579306
77643,483,3329,3,1181494355
77644,483,5518,3,1178293269
77645,483,763,5,1178210850
77646,483,3276,4,1415579708
77647,483,1203,1,1415576105
77648,483,3186,3,1415579253
77649,483,1127,3,1215898904
77650,483,2772,1,1415576390
77651,483,764,3,1215895654
77652,483,856,5,1312669896
77653,483,1204,3,1415579266
77654,483,765,4,1181494857
77655,483,859,4,1234133751
77656,483,1045,5,1415579318
77657,483,766,4,1415579308
77658,483,1147,4,1178213569
77659,483,4118,4,1182705026
77660,483,5142,4,1204277876
77661,483,1128,4,1178213572
77662,483,769,2,1181496621
77663,483,1209,3,1415579295
77664,483,876,4,1178294172
77665,483,1210,3,1178358356
77666,483,7567,5,1415579154
77667,483,771,4,1178213524
77668,483,3070,3,1215898286
77669,483,2047,4,1327277192
77670,483,6156,5,1199993133
77671,483,2107,3,1215542963
77672,483,1215,4,1178351299
77673,483,2109,4,1178212249
77674,483,772,4,1215542995
77675,483,1148,4,1178358224
77676,483,235,5,1415579179
77677,483,3338,3,1178294465
77678,483,773,1,1181496623
77679,483,3195,4,1215872303
77680,483,878,3,1181496807
77681,483,2243,4,1178358538
77682,483,3261,3,1178358831
77683,483,2967,4,1178293039
77684,483,2251,5,1178358547
77685,483,6745,3,1311844821
77686,483,3143,4,1178211538
77687,483,1218,5,1178211270
77688,483,775,4,1204277340
77689,483,5220,4,1204473542
77690,483,883,4,1215545270
77691,483,1130,5,1178211487
77692,483,1222,1,1181496728
77693,483,1048,4,1415579177
77694,483,885,3,1415576444
77695,483,886,2,1215897549
77696,483,2970,4,1215872103
77697,483,4137,4,1229251314
77698,483,2788,4,1178210486
77699,483,779,4,1415579130
77700,483,780,5,1215873244
77701,483,887,4,1215545278
77702,483,888,4,1415576493
77703,483,4143,4,1178293029
77704,483,5527,5,1204277626
77705,483,8532,0,1178294405
77706,483,783,3,1215895632
77707,483,1227,4,1415576380
77708,483,1049,4,1178358519
77709,483,1228,5,1215543087
77710,483,236,4,1263605292
77711,483,3147,4,1178209739
77712,483,2266,4,1199992424
77713,483,1229,4,1415579147
77714,483,792,4,1215543096
77715,483,793,0,1415576369
77716,483,795,4,1178213548
77717,483,797,4,1178358375
77718,483,798,3,1215899004
77719,483,2272,4,1178292973
77720,483,4295,4,1181494321
77721,483,1231,4,1311339381
77722,483,2481,4,1215870005
77723,483,4302,4,1178213546
77724,483,4857,4,1306694803
77725,483,4304,4,1226359265
77726,483,8533,4,1246783796
77727,483,3072,4,1178213578
77728,483,3583,4,1277996045
77729,483,4858,3,1204473329
77730,483,4307,5,1182704583
77731,483,3149,4,1204473703
77732,483,2050,4,1178358362
77733,483,891,4,1178358844
77734,483,1237,4,1204277729
77735,483,1891,3,1415576471
77736,483,5537,4,1181141051
77737,483,8534,3,1204277799
77738,483,1150,4,1178213557
77739,483,6769,4,1272483284
77740,483,807,4,1415578990
77741,483,1239,4,1415579313
77742,483,809,3,1327277575
77743,483,6470,3,1226360272
77744,483,895,3,1178358480
77745,483,810,4,1178293086
77746,483,812,2,1178358249
77747,483,1241,2,1415576529
77748,483,813,2,1178294456
77749,483,1242,4,1215872591
77750,483,2127,3,1327277928
77751,483,8535,1,1215871183
77752,483,5752,4,1204277661
77753,483,1246,4,1204473476
77754,483,4838,2,1181496567
77755,483,6671,4,1178213497
77756,483,1249,5,1178213543
77757,483,1894,3,1185098312
77758,483,1895,3,1181496704
77759,483,7395,4,1240154139
77760,483,1251,5,1226360505
77761,483,1254,4,1199992808
77762,483,1897,3,1178358525
77763,483,818,2,1215872169
77764,483,1255,3,1178211699
77765,483,3389,4,1178212300
77766,483,1899,3,1178293164
77767,483,2055,3,1185098249
77768,483,2128,4,1415579163
77769,483,4860,4,1178213487
77770,483,2316,4,1215544189
77771,483,1133,5,1215897699
77772,483,238,4,1327277441
77773,483,1052,5,1199993236
77774,483,3796,3,1215543753
77775,483,824,3,1178293218
77776,483,1053,5,1415578969
77777,483,4186,3,1234656862
77778,483,2326,5,1199992406
77779,483,900,4,1215872756
77780,483,2979,1,1181496589
77781,483,2808,5,1199992875
77782,483,1905,2,1415576402
77783,483,1906,4,1182704849
77784,483,2333,5,1415575488
77785,483,2057,3,1226360535
77786,483,6679,4,1226360461
77787,483,2519,4,1186314344
77788,483,3154,5,1199992514
77789,483,1270,4,1186314193
77790,483,2058,4,1415576305
77791,483,3806,4,1232883310
77792,483,4523,4,1215542769
77793,483,3424,3,1204277819
77794,483,1054,3,1307314069
77795,483,3425,5,1217464752
77796,483,3427,4,1202461401
77797,483,904,4,1215542457
77798,483,1276,4,1215872413
77799,483,5685,3,1226361242
77800,483,4319,4,1311844669
77801,483,1278,4,1327276645
77802,483,1279,4,1234132368
77803,483,1281,3,1232847399
77804,483,239,4,1226359425
77805,483,1911,4,1307313972
77806,483,1055,4,1215545403
77807,483,2354,5,1232847384
77808,483,1282,3,1215361854
77809,483,1283,4,1272483289
77810,483,1056,5,1220816302
77811,483,5262,3,1236293063
77812,483,2131,4,1223127443
77813,483,2064,4,1226359037
77814,483,6518,3,1295093187
77815,483,2377,4,1233791472
77816,483,3444,4,1236293072
77817,483,1916,4,1234656486
77818,483,1058,5,1307314118
77819,483,1290,4,1291838765
77820,483,5265,5,1241380151
77821,483,4766,5,1235421555
77822,483,7222,3,1246783807
77823,483,2066,4,1246700207
77824,483,5266,3,1236293073
77825,483,7799,4,1415578578
77826,483,1292,4,1238025112
77827,483,1294,4,1277596028
77828,483,241,4,1254323911
77829,483,8536,3,1311845638
77830,483,916,5,1254323939
77831,483,1297,4,1291838715
77832,483,1060,4,1274570324
77833,483,918,4,1415574502
77834,483,1299,5,1256431709
77835,483,2525,5,1271636173
77836,483,242,3,1263669789
77837,483,922,4,1277596049
77838,483,8537,4,1272239269
77839,483,927,4,1262525638
77840,483,928,4,1263605035
77841,483,6720,4,1271633534
77842,483,1308,3,1271633598
77843,483,6551,3,1277596094
77844,483,1310,4,1415577493
77845,483,1926,3,1292633342
77846,483,6811,4,1330911978
77847,483,1312,4,1277596118
77848,483,1134,5,1415579261
77849,483,245,5,1281384288
77850,483,2814,4,1283984763
77851,483,2730,4,1311844828
77852,483,3089,4,1289775106
77853,483,1318,3,1291838228
77854,483,1153,4,1415579247
77855,483,1934,4,1292633328
77856,483,935,5,1306694790
77857,483,938,3,1307297091
77858,483,5275,4,1327276441
77859,483,3481,2,1311844448
77860,483,1066,3,1327276612
77861,483,3482,3,1307314080
77862,483,2132,5,1327276422
77863,483,3093,3,1415578693
77864,483,941,3,1415578694
77865,483,2410,4,1315436459
77866,483,4547,4,1415578658
77867,483,4549,3,1415578593
77868,483,2528,3,1415578596
77869,483,1939,4,1311337237
77870,483,1330,4,1415578033
77871,483,1331,3,1315436453
77872,483,942,4,1330911991
77873,483,7224,3,1415578323
77874,483,1940,3,1415578372
77875,483,8538,5,1315437602
77876,483,3855,3,1415578312
77877,483,6072,3,1415577518
77878,483,7834,3,1415578226
77879,483,8539,3,1415578318
77880,483,1067,4,1415576449
77881,483,3161,4,1364849131
77882,483,8540,4,1327278109
77883,483,3097,3,1415577289
77884,483,2822,3,1415577275
77885,483,944,2,1415577379
77886,483,6529,4,1415577581
77887,483,4210,3,1415578399
77888,483,8541,3,1415578356
77889,483,945,4,1415574438
77890,483,3862,4,1415578082
77891,483,3490,4,1415576211
77892,483,8542,3,1415577938
77893,483,946,4,1415577268
77894,483,6087,3,1415577731
77895,483,1948,3,1415577592
77896,483,6088,2,1415577357
77897,483,8543,5,1415577575
77898,483,1069,2,1415577343
77899,483,947,4,1415577241
77900,483,4557,3,1415577151
77901,483,3494,3,1415577106
77902,483,8544,4,1415577367
77903,483,8545,3,1415577117
77904,483,6094,4,1415576996
77905,483,5821,1,1415577369
77906,483,1953,4,1415575954
77907,483,2830,4,1415574346
77908,483,4734,3,1415577078
77909,483,8546,2,1415577067
77910,483,1340,4,1415577026
77911,483,2532,4,1415576740
77912,483,953,5,1415574395
77913,483,954,2,1415576914
77914,483,1342,3,1415576884
77915,483,1343,4,1364849161
77916,483,8547,3,1415576826
77917,483,252,5,1415574376
77918,483,8548,3,1415578070
77919,483,6100,2,1415576227
77920,483,3878,3,1415576270
77921,483,3528,4,1415576253
77922,483,8549,3,1415577027
77923,483,1346,4,1415576040
77924,483,1956,4,1415575961
77925,483,4363,4,1415575928
77926,483,1072,1,1415575852
77927,483,3102,4,1415575772
77928,483,6106,1,1415575777
77929,483,1963,3,1415575672
77930,483,7230,3,1415575723
77931,483,1967,4,1415575712
77932,483,1351,4,1415575690
77933,483,5445,4,1415575688
77934,483,1073,5,1415577698
77935,483,7900,3,1415575685
77936,483,8550,1,1415575656
77937,483,3104,4,1415575333
77938,483,960,4,1415575259
77939,483,1975,4,1415577180
77940,483,6110,3,1415574975
77941,483,1981,4,1415575001
77942,483,254,5,1416133267
77943,483,4708,3,1415575011
77944,483,8551,3,1415578116
77945,483,8552,4,1415574920
77946,483,6113,3,1415574900
77947,483,1357,4,1415574767
77948,483,8553,2,1415574736
77949,483,8554,2,1415575570
77950,484,1,4,1342295949
77951,484,482,2,1342296219
77952,484,463,4,1342296074
77953,484,4,4,1342228947
77954,484,1401,4,1342296910
77955,484,5833,4,1342228081
77956,484,2664,4,1342300148
77957,484,5551,4,1342369324
77958,484,519,4,1342368965
77959,484,530,4,1342296643
77960,484,2070,4,1342366279
77961,484,538,4,1342298632
77962,484,2424,4,1342366016
77963,484,12,4,1342298038
77964,484,467,4,1342297621
77965,484,574,4,1342227803
77966,484,233,5,1342982742
77967,484,19,4,1342297445
77968,484,21,5,1342228969
77969,484,472,5,1342296027
77970,484,23,3,1342295874
77971,484,25,5,1342298226
77972,484,640,4,1342298116
77973,484,27,4,1342295969
77974,484,28,3,1342295859
77975,484,1420,4,1342295041
77976,484,670,4,1342367990
77977,484,2501,4,1342297472
77978,484,828,4,1342296049
77979,484,323,4,1342295790
77980,484,480,5,1342299220
77981,484,324,5,1342295880
77982,484,36,5,1342299287
77983,484,674,4,1342298284
77984,484,40,4,1342297811
77985,484,1426,3,1342297881
77986,484,41,4,1342295837
77987,484,43,3,1342295820
77988,484,699,4,1342298362
77989,484,701,4,1342365853
77990,484,333,2,1342365012
77991,484,45,5,1342229153
77992,484,46,4,1342228707
77993,484,6486,5,1342300572
77994,484,1772,4,1342227908
77995,484,1774,4,1342297643
77996,484,53,5,1342299205
77997,484,54,5,1342297692
77998,484,57,5,1342298041
77999,484,2667,4,1342300406
78000,484,1162,4,1342297482
78001,484,61,4,1342296042
78002,484,344,4,1342295119
78003,484,63,4,1342228838
78004,484,1029,1,1342295106
78005,484,75,4,1342228582
78006,484,76,1,1342295299
78007,484,2397,4,1342294929
78008,484,84,3,1342229148
78009,484,866,3,1342295020
78010,484,1461,1,1342297012
78011,484,1464,1,1342297784
78012,484,1474,4,1342296299
78013,484,2147,3,1342295238
78014,484,1476,3,1342296340
78015,484,2559,4,1342368277
78016,484,980,1,1342298369
78017,484,2563,4,1342297491
78018,484,1494,4,1342297076
78019,484,102,3,1342295777
78020,484,1498,4,1342228266
78021,484,106,2,1342294867
78022,484,107,3,1342297778
78023,484,729,4,1342294918
78024,484,1512,3,1342297837
78025,484,988,3,1342295829
78026,484,2672,5,1342228097
78027,484,110,3,1342296631
78028,484,5146,3,1342228225
78029,484,375,4,1342366496
78030,484,731,4,1342295986
78031,484,379,4,1342295910
78032,484,382,4,1342294842
78033,484,2999,3,1342298165
78034,484,3547,3,1342364944
78035,484,121,4,1342297927
78036,484,1778,2,1342227954
78037,484,128,5,1342297351
78038,484,272,4,1342296976
78039,484,1035,5,1342296379
78040,484,1036,4,1342297714
78041,484,1780,5,1342297890
78042,484,1568,4,1342300453
78043,484,1569,4,1342365338
78044,484,137,5,1342298191
78045,484,142,4,1342296010
78046,484,3027,4,1342295250
78047,484,147,4,1342294781
78048,484,5745,4,1342368216
78049,484,148,5,1342228684
78050,484,1599,4,1342299707
78051,484,149,3,1342365624
78052,484,1611,3,1342227811
78053,484,1614,3,1342227680
78054,484,1000,3,1342227699
78055,484,163,4,1342229209
78056,484,1001,4,1342296830
78057,484,1002,3,1342297516
78058,484,1003,4,1342297062
78059,484,1641,3,1342365103
78060,484,1179,4,1342295916
78061,484,1116,4,1342297797
78062,484,1643,1,1342296100
78063,484,2585,3,1342365888
78064,484,2684,4,1342227938
78065,484,1646,3,1342297654
78066,484,402,4,1342228861
78067,484,2589,2,1342298552
78068,484,185,4,1342228628
78069,484,3298,3,1342297708
78070,484,193,5,1342228554
78071,484,200,4,1342301003
78072,484,3550,3,1342364886
78073,484,2598,4,1342300169
78074,484,1691,1,1342366074
78075,484,277,4,1342297346
78076,484,209,4,1342296563
78077,484,1697,4,1342298387
78078,484,1184,3,1342298010
78079,484,210,3,1342297866
78080,484,2511,3,1342298201
78081,484,1012,3,1342298643
78082,484,1790,4,1342298327
78083,484,1186,3,1342228672
78084,484,218,4,1342297079
78085,484,1041,3,1342297269
78086,484,2122,1,1342298001
78087,484,221,4,1342297373
78088,484,2607,4,1342369308
78089,484,1871,2,1342227736
78090,484,1015,3,1342297106
78091,484,1757,2,1342297212
78092,484,1017,3,1342297698
78093,484,230,4,1342298049
78094,484,1764,3,1342365814
78095,484,867,4,1342298425
78096,484,429,3,1342294808
78097,484,430,4,1342294787
78098,484,1797,4,1342296164
78099,484,278,5,1342228927
78100,484,2512,3,1342365530
78101,484,741,4,1342296094
78102,484,1800,4,1342297965
78103,484,1022,3,1342228986
78104,484,3310,4,1342298149
78105,484,1805,3,1342296799
78106,484,440,4,1342294962
78107,484,3312,3,1342298647
78108,484,3177,4,1342297828
78109,484,446,4,1342294772
78110,484,3319,3,1342365402
78111,484,868,4,1342296767
78112,484,1822,4,1342297294
78113,484,3320,2,1342298454
78114,484,1823,4,1342296924
78115,484,1044,2,1342294986
78116,484,1824,4,1342297494
78117,484,8555,4,1342300692
78118,484,1825,3,1342294815
78119,484,1195,4,1342297032
78120,484,3323,4,1342227961
78121,484,2513,3,1342298086
78122,484,2768,2,1342365051
78123,484,2717,5,1342296785
78124,484,3644,4,1342368932
78125,484,1837,4,1342365349
78126,484,1838,4,1342366159
78127,484,4476,2,1342228021
78128,484,4836,4,1342300866
78129,484,1198,3,1342297102
78130,484,1842,3,1342296552
78131,484,1846,4,1342299611
78132,484,871,2,1342365439
78133,484,8556,4,1343273681
78134,484,2772,3,1342297816
78135,484,4503,4,1342368951
78136,484,3188,4,1342294899
78137,484,4850,4,1342228243
78138,484,874,3,1342365416
78139,484,3189,4,1342297542
78140,484,2233,2,1342297580
78141,484,1207,3,1342298588
78142,484,7579,4,1342369353
78143,484,2514,3,1342297586
78144,484,2239,5,1342294758
78145,484,6231,4,1342367732
78146,484,1148,4,1342295405
78147,484,235,4,1342295389
78148,484,3195,4,1342297945
78149,484,3196,4,1342228066
78150,484,1218,4,1342295150
78151,484,2516,4,1342365837
78152,484,1047,3,1342296664
78153,484,4507,4,1342300784
78154,484,883,3,1342297222
78155,484,3269,4,1342369291
78156,484,2517,3,1342298637
78157,484,885,3,1342297915
78158,484,1226,3,1342297085
78159,484,5810,4,1342369369
78160,484,3146,4,1342296875
78161,484,782,4,1342297284
78162,484,8557,4,1342300766
78163,484,1227,4,1342299873
78164,484,3351,4,1342298305
78165,484,1229,4,1342297558
78166,484,1230,3,1342297530
78167,484,793,4,1342297289
78168,484,1237,3,1342296682
78169,484,1891,4,1342297861
78170,484,5912,4,1342300666
78171,484,807,4,1342295900
78172,484,2286,5,1342294958
78173,484,895,2,1342296849
78174,484,810,4,1342367963
78175,484,1892,4,1342296593
78176,484,5922,4,1342300848
78177,484,4512,4,1342366241
78178,484,2127,4,1342296312
78179,484,3780,4,1342368487
78180,484,3600,3,1342365573
78181,484,3786,4,1342369277
78182,484,4515,4,1342369406
78183,484,237,3,1342365379
78184,484,4517,4,1342368505
78185,484,238,5,1342228793
78186,484,1052,1,1342229033
78187,484,2320,4,1342296530
78188,484,2324,4,1342366548
78189,484,1053,5,1342296374
78190,484,2326,4,1342296458
78191,484,900,3,1342296124
78192,484,2986,4,1342366038
78193,484,1905,4,1342296762
78194,484,1269,4,1342296806
78195,484,2058,5,1342227720
78196,484,2059,2,1342229134
78197,484,6049,3,1342368157
78198,484,239,3,1342228525
78199,484,4526,4,1342367851
78200,484,1286,3,1342296465
78201,484,240,4,1342368380
78202,484,2130,4,1342298231
78203,484,1288,4,1342299442
78204,484,4194,4,1342368986
78205,484,1297,4,1342294829
78206,484,919,4,1342300719
78207,484,8558,5,1342300642
78208,484,243,2,1342296202
78209,484,1308,4,1342296871
78210,484,1312,4,1342296352
78211,484,3523,4,1342369337
78212,484,7819,4,1343273610
78213,484,1153,3,1342296482
78214,484,936,5,1342297950
78215,484,4544,4,1342369381
78216,484,939,4,1342366390
78217,484,3485,4,1342365204
78218,484,2410,3,1342297329
78219,484,4548,2,1342368520
78220,484,1330,2,1342296750
78221,484,942,4,1342297660
78222,484,1940,4,1342366189
78223,484,8559,5,1342296115
78224,484,1945,4,1342297613
78225,485,487,4,837943350
78226,485,8,3,837943384
78227,485,464,5,837943215
78228,485,531,5,837943320
78229,485,532,5,837943260
78230,485,540,5,837943350
78231,485,550,1,837943350
78232,485,14,1,837943293
78233,485,466,1,837943350
78234,485,588,5,837943319
78235,485,470,3,837943384
78236,485,18,3,837943293
78237,485,600,4,837943293
78238,485,605,4,837943350
78239,485,20,5,837943261
78240,485,21,5,837943384
78241,485,473,5,837943215
78242,485,634,4,837943320
78243,485,26,4,837943320
78244,485,323,4,837943261
78245,485,33,5,837943215
78246,485,34,3,837943215
78247,485,35,5,837943320
78248,486,3,5,839537263
78249,486,487,4,839537237
78250,486,292,4,839537017
78251,486,293,5,839537271
78252,486,463,3,839537186
78253,486,972,4,839537298
78254,486,4,3,839537220
78255,486,510,5,839537298
78256,486,516,3,839537249
78257,486,8,5,839537186
78258,486,521,5,839537298
78259,486,464,5,839536920
78260,486,465,5,839536954
78261,486,531,5,839537112
78262,486,11,4,839537334
78263,486,532,3,839536954
78264,486,1405,4,839537323
78265,486,3001,2,839537372
78266,486,550,4,839537142
78267,486,14,3,839537093
78268,486,466,4,839537142
78269,486,468,5,839537186
78270,486,585,2,839536984
78271,486,588,4,839537112
78272,486,589,5,839537372
78273,486,17,5,839536920
78274,486,18,3,839537094
78275,486,233,5,839537113
78276,486,599,2,839537372
78277,486,600,5,839537112
78278,486,471,3,839536954
78279,486,20,4,839536954
78280,486,611,5,839537298
78281,486,21,5,839537017
78282,486,622,4,839537237
78283,486,473,3,839536920
78284,486,627,3,839537344
78285,486,634,3,839537112
78286,486,1157,3,839537298
78287,486,26,5,839537017
78288,486,4054,3,839537308
78289,486,475,5,839537249
78290,486,27,5,839537220
78291,486,653,5,839537263
78292,486,4055,3,839537264
78293,486,667,3,839537323
78294,486,1158,4,839537308
78295,486,323,3,839536954
78296,486,479,5,839537220
78297,486,34,4,839536920
78298,486,35,3,839537094
78299,486,38,5,839536984
78300,486,1159,3,839537249
78301,486,41,5,839537237
78302,486,42,5,839537237
78303,486,43,5,839536984
78304,487,16,4,1428574154
78305,487,233,3,1428574138
78306,487,35,2,1428650184
78307,487,723,3,1428574422
78308,487,333,4,1428574413
78309,487,70,4,1428574579
78310,487,71,3,1428574150
78311,487,4843,2,1428574831
78312,487,167,3,1428574140
78313,487,193,4,1428574157
78314,487,423,3,1428649992
78315,487,1187,2,1428649987
78316,487,1757,3,1428650083
78317,487,437,3,1428649967
78318,487,745,4,1428574200
78319,487,1822,2,1428574321
78320,487,1044,3,1428574276
78321,487,1125,4,1428574246
78322,487,752,3,1428574212
78323,487,753,2,1428649983
78324,487,1126,3,1428574208
78325,487,754,4,1428574196
78326,487,755,3,1428649954
78327,487,1842,2,1428650054
78328,487,1199,2,1428574239
78329,487,759,3,1428574211
78330,487,765,4,1428574197
78331,487,3191,2,1428574317
78332,487,771,2,1428574205
78333,487,2047,3,1428574255
78334,487,235,3,1428574236
78335,487,775,4,1428574203
78336,487,1130,4,1428574235
78337,487,1048,4,1428574247
78338,487,2266,4,1428574269
78339,487,795,4,1428574243
78340,487,1131,5,1428574594
78341,487,1150,3,1428574498
78342,487,1242,3,1428574617
78343,487,824,3,1428650016
78344,487,1053,3,1428574591
78345,487,904,4,1428650046
78346,487,1056,3,1428574419
78347,487,2523,4,1428574619
78348,487,245,2,1428574143
78349,487,935,4,1428574557
78350,487,248,0,1429347557
78351,487,4343,1,1429347551
78352,487,3484,0,1429347651
78353,487,945,3,1428574440
78354,487,3163,1,1429347656
78355,487,3491,2,1428574636
78356,487,962,3,1428574598
78357,487,254,4,1428574546
78358,487,255,3,1428574489
78359,487,1362,4,1428650174
78360,488,1,4,1112382025
78361,488,492,5,1112382176
78362,488,497,2,1112382126
78363,488,461,3,1112382292
78364,488,462,4,1112382199
78365,488,4699,2,1112382455
78366,488,520,3,1112381909
78367,488,464,3,1112382786
78368,488,533,1,1112381810
78369,488,306,1,1112382297
78370,488,2425,4,1112381815
78371,488,2071,4,1112381948
78372,488,596,2,1112382491
78373,488,233,5,1112382037
78374,488,26,4,1112382719
78375,488,318,3,1112382344
78376,488,29,5,1112382044
78377,488,31,2,1112381831
78378,488,35,4,1112382730
78379,488,324,4,1112382772
78380,488,36,0,1112381859
78381,488,37,4,1112382229
78382,488,1096,4,1112382204
78383,488,263,5,1112382042
78384,488,1097,4,1112382049
78385,488,702,5,1112382382
78386,488,330,4,1112382463
78387,488,331,5,1112382142
78388,488,333,5,1112382257
78389,488,335,5,1112382266
78390,488,336,4,1112382189
78391,488,1098,3,1112382408
78392,488,265,4,1112382276
78393,488,1441,3,1112382370
78394,488,831,3,1112382445
78395,488,2395,4,1112381850
78396,488,3010,4,1112382530
78397,488,3696,2,1112382415
78398,488,62,4,1112382327
78399,488,2998,4,1112382504
78400,488,68,5,1112382154
78401,488,1100,4,1112381887
78402,488,3546,2,1112382301
78403,488,70,5,1112382098
78404,488,71,3,1112382073
78405,488,1104,5,1112382157
78406,488,1105,4,1112382086
78407,488,1139,3,1112382171
78408,488,1455,3,1112382220
78409,488,88,2,1112382828
78410,488,360,3,1112382475
78411,488,3000,2,1112382254
78412,488,1475,2,1112382487
78413,488,1009,0,1112381806
78414,488,234,4,1112382780
78415,488,3058,4,1112382459
78416,488,3225,2,1112382435
78417,488,4900,3,1112382417
78418,488,1034,2,1112381854
78419,488,385,4,1112382514
78420,488,1594,3,1112381821
78421,488,392,4,1112382241
78422,488,395,4,1112382338
78423,488,178,3,1112381864
78424,488,402,5,1112382068
78425,488,1180,4,1112382802
78426,488,201,3,1112381914
78427,488,3736,4,1112382405
78428,488,413,3,1112382349
78429,488,3139,5,1112382093
78430,488,736,4,1112382031
78431,488,204,3,1112382822
78432,488,206,2,1112381870
78433,488,1712,4,1112382734
78434,488,2159,5,1112382152
78435,488,223,4,1112382788
78436,488,1187,4,1112382207
78437,488,429,4,1112382706
78438,488,432,4,1112382162
78439,488,434,5,1112382336
78440,488,437,5,1112382314
78441,488,5342,3,1112382702
78442,488,745,5,1112382088
78443,488,4101,3,1112382566
78444,488,4942,5,1112382224
78445,488,4950,4,1112382113
78446,488,752,5,1112381931
78447,488,1126,5,1112382186
78448,488,754,5,1112382145
78449,488,4476,4,1112382363
78450,488,4178,4,1112382571
78451,488,7384,4,1112382352
78452,488,765,5,1112382123
78453,488,1206,4,1112382793
78454,488,876,5,1112382039
78455,488,3194,5,1112382210
78456,488,771,4,1112382169
78457,488,2107,3,1112382481
78458,488,1215,4,1112382264
78459,488,3197,2,1112382712
78460,488,1218,4,1112382307
78461,488,775,5,1112382196
78462,488,2252,3,1112382716
78463,488,6166,4,1112382657
78464,488,6431,3,1112382358
78465,488,6468,3,1112382274
78466,488,779,5,1112382147
78467,488,780,5,1112382096
78468,488,792,3,1112382795
78469,488,795,4,1112382052
78470,488,2050,4,1112382642
78471,489,482,2,1333101570
78472,489,484,2,1385823772
78473,489,485,4,1334587547
78474,489,487,2,1333101410
78475,489,488,1,1334170648
78476,489,492,4,1332773255
78477,489,2658,2,1333234401
78478,489,493,2,1333101593
78479,489,292,2,1333101507
78480,489,494,3,1333022826
78481,489,293,3,1333023575
78482,489,461,2,1333101391
78483,489,463,3,1332772964
78484,489,501,3,1333658594
78485,489,4,3,1333101316
78486,489,1401,4,1334587634
78487,489,6,2,1385823826
78488,489,516,1,1333101502
78489,489,520,4,1333231499
78490,489,8,4,1332772116
78491,489,1094,3,1333101521
78492,489,525,3,1333101499
78493,489,464,3,1333023417
78494,489,9,3,1332774582
78495,489,465,3,1334169992
78496,489,530,1,1334171163
78497,489,531,3,1385823494
78498,489,532,3,1333830649
78499,489,533,0,1332774713
78500,489,1027,0,1332774588
78501,489,540,0,1334170387
78502,489,541,1,1332774765
78503,489,14,2,1333101376
78504,489,307,4,1333232267
78505,489,566,3,1333658981
78506,489,2433,3,1333234564
78507,489,466,4,1332772731
78508,489,571,1,1385823980
78509,489,467,4,1333022921
78510,489,468,3,1332773991
78511,489,589,4,1332773372
78512,489,17,4,1333101247
78513,489,2434,4,1332706038
78514,489,2435,3,1333234505
78515,489,18,3,1333101362
78516,489,604,4,1332774059
78517,489,605,3,1333101518
78518,489,310,4,1332774788
78519,489,471,1,1335696138
78520,489,311,4,1333022454
78521,489,611,4,1333101754
78522,489,21,4,1333101250
78523,489,314,4,1332772700
78524,489,472,4,1333101330
78525,489,23,1,1334169929
78526,489,315,3,1333101717
78527,489,619,0,1385823692
78528,489,1410,3,1333231948
78529,489,621,0,1333234624
78530,489,973,2,1332774734
78531,489,622,3,1333101308
78532,489,623,3,1333831570
78533,489,473,3,1332772206
78534,489,1414,2,1385823683
78535,489,1156,2,1333231708
78536,489,633,1,1385823787
78537,489,634,2,1333101471
78538,489,635,1,1385823727
78539,489,637,3,1333101670
78540,489,640,0,1385824118
78541,489,644,2,1332704689
78542,489,647,3,1333297071
78543,489,27,3,1333101257
78544,489,2169,1,1333234162
78545,489,648,2,1332774564
78546,489,649,2,1333659181
78547,489,28,3,1332772454
78548,489,320,3,1332773774
78549,489,660,3,1385823676
78550,489,322,4,1332772984
78551,489,1095,4,1333101450
78552,489,1420,4,1333101666
78553,489,31,3,1334587703
78554,489,828,1,1333101461
78555,489,671,4,1333101434
78556,489,323,3,1333101295
78557,489,479,3,1334170029
78558,489,33,4,1333101281
78559,489,34,4,1334170003
78560,489,35,4,1333101253
78561,489,480,3,1334170654
78562,489,324,4,1333101333
78563,489,481,4,1332772419
78564,489,37,4,1332772289
78565,489,38,3,1333101322
78566,489,1425,3,1333658835
78567,489,326,1,1385823634
78568,489,41,3,1332772840
78569,489,42,2,1333101354
78570,489,723,4,1333101579
78571,489,690,0,1385823926
78572,489,43,2,1333101277
78573,489,693,3,1334588026
78574,489,1026,0,1333101807
78575,489,1431,1,1332773363
78576,489,697,1,1332774482
78577,489,44,2,1333831977
78578,489,2444,3,1333022368
78579,489,699,4,1333232331
78580,489,1435,2,1332774609
78581,489,702,3,1333232210
78582,489,331,4,1333022736
78583,489,3694,3,1333659149
78584,489,332,5,1332706224
78585,489,1438,3,1334587819
78586,489,333,4,1385823606
78587,489,334,3,1385823643
78588,489,335,4,1332706110
78589,489,336,4,1332772997
78590,489,265,5,1332706506
78591,489,1441,5,1332704752
78592,489,3730,5,1335869001
78593,489,45,4,1332773015
78594,489,337,4,1332773977
78595,489,46,3,1335869037
78596,489,724,4,1333101525
78597,489,3053,2,1333023381
78598,489,4219,4,1335868795
78599,489,3544,4,1332705805
78600,489,3735,4,1332705730
78601,489,5496,4,1333831047
78602,489,2395,4,1333023344
78603,489,3696,5,1333659707
78604,489,863,4,1332774291
78605,489,1775,3,1332774225
78606,489,1135,3,1333101447
78607,489,58,2,1385824141
78608,489,1449,2,1333101173
78609,489,1162,3,1332775139
78610,489,720,1,1333022996
78611,489,61,3,1333101432
78612,489,343,3,1332773957
78613,489,62,3,1333101639
78614,489,345,3,1333233795
78615,489,864,4,1332775009
78616,489,63,3,1385823465
78617,489,3170,5,1332706013
78618,489,66,4,1333101385
78619,489,725,3,1333101619
78620,489,68,3,1333101417
78621,489,3499,5,1333023155
78622,489,1101,4,1333232042
78623,489,71,4,1333101305
78624,489,1029,4,1332772670
78625,489,1103,4,1332774415
78626,489,2396,3,1385823809
78627,489,76,4,1332772871
78628,489,77,3,1334170450
78629,489,78,3,1385823565
78630,489,354,4,1385823551
78631,489,1164,4,1333656252
78632,489,1106,2,1385823639
78633,489,82,3,1333101394
78634,489,726,4,1333101663
78635,489,2083,4,1335868861
78636,489,355,2,1385823800
78637,489,2176,3,1333233169
78638,489,84,4,1333101572
78639,489,356,3,1333101647
78640,489,268,4,1332706290
78641,489,85,3,1333101421
78642,489,86,3,1333101319
78643,489,2177,4,1333231460
78644,489,87,1,1332774744
78645,489,90,4,1333101440
78646,489,866,5,1332773056
78647,489,2751,3,1334171100
78648,489,6186,0,1332704863
78649,489,1461,4,1334587808
78650,489,1462,5,1332704542
78651,489,1465,1,1333833600
78652,489,978,3,1333830655
78653,489,93,3,1334587496
78654,489,1474,3,1334170701
78655,489,2147,3,1333101597
78656,489,362,2,1332773523
78657,489,2420,3,1333101553
78658,489,1476,2,1333101727
78659,489,95,4,1334171218
78660,489,980,2,1333232512
78661,489,1484,3,1333023011
78662,489,1485,1,1333101705
78663,489,1487,0,1333232870
78664,489,99,2,1335696201
78665,489,1031,4,1332772549
78666,489,1494,3,1332775077
78667,489,101,3,1332773150
78668,489,102,3,1334170377
78669,489,103,4,1332704712
78670,489,984,1,1332773663
78671,489,985,2,1333234222
78672,489,104,4,1332772334
78673,489,1008,3,1333233477
78674,489,366,4,1332773443
78675,489,107,0,1333231520
78676,489,108,3,1334170904
78677,489,1114,1,1333231932
78678,489,729,2,1332772783
78679,489,1508,2,1333297259
78680,489,1510,3,1334587743
78681,489,234,3,1334170230
78682,489,988,3,1333101365
78683,489,1514,0,1385823852
78684,489,4898,3,1332704941
78685,489,1169,4,1332774325
78686,489,110,3,1332773692
78687,489,730,4,1334170115
78688,489,2463,3,1333232530
78689,489,996,0,1332773916
78690,489,990,1,1333022905
78691,489,731,3,1333101566
78692,489,991,3,1385824039
78693,489,379,3,1332772953
78694,489,1170,4,1333659199
78695,489,3059,4,1333657208
78696,489,380,2,1333022653
78697,489,1171,4,1334170438
78698,489,117,3,1385824168
78699,489,382,4,1333023145
78700,489,1543,3,1385824051
78701,489,2905,3,1334170826
78702,489,118,3,1334170263
78703,489,1034,3,1334170606
78704,489,992,3,1332704570
78705,489,1544,3,1334587579
78706,489,1777,0,1334170750
78707,489,836,3,1333101675
78708,489,120,4,1333101635
78709,489,2183,4,1332775030
78710,489,5304,3,1333659055
78711,489,122,3,1333101345
78712,489,1556,3,1333830809
78713,489,126,1,1333101723
78714,489,272,3,1332704551
78715,489,1035,3,1334170560
78716,489,135,4,1333101631
78717,489,2680,2,1385824159
78718,489,4066,3,1333657391
78719,489,1572,3,1333022578
78720,489,386,3,1333101187
78721,489,2040,3,1333022977
78722,489,1575,3,1332774143
78723,489,142,4,1332772908
78724,489,6980,1,1333659221
78725,489,143,3,1334588014
78726,489,1580,3,1333232678
78727,489,2572,3,1333831447
78728,489,1583,3,1333233294
78729,489,144,3,1333234323
78730,489,146,1,1332774969
78731,489,273,3,1333022600
78732,489,147,4,1332772850
78733,489,1593,1,1334587997
78734,489,1594,1,1334170518
78735,489,1597,1,1334170525
78736,489,392,4,1333101768
78737,489,393,4,1332774875
78738,489,3290,1,1333233107
78739,489,5499,2,1333659407
78740,489,1601,2,1333101626
78741,489,2913,1,1333297270
78742,489,153,1,1333657045
78743,489,1609,2,1333101514
78744,489,2121,3,1333232190
78745,489,274,3,1332774174
78746,489,2682,3,1333232361
78747,489,1618,3,1332774778
78748,489,1000,0,1333232412
78749,489,165,4,1385823814
78750,489,1010,2,1333022689
78751,489,1631,3,1333830724
78752,489,167,4,1332772362
78753,489,1001,4,1332705170
78754,489,1002,3,1333022838
78755,489,3549,4,1333659496
78756,489,171,2,1333101740
78757,489,172,1,1333101402
78758,489,178,4,1334170586
78759,489,732,3,1332774022
78760,489,400,1,1385823488
78761,489,2472,2,1333656831
78762,489,179,4,1332773225
78763,489,1641,1,1332773572
78764,489,734,1,1332774103
78765,489,1179,2,1333101535
78766,489,1643,2,1333101654
78767,489,2585,2,1333296882
78768,489,181,4,1333101458
78769,489,735,3,1333022534
78770,489,1646,2,1333022871
78771,489,1865,3,1332704590
78772,489,2096,3,1333830691
78773,489,3068,4,1333232301
78774,489,402,3,1333101341
78775,489,183,4,1333023113
78776,489,3297,3,1333233088
78777,489,1656,4,1333831482
78778,489,184,3,1332704680
78779,489,185,4,1333101301
78780,489,2473,2,1333830759
78781,489,2189,4,1332704606
78782,489,188,3,1332772861
78783,489,190,3,1334171053
78784,489,1182,0,1333231722
78785,489,193,4,1332772151
78786,489,194,0,1334170539
78787,489,195,3,1333101575
78788,489,1866,3,1333234192
78789,489,1867,3,1333233999
78790,489,1118,5,1333022709
78791,489,201,4,1333101773
78792,489,4845,4,1335695989
78793,489,1183,3,1332773765
78794,489,2193,4,1333231545
78795,489,1689,0,1333297099
78796,489,204,4,1385823556
78797,489,2929,4,1333022952
78798,489,416,3,1332773721
78799,489,206,3,1334170432
78800,489,208,3,1333101190
78801,489,209,1,1385823794
78802,489,418,3,1385823957
78803,489,1184,4,1333231650
78804,489,1698,4,1333296999
78805,489,1699,3,1333232795
78806,489,1700,3,1333297282
78807,489,1705,2,1333297032
78808,489,422,3,1332773108
78809,489,1717,4,1334170692
78810,489,1722,3,1385823743
78811,489,423,3,1332773219
78812,489,218,4,1332704658
78813,489,1039,3,1385824106
78814,489,219,4,1332773452
78815,489,1041,2,1334587960
78816,489,2122,3,1333231828
78817,489,220,0,1332772197
78818,489,738,2,1334170213
78819,489,1868,1,1333656751
78820,489,1869,3,1333233242
78821,489,1870,3,1333232859
78822,489,1871,3,1333231924
78823,489,224,2,1385824125
78824,489,3306,1,1333831678
78825,489,1015,1,1332774687
78826,489,4273,4,1333831394
78827,489,1187,3,1385823620
78828,489,1016,0,1332773356
78829,489,1795,2,1385823963
78830,489,229,3,1333101480
78831,489,2611,0,1333832216
78832,489,1764,1,1333233752
78833,489,1765,0,1333022423
78834,489,1018,2,1333232046
78835,489,1019,3,1332775024
78836,489,429,4,1333023616
78837,489,278,3,1332773402
78838,489,7464,1,1333832831
78839,489,2715,4,1333231887
78840,489,741,2,1333101757
78841,489,1873,3,1333232647
78842,489,742,1,1332773300
78843,489,432,4,1332772508
78844,489,434,3,1334170939
78845,489,2042,3,1333658343
78846,489,743,3,1334587733
78847,489,435,3,1333656183
78848,489,1043,3,1333101709
78849,489,3176,1,1333232308
78850,489,1805,3,1332774369
78851,489,437,2,1333101702
78852,489,1807,1,1333234590
78853,489,2619,2,1333232785
78854,489,1876,2,1385823951
78855,489,3177,4,1333101220
78856,489,445,4,1332772278
78857,489,2102,4,1332706148
78858,489,446,1,1332775148
78859,489,447,5,1332773415
78860,489,1812,3,1332774811
78861,489,1813,0,1333231954
78862,489,745,4,1333101413
78863,489,451,4,1332773481
78864,489,2628,3,1332774671
78865,489,3316,4,1333832175
78866,489,2634,3,1332704615
78867,489,747,1,1332773878
78868,489,868,2,1332774432
78869,489,2716,4,1333831871
78870,489,2640,3,1333657070
78871,489,2947,4,1333831295
78872,489,748,0,1332774261
78873,489,3321,3,1333297234
78874,489,3322,3,1333656669
78875,489,749,2,1333297177
78876,489,1044,3,1332773893
78877,489,1195,1,1333022323
78878,489,1829,2,1332774270
78879,489,5167,4,1333830701
78880,489,751,4,1333022729
78881,489,458,3,1334170044
78882,489,753,3,1333101608
78883,489,1126,5,1332773263
78884,489,2717,2,1332774245
78885,489,2952,3,1333234450
78886,489,754,4,1332772158
78887,489,755,4,1333101658
78888,489,1834,1,1332774866
78889,489,1835,3,1333234180
78890,489,1836,0,1332704762
78891,489,6504,2,1333831327
78892,489,4476,4,1333234462
78893,489,756,3,1334170491
78894,489,5170,0,1333659622
78895,489,3183,3,1333231573
78896,489,1198,1,1332774836
78897,489,1842,3,1332773434
78898,489,2701,3,1333233369
78899,489,4478,3,1333659760
78900,489,1843,3,1333297149
78901,489,4479,2,1333832863
78902,489,757,3,1333101600
78903,489,870,4,1332773802
78904,489,758,0,1334169957
78905,489,1845,2,1333022339
78906,489,759,4,1333101549
78907,489,848,0,1334171134
78908,489,762,3,1385824004
78909,489,5153,0,1333831610
78910,489,3329,2,1333234211
78911,489,763,4,1334170348
78912,489,1202,4,1333023407
78913,489,1203,2,1385824075
78914,489,2125,3,1333234145
78915,489,764,3,1334170302
78916,489,852,1,1333022805
78917,489,3187,4,1335695992
78918,489,4483,4,1333234031
78919,489,856,2,1385824088
78920,489,872,0,1333657061
78921,489,2231,4,1333022606
78922,489,765,4,1332772103
78923,489,4850,3,1333658145
78924,489,1045,4,1333232174
78925,489,766,3,1333101797
78926,489,767,4,1334170992
78927,489,4851,3,1333232125
78928,489,1206,3,1332773638
78929,489,874,1,1333233101
78930,489,1855,0,1333832142
78931,489,3191,2,1332774555
78932,489,285,4,1333830922
78933,489,2233,1,1333022761
78934,489,1207,2,1333232326
78935,489,3565,3,1333658969
78936,489,1128,3,1333233670
78937,489,769,1,1333101790
78938,489,4168,1,1333657400
78939,489,1209,1,1334171090
78940,489,876,4,1332772170
78941,489,1883,2,1333231919
78942,489,2235,2,1334170727
78943,489,771,2,1333101545
78944,489,3659,0,1333657343
78945,489,3662,3,1333297077
78946,489,5877,1,1333659071
78947,489,2962,0,1333659892
78948,489,235,5,1332772384
78949,489,5422,3,1333657922
78950,489,773,0,1332772942
78951,489,878,4,1334170881
78952,489,2966,1,1333232563
78953,489,2967,1,1333830782
78954,489,4240,3,1333657309
78955,489,3266,4,1333656549
78956,489,1129,3,1333234060
78957,489,7772,2,1333832704
78958,489,1218,0,1332773136
78959,489,775,4,1332772253
78960,489,881,0,1333656643
78961,489,776,1,1333830959
78962,489,883,4,1332774955
78963,489,1220,3,1333232957
78964,489,1130,4,1332772373
78965,489,4185,0,1333297223
78966,489,1222,3,1332774921
78967,489,1048,5,1332772313
78968,489,2517,3,1333233138
78969,489,780,4,1334170404
78970,489,781,0,1333656929
78971,489,7213,0,1333833345
78972,489,888,5,1342572756
78973,489,2972,3,1333233961
78974,489,1227,4,1333022772
78975,489,3207,4,1333023562
78976,489,3353,1,1333831160
78977,489,2266,4,1332773285
78978,489,792,1,1332773945
78979,489,793,0,1332774937
78980,489,795,3,1334170069
78981,489,890,2,1333297037
78982,489,798,3,1333022971
78983,489,2270,1,1333657259
78984,489,799,3,1332774644
78985,489,8560,3,1333832473
78986,489,4306,5,1355780723
78987,489,1237,2,1334170640
78988,489,802,3,1333658013
78989,489,1150,3,1333022550
78990,489,893,3,1333231879
78991,489,2126,1,1333231850
78992,489,807,3,1334169904
78993,489,1239,3,1332774420
78994,489,1240,4,1333232549
78995,489,810,3,1334170022
78996,489,811,1,1333658243
78997,489,3216,4,1333232429
78998,489,1892,2,1334171075
78999,489,4511,2,1333832934
79000,489,2127,3,1332773187
79001,489,1245,2,1333234243
79002,489,1246,4,1333022882
79003,489,6671,3,1333832555
79004,489,5928,4,1333831215
79005,489,2053,4,1332774463
79006,489,2975,1,1333833003
79007,489,5930,2,1333832915
79008,489,2299,3,1333232237
79009,489,8561,2,1333656323
79010,489,1894,3,1334170289
79011,489,898,4,1333231983
79012,489,2300,2,1332774053
79013,489,2302,3,1333659824
79014,489,6436,1,1333831896
79015,489,2305,0,1333831113
79016,489,1251,4,1332773035
79017,489,4859,4,1333023212
79018,489,3383,3,1333233921
79019,489,1897,3,1334587891
79020,489,3384,4,1333657441
79021,489,2977,0,1333659159
79022,489,5145,1,1333832006
79023,489,1256,4,1332705932
79024,489,237,3,1333804420
79025,489,1899,2,1333232803
79026,489,2055,4,1332774364
79027,489,1133,5,1332772742
79028,489,1051,4,1332773158
79029,489,2978,0,1333657193
79030,489,824,3,1334169939
79031,489,826,4,1333656314
79032,489,827,4,1333804497
79033,489,4186,3,1333658931
79034,489,2985,1,1333656410
79035,489,2326,4,1332773556
79036,489,1262,4,1333022943
79037,489,900,4,1332772608
79038,489,2979,2,1332774845
79039,489,2808,3,1333658738
79040,489,2332,3,1333657357
79041,489,1264,2,1332774088
79042,489,1268,3,1333830639
79043,489,2710,2,1333656766
79044,489,2519,3,1334171202
79045,489,3154,3,1334587966
79046,489,8562,3,1333804453
79047,489,2988,3,1333656941
79048,489,3806,2,1333232409
79049,489,3516,2,1333831348
79050,489,1054,2,1334170479
79051,489,904,3,1332772643
79052,489,2521,3,1333658712
79053,489,1278,4,1333232483
79054,489,3432,2,1333832339
79055,489,239,4,1334170125
79056,489,1055,4,1334170359
79057,489,1282,0,1332704830
79058,489,2522,2,1333657081
79059,489,1283,3,1334587850
79060,489,1056,4,1332772747
79061,489,1285,3,1333023023
79062,489,3082,2,1333234128
79063,489,909,0,1333658164
79064,489,1286,4,1332774113
79065,489,2131,4,1333022376
79066,489,1915,1,1333659372
79067,489,2064,4,1334587718
79068,489,5766,1,1333833038
79069,489,3445,3,1333658189
79070,489,1916,3,1332772799
79071,489,1151,4,1332774676
79072,489,2066,4,1333023171
79073,489,916,4,1332772589
79074,489,1060,4,1332705151
79075,489,1299,3,1333234384
79076,489,920,3,1333233947
79077,489,5270,3,1333659332
79078,489,8563,1,1333656875
79079,489,927,1,1332772267
79080,489,928,4,1335868920
79081,489,8564,3,1333832590
79082,489,1308,2,1334171126
79083,489,1313,4,1334170868
79084,489,8565,3,1333832275
79085,489,4540,0,1333833294
79086,489,3476,3,1333297110
79087,489,245,4,1332772468
79088,489,8566,3,1332774632
79089,489,8567,3,1333832568
79090,489,8568,2,1333831657
79091,489,8569,3,1333832517
79092,489,1933,5,1332772922
79093,489,1934,3,1334170959
79094,489,935,4,1333023537
79095,489,8506,3,1333831122
79096,489,8570,4,1333830894
79097,489,8571,4,1333656838
79098,489,1325,3,1335561198
79099,489,1328,4,1335695820
79100,489,8572,0,1333234291
79101,489,3524,3,1333232951
79102,489,1939,3,1334170063
79103,489,1941,3,1332773710
79104,489,6831,3,1333832508
79105,489,6555,5,1335696063
79106,489,1067,4,1341953639
79107,489,3096,5,1332705045
79108,489,5278,4,1333233125
79109,489,3507,3,1333022505
79110,489,8573,3,1334587858
79111,489,1334,3,1332774960
79112,489,251,4,1332706369
79113,489,8574,2,1334170762
79114,489,6949,0,1332773103
79115,489,2827,3,1332772681
79116,489,8575,3,1335696181
79117,489,951,4,1355780666
79118,489,1343,4,1355780780
79119,490,1,3,1328229305
79120,490,484,0,1324370305
79121,490,541,2,1324370360
79122,490,304,4,1324374039
79123,490,14,1,1328229372
79124,490,17,4,1334940348
79125,490,2508,4,1328145025
79126,490,2434,4,1334940331
79127,490,2435,4,1328145027
79128,490,21,3,1324371859
79129,490,23,2,1328229369
79130,490,35,4,1334940334
79131,490,481,2,1328229392
79132,490,63,4,1328146237
79133,490,72,4,1328145207
79134,490,726,3,1328145404
79135,490,2755,4,1334940434
79136,490,866,2,1328145445
79137,490,1487,2,1328145985
79138,490,1494,2,1324370387
79139,490,988,3,1328229354
79140,490,730,3,1324371884
79141,490,1777,1,1324370316
79142,490,128,3,1328145563
79143,490,3508,1,1328145544
79144,490,167,4,1324371086
79145,490,171,2,1324371324
79146,490,179,4,1328358466
79147,490,193,3,1328145295
79148,490,423,4,1328145199
79149,490,443,4,1334940336
79150,490,445,4,1334940351
79151,490,447,2,1324371956
79152,490,868,2,1324374215
79153,490,458,3,1328145467
79154,490,1126,4,1334940456
79155,490,754,3,1328145287
79156,490,1843,2,1328145502
79157,490,2046,2,1328146372
79158,490,3186,4,1334940367
79159,490,764,2,1324376639
79160,490,765,3,1328145283
79161,490,1147,4,1324372402
79162,490,768,2,1328145443
79163,490,769,2,1324371120
79164,490,1209,2,1328145487
79165,490,771,3,1328145462
79166,490,4979,4,1334940477
79167,490,773,2,1324371104
79168,490,878,2,1324371919
79169,490,775,3,1328145285
79170,490,4752,3,1328145474
79171,490,1130,4,1334940537
79172,490,3345,1,1328145599
79173,490,780,3,1328145387
79174,490,4292,4,1328145210
79175,490,2050,3,1324452639
79176,490,810,3,1324371191
79177,490,2127,3,1328145414
79178,490,1251,3,1324371162
79179,490,1253,4,1334940354
79180,490,1256,3,1324371036
79181,490,2055,3,1324371002
79182,490,1051,3,1328348376
79183,490,1052,3,1324371071
79184,490,8576,1,1328145553
79185,490,1264,2,1328145505
79186,490,1268,3,1328145357
79187,490,2519,2,1324376780
79188,490,1270,3,1327986307
79189,490,4522,2,1324373366
79190,490,904,3,1324373077
79191,490,239,4,1324371221
79192,490,1911,3,1328145399
79193,490,1285,1,1328145547
79194,490,7649,1,1328200087
79195,490,1287,2,1328145500
79196,490,1916,3,1328145244
79197,490,1058,3,1324372436
79198,490,3446,3,1328145253
79199,490,1151,4,1328145172
79200,490,914,3,1324373353
79201,490,916,3,1334940528
79202,490,1297,3,1324374205
79203,490,1060,4,1324370902
79204,490,918,3,1324376770
79205,490,927,3,1324378368
79206,490,243,3,1324371080
79207,490,3472,1,1328145596
79208,490,1312,3,1328145512
79209,490,8577,3,1328145350
79210,490,1134,4,1324371584
79211,490,8578,3,1324373360
79212,490,245,4,1324370959
79213,490,2730,3,1328304804
79214,490,1153,4,1324371040
79215,490,933,3,1328145401
79216,490,1933,4,1324372022
79217,490,1934,3,1324376706
79218,490,4342,4,1327985944
79219,490,248,4,1328200213
79220,490,4343,4,1328200188
79221,490,3485,3,1328145408
79222,490,1328,3,1324371200
79223,490,1939,3,1324376714
79224,490,942,3,1328145406
79225,490,3095,4,1328145178
79226,490,2529,4,1334940503
79227,490,5277,4,1328145195
79228,490,3096,3,1328145412
79229,490,6528,3,1334940525
79230,490,3507,3,1328145298
79231,490,251,3,1328145293
79232,491,519,2,1523814260
79233,491,598,4,1526673130
79234,491,21,4,1522605146
79235,491,23,4,1522964068
79236,491,828,5,1526673066
79237,491,481,4,1523207811
79238,491,85,4,1522605286
79239,491,1485,5,1522962980
79240,491,729,4,1522605223
79241,491,730,4,1522605232
79242,491,1534,4,1526673919
79243,491,732,4,1531249044
79244,491,181,4,1522605478
79245,491,1182,5,1526673139
79246,491,208,4,1526673239
79247,491,1797,4,1526673115
79248,491,743,4,1526673266
79249,491,1805,4,1531249169
79250,491,447,3,1526673150
79251,491,745,2,1522605168
79252,491,458,5,1522964129
79253,491,756,4,1526673068
79254,491,1842,3,1526673199
79255,491,764,5,1526672902
79256,491,1209,4,1524412163
79257,491,771,3,1526672916
79258,491,878,4,1526672910
79259,491,883,4,1526673135
79260,491,885,4,1522605552
79261,491,887,5,1526672907
79262,491,3074,4,1531431599
79263,491,1891,4,1526673283
79264,491,893,4,1524431167
79265,491,1892,4,1526673155
79266,491,1894,5,1522964141
79267,491,3385,4,1526672965
79268,491,826,4,1526673059
79269,491,1053,4,1522605385
79270,491,2519,5,1526672876
79271,491,1270,4,1526673165
79272,491,1057,4,1526673194
79273,491,914,5,1526672956
79274,491,2524,4,1526673124
79275,491,917,4,1526672988
79276,491,1060,4,1522605301
79277,491,918,5,1526672790
79278,491,1934,5,1526672847
79279,491,935,4,1522970496
79280,491,3485,3,1526673205
79281,491,1939,5,1526672858
79282,491,1940,4,1526673246
79283,491,943,5,1522963959
79284,491,3507,4,1522963016
79285,491,1336,3,1526673118
79286,491,2532,2,1523814246
79287,491,1967,4,1522605515
79288,491,957,4,1526672960
79289,491,253,4,1526673888
79290,491,1975,4,1526672993
79291,491,3935,4,1526673901
79292,491,971,4,1526762922
79293,491,5678,4,1526762786
79294,491,4643,2,1523206915
79295,491,8579,4,1523207493
79296,492,1,4,863975949
79297,492,2,4,863976005
79298,492,484,3,863976004
79299,492,3,3,863976004
79300,492,485,3,863976055
79301,492,5018,5,863976201
79302,492,1400,3,863976249
79303,492,3679,3,863976101
79304,492,293,3,863975946
79305,492,462,4,863976004
79306,492,295,3,863976101
79307,492,504,4,863976447
79308,492,505,4,863975954
79309,492,5833,3,863976526
79310,492,1402,3,863976525
79311,492,506,5,863976248
79312,492,507,3,863976249
79313,492,2421,4,863976249
79314,492,5019,3,863976878
79315,492,508,5,863976409
79316,492,509,4,863976101
79317,492,512,5,863976409
79318,492,516,3,863975954
79319,492,517,3,863976249
79320,492,8580,3,863976674
79321,492,519,4,863976055
79322,492,521,5,863976055
79323,492,523,4,863976101
79324,492,524,3,863976201
79325,492,525,3,863975953
79326,492,16,4,863976004
79327,492,973,3,863976055
79328,492,8581,5,863976567
79329,492,653,4,863976005
79330,492,673,3,863976287
79331,492,6183,3,863976722
79332,492,675,3,863976101
79333,492,5020,3,863976820
79334,492,677,4,863976101
79335,492,261,5,863976287
79336,492,38,4,863975952
79337,492,1159,4,863976055
79338,492,4700,4,863976722
79339,492,39,3,863976201
79340,492,679,4,863976526
79341,492,680,3,863976447
79342,492,40,5,863976287
79343,492,5700,4,863976940
79344,492,681,3,863976485
79345,492,684,4,863976567
79346,492,326,3,863976055
79347,492,686,3,863976640
79348,492,687,3,863976287
79349,492,688,3,863976201
79350,492,1426,3,863976249
79351,492,5287,3,863977546
79352,492,41,5,863976004
79353,492,42,4,863975947
79354,492,2660,5,863976201
79355,492,1428,4,863976201
79356,492,2996,4,863976409
79357,492,1429,4,863976287
79358,492,690,5,863976055
79359,492,691,5,863976409
79360,492,1160,2,863976201
79361,492,43,5,863975945
79362,492,2556,5,863976674
79363,492,693,3,863976201
79364,492,1026,3,863976055
79365,492,1430,5,863976287
79366,492,2427,5,863976005
79367,492,1431,5,863976055
79368,492,695,4,863976485
79369,492,696,3,863976820
79370,492,697,4,863976101
79371,492,2444,5,863976101
79372,492,5701,4,863976781
79373,492,1433,3,863976485
79374,492,698,3,863976525
79375,492,1434,4,863976674
79376,492,699,3,863976409
79377,492,1435,5,863976201
79378,492,2661,4,863976674
79379,492,2662,4,863976567
79380,492,701,3,863976525
79381,492,703,4,863976410
79382,492,5022,3,863976878
79383,492,704,5,863976567
79384,492,264,4,863976447
79385,492,706,3,863976201
79386,492,1028,3,863976249
79387,492,1437,5,863976820
79388,492,708,4,863976447
79389,492,709,3,863976820
79390,492,6184,5,863976846
79391,492,711,5,863976485
79392,492,5107,4,863977525
79393,492,716,3,863976753
79394,492,718,3,863976781
79395,492,719,4,863976722
79396,492,58,5,863976526
79397,492,4666,3,863976940
79398,492,1449,5,863976485
79399,492,59,5,863976673
79400,492,720,4,863976447
79401,492,61,3,863976004
79402,492,2657,4,863976567
79403,492,74,4,863976101
79404,492,1166,4,863976100
79405,492,2419,4,863976722
79406,492,1468,3,863976287
79407,492,2420,4,863976249
79408,492,995,5,863976409
79409,492,1476,5,863976722
79410,492,2429,4,863976781
79411,492,2559,4,863976781
79412,492,980,5,863976781
79413,492,1483,4,863976962
79414,492,2453,5,863976820
79415,492,1485,5,863976781
79416,492,1487,5,863977055
79417,493,3,4,1001562846
79418,493,8,5,1001562412
79419,493,11,4,1001562930
79420,493,16,5,1001562629
79421,493,602,1,1001562535
79422,493,20,3,1001562930
79423,493,26,4,1001562679
79424,493,652,4,1001562900
79425,493,479,4,1001562662
79426,493,34,4,1001562900
79427,493,41,4,1001562812
79428,493,1028,5,1001562629
79429,493,8582,5,1001562382
79430,493,8583,3,1001562535
79431,493,3499,1,1001562535
79432,493,69,5,1001562382
79433,493,70,4,1001562338
79434,493,71,4,1001562629
79435,493,1029,4,1001562708
79436,493,76,2,1001562662
79437,493,1452,3,1001562740
79438,493,2077,4,1001562708
79439,493,1137,5,1001562471
79440,493,79,4,1001562740
79441,493,82,4,1001562662
79442,493,87,5,1001562812
79443,493,90,3,1001562761
79444,493,1031,3,1001562930
79445,493,101,4,1001562873
79446,493,988,3,1001562535
79447,493,4220,2,1001562357
79448,493,991,4,1001562491
79449,493,116,5,1001562708
79450,493,118,4,1001562740
79451,493,383,4,1001562662
79452,493,122,4,1001562535
79453,493,1575,4,1001562412
79454,493,150,3,1001562846
79455,493,151,2,1001562846
79456,493,167,5,1001562662
79457,493,173,4,1001562900
79458,493,186,3,1001562784
79459,493,188,3,1001562812
79460,493,4890,4,1001562785
79461,493,191,3,1001562930
79462,493,194,4,1001562873
79463,493,4083,4,1001562930
79464,493,219,4,1001562873
79465,493,220,3,1001562785
79466,493,224,2,1001562846
79467,493,1016,2,1001562900
79468,493,1759,2,1001562846
79469,493,229,3,1001562740
79470,493,1019,1,1001562434
79471,493,1798,4,1001562740
79472,493,432,5,1001562662
79473,493,1876,4,1001562740
79474,493,4095,5,1001562846
79475,493,7282,5,1001562629
79476,493,7128,5,1001562629
79477,493,1880,5,1001562930
79478,494,8,5,1001666439
79479,494,16,5,1001666564
79480,494,18,3,1001666423
79481,494,471,1,1000384113
79482,494,23,2,1000384043
79483,494,27,3,1000384075
79484,494,479,5,1001666641
79485,494,1028,5,1001666564
79486,494,1135,5,1001666641
79487,494,69,5,1001666564
79488,494,71,5,1000384043
79489,494,1029,5,1001666589
79490,494,1103,4,1001666423
79491,494,2396,3,1000384075
79492,494,74,4,1001666475
79493,494,76,5,1001666589
79494,494,1137,5,1001666564
79495,494,90,5,1001666641
79496,494,122,5,1001666475
79497,494,167,5,1001666589
79498,494,220,5,1001666641
79499,494,6005,3,1001666564
79500,495,493,4,1458636447
79501,495,5,4,1458634563
79502,495,519,4,1458635979
79503,495,526,4,1458636175
79504,495,464,4,1458635325
79505,495,528,3,1458636427
79506,495,530,3,1458636521
79507,495,1405,0,1458636484
79508,495,550,3,1458636389
79509,495,12,4,1458636085
79510,495,13,4,1458635676
79511,495,14,4,1458636352
79512,495,598,4,1458636288
79513,495,233,5,1458634558
79514,495,19,3,1458636020
79515,495,471,4,1458636315
79516,495,21,4,1458634556
79517,495,29,4,1458634561
79518,495,1420,3,1458635579
79519,495,323,4,1458635600
79520,495,42,3,1458636131
79521,495,43,4,1458635950
79522,495,1026,4,1458636443
79523,495,1028,4,1458634582
79524,495,1162,5,1458636903
79525,495,3499,5,1458636678
79526,495,1102,5,1458635276
79527,495,73,4,1458635536
79528,495,726,5,1458635291
79529,495,865,5,1458635552
79530,495,356,4,1458635281
79531,495,268,4,1458635647
79532,495,85,4,1458635312
79533,495,93,4,1458636324
79534,495,995,0,1458636491
79535,495,980,3,1458636501
79536,495,1485,4,1458636139
79537,495,1487,2,1458636525
79538,495,99,5,1458636010
79539,495,100,3,1458636242
79540,495,102,3,1458635792
79541,495,984,4,1458636094
79542,495,104,4,1458635365
79543,495,1501,5,1458635970
79544,495,108,3,1458636253
79545,495,729,4,1458635303
79546,495,234,5,1458634574
79547,495,988,5,1458635859
79548,495,109,5,1458635703
79549,495,110,4,1458635963
79550,495,731,5,1458636320
79551,495,122,4,1458635260
79552,495,126,3,1458636440
79553,495,146,4,1458635947
79554,495,1599,3,1458636405
79555,495,154,3,1458635940
79556,495,1173,4,1458636262
79557,495,1174,4,1458636441
79558,495,1175,4,1458636411
79559,495,2682,4,1458636249
79560,495,167,5,1458634573
79561,495,400,5,1458636225
79562,495,180,4,1458635847
79563,495,1179,4,1458636055
79564,495,402,4,1458635237
79565,495,1180,4,1458635301
79566,495,193,5,1458634866
79567,495,198,3,1458635569
79568,495,1183,2,1458635864
79569,495,1786,0,1458636467
79570,495,1012,0,1458636749
79571,495,1041,4,1458636588
79572,495,220,5,1458635284
79573,495,1015,4,1458636290
79574,495,1795,3,1458636086
79575,495,1764,2,1458636458
79576,495,1765,3,1458636502
79577,495,430,5,1458636039
79578,495,1797,4,1458635890
79579,495,278,4,1458635499
79580,495,741,2,1458636409
79581,495,4493,3,1458637040
79582,495,3310,1,1458636838
79583,495,1043,4,1458635524
79584,495,1805,3,1458636297
79585,495,440,2,1458635517
79586,495,446,4,1458635755
79587,495,1191,4,1458635629
79588,495,1817,5,1458636374
79589,495,747,1,1458636036
79590,495,1878,4,1458636302
79591,495,748,4,1458636416
79592,495,1880,3,1458636171
79593,495,1194,4,1458637134
79594,495,1824,3,1458636356
79595,495,1825,5,1458635704
79596,495,1195,5,1458636150
79597,495,2513,2,1458636396
79598,495,2695,3,1458636285
79599,495,753,5,1458635476
79600,495,1832,5,1458635809
79601,495,754,0,1458635247
79602,495,755,5,1458635276
79603,495,1838,5,1458637099
79604,495,1840,3,1458636268
79605,495,3327,2,1458636238
79606,495,2477,4,1458636422
79607,495,1851,3,1458637009
79608,495,2772,5,1458636689
79609,495,765,0,1458635266
79610,495,857,4,1458635887
79611,495,873,4,1458637139
79612,495,766,5,1458635384
79613,495,1854,2,1458636454
79614,495,769,3,1458636069
79615,495,1209,4,1458636141
79616,495,3332,3,1458636473
79617,495,771,2,1458635449
79618,495,3661,2,1458636380
79619,495,1148,4,1458635382
79620,495,235,5,1458635604
79621,495,3195,5,1458635919
79622,495,878,4,1458636571
79623,495,2245,5,1458636962
79624,495,2969,4,1458636189
79625,495,1047,5,1458635602
79626,495,1220,0,1458636902
79627,495,3200,4,1458636203
79628,495,1130,4,1458635343
79629,495,1048,5,1458635650
79630,495,777,4,1458635533
79631,495,886,4,1458636037
79632,495,1226,2,1458636245
79633,495,782,4,1458636056
79634,495,888,5,1458636586
79635,495,1227,5,1458635891
79636,495,1049,2,1458635871
79637,495,786,5,1458635967
79638,495,1229,5,1458636023
79639,495,799,4,1458636109
79640,495,1132,5,1458635306
79641,495,3150,4,1458635960
79642,495,2051,4,1458636645
79643,495,893,2,1458635992
79644,495,2286,3,1458635388
79645,495,895,3,1458636163
79646,495,1241,3,1458636392
79647,495,2127,5,1458635763
79648,495,3600,0,1458636797
79649,495,2297,4,1458636994
79650,495,2976,2,1458637111
79651,495,1252,4,1458635456
79652,495,1898,4,1458636292
79653,495,3385,5,1458636584
79654,495,1255,1,1458635892
79655,495,3152,4,1458636151
79656,495,1256,4,1458635407
79657,495,2311,2,1458636685
79658,495,237,3,1458636913
79659,495,1901,4,1458636803
79660,495,1050,4,1458636758
79661,495,238,5,1458635279
79662,495,2320,4,1458635435
79663,495,1053,4,1458635438
79664,495,1262,2,1458635830
79665,495,4728,4,1458636998
79666,495,1905,4,1458635802
79667,495,1907,4,1458635896
79668,495,2058,5,1458635508
79669,495,1275,4,1458635588
79670,495,2059,2,1458635514
79671,495,1054,3,1458635787
79672,495,1909,1,1458636144
79673,495,239,5,1458634583
79674,495,2351,4,1458636671
79675,495,1911,5,1458635709
79676,495,1912,4,1458635490
79677,495,2131,4,1458636048
79678,495,1916,5,1458635293
79679,495,1288,3,1458635786
79680,495,913,4,1458636626
79681,495,1058,4,1458635310
79682,495,2066,3,1458636667
79683,495,1293,5,1458636607
79684,495,241,4,1458635341
79685,495,1297,5,1458635578
79686,495,2991,4,1458636595
79687,495,1920,1,1458636399
79688,495,1061,5,1458635551
79689,495,922,4,1458636637
79690,495,1922,4,1458635300
79691,495,927,5,1458635171
79692,495,8584,5,1458637131
79693,495,243,4,1458635362
79694,495,4541,4,1458636991
79695,495,5273,2,1458637061
79696,495,245,5,1458634589
79697,495,1315,2,1458636117
79698,495,1318,4,1458636565
79699,495,1153,5,1458635472
79700,495,246,5,1458635668
79701,495,247,4,1458636775
79702,495,2816,4,1458635529
79703,495,3485,5,1458636703
79704,495,3093,0,1458636328
79705,495,2410,4,1458636658
79706,495,2528,4,1458636105
79707,495,1939,5,1458634608
79708,495,1330,4,1458635482
79709,495,3095,5,1458635252
79710,495,1067,4,1458635395
79711,495,249,5,1458636698
79712,495,1068,4,1458635727
79713,495,251,5,1458635453
79714,495,3163,5,1458636839
79715,495,3491,4,1458636561
79716,495,1070,5,1458635777
79717,495,2830,5,1458635412
79718,495,2532,5,1458636554
79719,495,2734,5,1458636856
79720,495,953,5,1458636559
79721,495,5282,5,1458636863
79722,495,2411,5,1458636713
79723,495,4561,4,1458636988
79724,495,252,5,1458635162
79725,495,2735,5,1458637108
79726,495,3100,2,1458636801
79727,495,2133,3,1458636663
79728,495,3880,3,1458636983
79729,495,1967,4,1458636783
79730,495,2736,5,1458635402
79731,495,959,0,1458635672
79732,495,960,5,1458635883
79733,495,253,5,1458635479
79734,495,1974,4,1458636639
79735,495,3106,4,1458636633
79736,495,6115,3,1458636814
79737,495,1076,5,1458635333
79738,495,1358,5,1458636552
79739,495,2538,4,1458636590
79740,495,1077,5,1458636540
79741,495,1078,5,1458635410
79742,495,1079,4,1458636615
79743,495,2539,5,1458636552
79744,495,1363,4,1458635958
79745,495,2001,3,1458634708
79746,495,2739,4,1458636954
79747,495,258,4,1458634764
79748,495,1081,4,1458634629
79749,495,1082,5,1458634621
79750,495,4388,5,1458636675
79751,495,4692,4,1458634669
79752,495,6568,1,1458634739
79753,495,1085,5,1458634616
79754,495,2014,4,1458634677
79755,495,4723,4,1458634688
79756,495,1373,5,1458634761
79757,495,2023,4,1458634702
79758,495,2855,4,1458634649
79759,495,2743,5,1458634683
79760,495,8585,3,1458634732
79761,495,2744,5,1458637035
79762,495,1376,5,1458634614
79763,495,2746,5,1458634661
79764,495,1379,5,1458634623
79765,496,263,1,1415165412
79766,496,1028,5,1415166629
79767,496,333,5,1415166605
79768,496,336,4,1415166610
79769,496,1137,4,1415166620
79770,496,1608,3,1415165480
79771,496,3299,1,1415165587
79772,496,1004,3,1415165655
79773,496,7271,2,1415166210
79774,496,745,3,1415520455
79775,496,754,4,1415520448
79776,496,765,4,1415520446
79777,496,880,3,1415165842
79778,496,775,4,1415520444
79779,496,2970,4,1415166184
79780,496,4892,2,1415165826
79781,496,788,2,1415165701
79782,496,5249,4,1415166154
79783,496,239,4,1415520420
79784,496,939,3,1415166319
79785,496,3491,3,1415165847
79786,496,947,3,1415166087
79787,496,3099,4,1415166336
79788,496,1073,3,1415166638
79789,496,1976,4,1415166048
79790,496,962,4,1415520463
79791,496,1357,3,1415520469
79792,496,1078,3,1415520462
79793,496,7232,2,1415521047
79794,497,482,2,1429127190
79795,497,493,4,1429127195
79796,497,5,3,1429127291
79797,497,1094,5,1432417922
79798,497,16,2,1429127353
79799,497,233,3,1429127139
79800,497,474,2,1429127204
79801,497,1420,4,1429127198
79802,497,35,4,1429127162
79803,497,37,4,1432417926
79804,497,723,4,1429127806
79805,497,1431,2,1429195310
79806,497,1028,4,1429127498
79807,497,333,3,1429127323
79808,497,334,3,1429127355
79809,497,1102,5,1429127304
79810,497,71,4,1429127325
79811,497,72,4,1430332452
79812,497,865,5,1430332460
79813,497,84,4,1430332444
79814,497,234,3,1429127156
79815,497,378,4,1430332450
79816,497,122,3,1429127151
79817,497,392,4,1429127147
79818,497,148,5,1429127358
79819,497,167,2,1429127153
79820,497,401,3,1429191461
79821,497,402,5,1429127159
79822,497,185,4,1429127731
79823,497,193,4,1429127728
79824,497,1126,3,1429127332
79825,497,754,2,1429127309
79826,497,757,3,1429191394
79827,497,765,2,1429127337
79828,497,771,2,1429191384
79829,497,775,2,1429127312
79830,497,1130,5,1429177780
79831,497,1133,2,1429128018
79832,497,239,4,1429127320
79833,497,916,5,1429127888
79834,497,245,2,1429127364
79835,497,2527,5,1429127341
79836,497,945,2,1429127459
79837,497,2531,5,1429127719
79838,497,254,5,1429127210
79839,497,1357,2,1429191471
79840,497,1358,5,1429177789
79841,497,2538,4,1429127226
79842,497,255,5,1429127208
79843,497,1077,3,1429127214
79844,497,8586,3,1429127171
79845,498,485,4,839197378
79846,498,487,3,839197307
79847,498,461,3,839197341
79848,498,4,3,839197341
79849,498,505,5,839197444
79850,498,519,5,839197433
79851,498,8,5,839197320
79852,498,464,5,839197204
79853,498,465,3,839196963
79854,498,531,5,839197289
79855,498,540,3,839197307
79856,498,550,3,839197307
79857,498,12,5,839197392
79858,498,14,5,839197230
79859,498,588,3,839197282
79860,498,17,4,839197204
79861,498,470,4,839197341
79862,498,18,2,839197282
79863,498,233,5,839197252
79864,498,19,5,839197364
79865,498,605,5,839197307
79866,498,471,2,839197282
79867,498,20,5,839197218
79868,498,21,5,839197320
79869,498,472,5,839197341
79870,498,473,3,839197205
79871,498,634,3,839197042
79872,498,639,5,839197341
79873,498,26,5,839197246
79874,498,27,4,839197320
79875,498,2501,4,839197433
79876,498,323,5,839197218
79877,498,33,3,839197204
79878,498,34,3,839197204
79879,498,38,5,839197392
79880,499,599,0,1289959850
79881,499,1103,4,1289960416
79882,499,3137,5,1289960382
79883,499,78,5,1289960540
79884,499,354,5,1289960403
79885,499,361,4,1289960465
79886,499,1170,3,1289959992
79887,499,117,4,1289960515
79888,499,1779,3,1289959931
79889,499,2908,3,1289960007
79890,499,4182,4,1289960105
79891,499,3229,4,1289959975
79892,499,175,2,1289960027
79893,499,424,4,1289960449
79894,499,1145,5,1289960434
79895,499,4085,5,1289960550
79896,499,3177,5,1289959883
79897,499,6208,1,1289960113
79898,499,1192,4,1289960484
79899,499,5354,5,1289959987
79900,499,7305,3,1289960135
79901,499,4858,3,1289960278
79902,499,5860,4,1289960260
79903,499,5249,4,1289960223
79904,499,1133,3,1289960518
79905,499,2057,3,1289960059
79906,499,8587,4,1289960497
79907,500,1,4,1005527755
79908,500,488,1,1005528017
79909,500,463,1,1005527926
79910,500,7,1,1005527980
79911,500,519,4,1005528065
79912,500,302,5,1005527755
79913,500,538,4,1005527980
79914,500,12,4,1005527406
79915,500,14,1,1005528039
79916,500,16,4,1005527309
79917,500,2436,4,1005527755
79918,500,310,2,1005527926
79919,500,21,4,1005527755
79920,500,472,3,1005528236
79921,500,2552,3,1005527406
79922,500,637,4,1005527824
79923,500,8588,1,1005528017
79924,500,2426,1,1005528017
79925,500,27,4,1005527406
79926,500,322,1,1005527980
79927,500,30,4,1005527784
79928,500,323,4,1005528301
79929,500,480,3,1005528236
79930,500,324,4,1005528236
79931,500,481,1,1005527980
79932,500,326,4,1005527926
79933,500,263,4,1005528205
79934,500,1097,1,1005528205
79935,500,702,3,1005527926
79936,500,54,3,1005528355
79937,500,1100,4,1005528205
79938,500,2075,5,1005528017
79939,500,350,1,1005528065
79940,500,1452,4,1005528017
79941,500,85,3,1005527801
79942,500,2084,4,1005528205
79943,500,89,5,1005528236
79944,500,2453,4,1005528039
79945,500,102,4,1005528065
79946,500,366,4,1005528017
79947,500,369,3,1005527980
79948,500,1515,5,1005528065
79949,500,110,3,1005528017
79950,500,730,5,1005527784
79951,500,8589,1,1005527926
79952,500,5715,4,1005527980
79953,500,373,3,1005527926
79954,500,8590,2,1005528017
79955,500,377,1,1005527980
79956,500,379,3,1005527755
79957,500,382,4,1005527364
79958,500,6190,1,1005527364
79959,500,121,3,1005528301
79960,500,128,3,1005528355
79961,500,1035,3,1005528355
79962,500,3025,2,1005528355
79963,500,1564,4,1005527801
79964,500,3027,3,1005527309
79965,500,1593,3,1005528301
79966,500,1601,5,1005528301
79967,500,1627,4,1005528039
79968,500,166,5,1005527824
79969,500,1001,3,1005527406
79970,500,399,4,1005527784
79971,500,732,1,1005528078
79972,500,400,3,1005528065
79973,500,180,5,1005528236
79974,500,1179,4,1005527980
79975,500,185,5,1005527724
79976,500,188,3,1005527364
79977,500,195,4,1005528301
79978,500,198,5,1005527755
79979,500,412,3,1005527784
79980,500,414,1,1005528017
79981,500,736,5,1005527784
79982,500,416,4,1005527980
79983,500,209,2,1005528017
79984,500,1701,4,1005527659
79985,500,1705,5,1005527364
79986,500,1721,1,1005527926
79987,500,1734,4,1005527644
79988,500,6018,4,1005527614
79989,500,1187,4,1005527614
79990,500,1810,4,1005527682
79991,500,745,5,1005528355
79992,500,4184,1,1005528205
79993,501,482,3,844973419
79994,501,2,5,844973817
79995,501,484,3,844973535
79996,501,3,3,844973487
79997,501,485,4,844973817
79998,501,486,3,844974090
79999,501,487,4,844973340
80000,501,488,3,844973340
80001,501,490,1,844973980
80002,501,491,3,844973535
80003,501,492,3,844973419
80004,501,2658,5,844974006
80005,501,3605,1,844974037
80006,501,292,3,844973340
80007,501,496,2,844973487
80008,501,498,3,844973931
80009,501,293,3,844973340
80010,501,462,3,844973487
80011,501,294,3,844973535
80012,501,5,3,844973340
80013,501,504,3,844973980
80014,501,505,3,844973487
80015,501,4699,2,844974214
80016,501,510,3,844974037
80017,501,515,3,844974090
80018,501,516,4,844973419
80019,501,8580,3,844974425
80020,501,521,3,844973559
80021,501,523,2,844973980
80022,501,525,5,844973419
80023,501,653,3,844973559
80024,501,1422,4,844973559
80025,501,674,3,844973559
80026,501,675,3,844974173
80027,501,677,3,844974006
80028,501,261,4,844974214
80029,501,39,1,844974390
80030,501,679,3,844974390
80031,501,3004,4,844974237
80032,501,685,3,844974214
80033,501,42,5,844973419
80034,501,690,4,844974006
80035,501,43,5,844973487
80036,501,2444,4,844973931
80037,501,264,3,844974390
80038,502,294,3,1111757345
80039,502,233,5,1111757439
80040,502,660,5,1111758060
80041,502,36,4,1111757243
80042,502,1438,3,1111757298
80043,502,2395,1,1111757227
80044,502,2446,3,1111758076
80045,502,342,4,1111757642
80046,502,1100,4,1111757311
80047,502,72,5,1111757634
80048,502,76,4,1111757653
80049,502,355,5,1111757276
80050,502,2751,4,1111757270
80051,502,106,0,1111757282
80052,502,834,2,1111757355
80053,502,110,0,1111757349
80054,502,1034,2,1111757234
80055,502,1035,3,1111757288
80056,502,838,5,1111757731
80057,502,7733,1,1111757867
80058,502,173,5,1111757693
80059,502,178,3,1111757249
80060,502,1648,5,1111757778
80061,502,201,4,1111757328
80062,502,1686,3,1111757332
80063,502,204,5,1111757817
80064,502,5550,5,1111757484
80065,502,1722,5,1111757648
80066,502,738,0,1111757292
80067,502,223,5,1111757748
80068,502,741,0,1111757321
80069,502,440,4,1111757256
80070,502,6416,0,1111757712
80071,502,6236,4,1111757666
80072,502,887,1,1111757874
80073,503,2165,5,1335214520
80074,503,2070,4,1335214491
80075,503,17,5,1335219269
80076,503,233,4,1335219008
80077,503,599,4,1335214404
80078,503,21,4,1335219276
80079,503,472,3,1335219351
80080,503,25,3,1335214376
80081,503,27,3,1335219291
80082,503,2169,4,1335214442
80083,503,28,3,1335219433
80084,503,29,4,1335219018
80085,503,35,3,1335219285
80086,503,37,4,1335219379
80087,503,1028,4,1335219012
80088,503,724,4,1335219595
80089,503,1135,4,1335219567
80090,503,63,4,1335219547
80091,503,1102,4,1335219029
80092,503,352,4,1335219050
80093,503,72,4,1335219585
80094,503,1104,4,1335219072
80095,503,75,5,1335219083
80096,503,76,2,1335219463
80097,503,1137,4,1335219023
80098,503,356,5,1335219230
80099,503,1463,1,1335214611
80100,503,5298,5,1335219132
80101,503,988,2,1335219591
80102,503,382,2,1335219526
80103,503,2905,4,1335219193
80104,503,5304,4,1335214806
80105,503,122,3,1335219392
80106,503,384,4,1335219187
80107,503,4146,3,1335214603
80108,503,1584,3,1335219177
80109,503,6146,4,1335214812
80110,503,153,3,1335214687
80111,503,1625,3,1335214599
80112,503,167,4,1335219074
80113,503,402,3,1335219348
80114,503,185,4,1335219095
80115,503,839,4,1335219718
80116,503,1180,3,1335219515
80117,503,193,3,1335219059
80118,503,1683,3,1335214342
80119,503,5772,3,1335214570
80120,503,736,4,1335219439
80121,503,204,4,1335219604
80122,503,1718,3,1335219171
80123,503,3064,4,1335214748
80124,503,7082,3,1335214707
80125,503,429,3,1335219550
80126,503,445,4,1335219077
80127,503,1811,0,1335214559
80128,503,5138,3,1335219642
80129,503,3244,4,1335219235
80130,503,454,4,1335219205
80131,503,1125,2,1335219513
80132,503,1199,1,1335219405
80133,503,6153,4,1335219232
80134,503,876,3,1335219478
80135,503,8310,3,1335219900
80136,503,2047,3,1335219557
80137,503,1130,2,1335219384
80138,503,8591,3,1335219803
80139,503,3202,2,1335219625
80140,503,3274,3,1335219831
80141,503,5434,5,1335219174
80142,503,3725,4,1335219752
80143,503,3149,4,1335219771
80144,503,8592,3,1335219586
80145,503,8593,2,1335219709
80146,503,1133,4,1335219670
80147,503,238,4,1335219479
80148,503,903,0,1335219507
80149,503,904,1,1335219460
80150,503,241,4,1335219485
80151,503,245,3,1335219054
80152,503,8594,3,1335219684
80153,503,5028,3,1335219694
80154,503,8572,3,1335232865
80155,503,3097,3,1335220117
80156,503,1068,2,1335219928
80157,503,4212,2,1335220010
80158,503,6080,2,1335220013
80159,503,3525,1,1335219952
80160,503,4552,0,1335220004
80161,503,3526,2,1335220017
80162,503,3633,3,1335219977
80163,503,4554,1,1335232843
80164,503,2530,4,1335219923
80165,503,7848,1,1335219491
80166,503,4255,0,1335232826
80167,503,8575,3,1335219376
80168,504,1,4,1063644695
80169,504,494,3,1063644469
80170,504,541,3,1063644456
80171,504,17,4,1064451554
80172,504,310,3,1063644453
80173,504,311,4,1063644503
80174,504,622,4,1064450770
80175,504,326,4,1064450530
80176,504,706,4,1063644431
80177,504,360,4,1064451641
80178,504,2757,2,1064451607
80179,504,270,3,1063644532
80180,504,866,4,1063644704
80181,504,1491,2,1064450756
80182,504,729,4,1063644434
80183,504,3058,4,1064450404
80184,504,382,4,1063644730
80185,504,1034,3,1063644548
80186,504,998,3,1063644493
80187,504,142,3,1063644399
80188,504,3027,4,1063644555
80189,504,1597,4,1063644558
80190,504,150,4,1063644539
80191,504,732,4,1064450495
80192,504,183,3,1063644403
80193,504,6148,4,1064451621
80194,504,1142,4,1063644727
80195,504,1686,4,1063644529
80196,504,4866,4,1064450606
80197,504,422,3,1063644473
80198,504,423,4,1072065927
80199,504,2122,4,1072066341
80200,504,2207,4,1072066375
80201,504,429,4,1072065900
80202,504,430,4,1072065932
80203,504,434,3,1072065941
80204,504,1043,4,1063644523
80205,504,1805,3,1072066106
80206,504,437,4,1072065938
80207,504,439,4,1072066309
80208,504,440,4,1072066241
80209,504,447,4,1064450484
80210,504,745,4,1063644632
80211,504,2634,4,1063644678
80212,504,868,3,1072066064
80213,504,3320,3,1072066207
80214,504,749,3,1072066151
80215,504,1825,3,1072066379
80216,504,3323,2,1064451505
80217,504,1832,4,1072065987
80218,504,754,4,1064450665
80219,504,755,4,1072066270
80220,504,1834,4,1072065982
80221,504,232,4,1063644450
80222,504,1842,3,1072065948
80223,504,870,4,1063644675
80224,504,759,3,1077909293
80225,504,2955,3,1072066056
80226,504,1202,3,1077909233
80227,504,2046,2,1072065994
80228,504,3559,4,1072066301
80229,504,856,4,1072065929
80230,504,2231,3,1072065965
80231,504,765,4,1064450662
80232,504,2232,4,1072066285
80233,504,873,2,1064450873
80234,504,766,4,1072066257
80235,504,767,3,1063644719
80236,504,4851,2,1064450804
80237,504,876,4,1072066484
80238,504,2236,4,1063644763
80239,504,2237,4,1063644757
80240,504,8595,3,1063644773
80241,504,4123,3,1064450344
80242,504,2514,4,1063644671
80243,504,2047,4,1072065912
80244,504,1148,5,1072066261
80245,504,3337,4,1072066558
80246,504,8596,4,1072066575
80247,504,5423,4,1072066245
80248,504,878,4,1072065890
80249,504,4981,4,1072066296
80250,504,2244,4,1077909256
80251,504,3197,4,1077909188
80252,504,879,4,1072065906
80253,504,880,4,1077909193
80254,504,775,4,1077909201
80255,505,4,5,1298780253
80256,505,578,3,1298779467
80257,505,599,2,1298779495
80258,505,25,2,1298779472
80259,505,35,5,1298780205
80260,505,3169,5,1298779478
80261,505,1774,4,1298779438
80262,505,54,5,1298779440
80263,505,2667,4,1298779584
80264,505,1452,4,1298780075
80265,505,4056,5,1298780093
80266,505,1109,5,1298780078
80267,505,5112,3,1298779668
80268,505,1779,5,1298779605
80269,505,1780,4,1298779506
80270,505,193,5,1298780215
80271,505,1142,3,1298779447
80272,505,3064,4,1298779627
80273,505,1723,4,1298780245
80274,505,3140,4,1298780084
80275,505,445,5,1298780228
80276,505,1046,5,1298780098
80277,505,4127,5,1298779814
80278,505,3200,5,1298780102
80279,505,3144,5,1298780068
80280,505,2266,5,1298780096
80281,505,1052,3,1298780266
80282,505,2988,3,1298779787
80283,505,920,2,1298779835
80284,505,242,4,1298780088
80285,505,6303,3,1298779966
80286,506,498,3,1424487740
80287,506,463,5,1424487595
80288,506,1010,5,1424487623
80289,506,2517,3,1424487747
80290,506,814,4,1424486970
80291,506,1249,4,1424486893
80292,506,896,4,1424486963
80293,506,898,3,1424486966
80294,506,3374,3,1424487012
80295,506,1897,0,1424486934
80296,506,3385,3,1424486962
80297,506,2805,3,1424487103
80298,506,2312,4,1424487000
80299,506,823,3,1424487041
80300,506,826,1,1424487024
80301,506,902,3,1424487285
80302,506,1905,3,1424486889
80303,506,3407,3,1424487081
80304,506,3153,4,1424486974
80305,506,1264,0,1424486935
80306,506,2725,3,1424487016
80307,506,3154,3,1424486947
80308,506,1270,2,1424486937
80309,506,3415,3,1424486995
80310,506,904,4,1424487733
80311,506,2061,4,1424486885
80312,506,905,3,1424487005
80313,506,3595,3,1424487238
80314,506,1911,5,1424486961
80315,506,3437,3,1424487280
80316,506,2130,3,1424486988
80317,506,2523,5,1424486978
80318,506,2064,3,1424486952
80319,506,6518,1,1424487505
80320,506,3443,4,1424487485
80321,506,1290,1,1424486943
80322,506,8597,4,1424487522
80323,506,933,4,1424487597
80324,506,254,5,1424486898
80325,506,255,3,1424486897
80326,506,1077,3,1424486905
80327,506,1078,3,1424486911
80328,507,461,5,838964683
80329,507,463,3,838964728
80330,507,4,3,838964683
80331,507,8,3,838964648
80332,507,464,3,838964550
80333,507,465,3,838964572
80334,507,532,3,838964572
80335,507,466,3,838964628
80336,507,468,3,838964765
80337,507,18,3,838964592
80338,507,605,4,838964628
80339,507,20,3,838964572
80340,507,21,4,838964648
80341,507,622,5,838964728
80342,507,639,3,838964683
80343,507,26,4,838964604
80344,507,27,4,838964648
80345,507,479,3,838964703
80346,507,33,3,838964549
80347,507,35,3,838964592
80348,507,324,3,838964592
80349,508,1403,2,1268297485
80350,508,523,1,1268297488
80351,508,2434,1,1268297492
80352,508,2440,2,1268297537
80353,508,1424,2,1268297502
80354,508,695,2,1268297532
80355,508,330,2,1268297515
80356,508,2075,1,1268297518
80357,508,79,4,1268298460
80358,508,86,4,1268298253
80359,508,3708,1,1268297496
80360,508,1472,2,1268297498
80361,508,1477,2,1268297534
80362,508,2038,2,1268297521
80363,508,836,4,1268298269
80364,508,120,4,1268298272
80365,508,1581,2,1268297539
80366,508,838,1,1268297524
80367,508,151,1,1268297455
80368,508,1608,1,1268297526
80369,508,186,1,1268297529
80370,508,2929,1,1268297477
80371,508,419,2,1268297504
80372,508,1712,2,1268297481
80373,509,1,4,1435992343
80374,509,484,1,1435992893
80375,509,489,3,1436101243
80376,509,492,3,1435992515
80377,509,493,4,1436027225
80378,509,2431,3,1436031727
80379,509,293,4,1435998135
80380,509,461,3,1435998986
80381,509,463,4,1435992749
80382,509,1401,3,1436000115
80383,509,465,2,1436027234
80384,509,14,2,1436027198
80385,509,16,4,1435992290
80386,509,574,4,1436027600
80387,509,17,3,1436101835
80388,509,471,4,1436027212
80389,509,311,3,1435992705
80390,509,472,4,1436000039
80391,509,23,3,1435999157
80392,509,640,3,1435999208
80393,509,1420,4,1436101370
80394,509,828,1,1435999348
80395,509,323,3,1435992627
80396,509,480,3,1435992651
80397,509,324,3,1436000042
80398,509,36,2,1436000088
80399,509,674,3,1436000111
80400,509,1159,3,1435992846
80401,509,39,3,1436000131
80402,509,685,3,1436101261
80403,509,693,3,1435999652
80404,509,701,3,1436027397
80405,509,702,3,1436031723
80406,509,336,3,1435993017
80407,509,1772,3,1435992799
80408,509,1161,3,1435992766
80409,509,1774,3,1435997868
80410,509,53,2,1436000067
80411,509,57,3,1436000075
80412,509,2667,3,1436000141
80413,509,61,3,1436027400
80414,509,343,3,1436101652
80415,509,62,4,1436101723
80416,509,864,3,1435992808
80417,509,67,3,1436083207
80418,509,68,4,1435993023
80419,509,1100,3,1436424181
80420,509,69,4,1435993043
80421,509,70,4,1435992296
80422,509,71,4,1435992293
80423,509,354,3,1436424190
80424,509,2081,4,1436101733
80425,509,85,3,1435992443
80426,509,1112,4,1436424238
80427,509,89,3,1435992559
80428,509,1468,2,1436000396
80429,509,362,3,1436101414
80430,509,99,3,1436030426
80431,509,1493,4,1436000079
80432,509,1496,3,1436000408
80433,509,1505,3,1436083377
80434,509,729,4,1435992469
80435,509,1511,3,1436000412
80436,509,234,3,1435992332
80437,509,5111,2,1436027516
80438,509,109,3,1436101601
80439,509,376,4,1436000045
80440,509,731,3,1436027323
80441,509,117,3,1435992644
80442,509,121,3,1436000068
80443,509,122,3,1436393168
80444,509,123,3,1436000143
80445,509,1556,3,1436000140
80446,509,126,2,1436000643
80447,509,1778,2,1436000423
80448,509,128,2,1436000056
80449,509,272,3,1436000059
80450,509,1035,3,1436000053
80451,509,1036,3,1436000070
80452,509,1780,3,1436000114
80453,509,129,3,1436000126
80454,509,2680,4,1436393922
80455,509,4066,3,1436424691
80456,509,141,3,1436027395
80457,509,142,3,1436101403
80458,509,143,2,1435992709
80459,509,1584,3,1436424399
80460,509,147,3,1436101393
80461,509,1593,2,1435992774
80462,509,1601,3,1435992639
80463,509,163,3,1436101545
80464,509,1010,3,1435999373
80465,509,167,3,1435993006
80466,509,1001,3,1435992697
80467,509,178,3,1436393563
80468,509,400,4,1436030425
80469,509,1640,3,1436000104
80470,509,180,3,1436101785
80471,509,734,3,1436024257
80472,509,182,4,1436027182
80473,509,402,4,1435992313
80474,509,1118,3,1436393181
80475,509,200,3,1436000029
80476,509,1183,3,1436101399
80477,509,736,3,1435992506
80478,509,1787,4,1435998486
80479,509,1701,3,1435993563
80480,509,3551,3,1436393194
80481,509,423,3,1436101664
80482,509,220,3,1435993248
80483,509,1794,3,1435994652
80484,509,1188,3,1435993460
80485,509,229,3,1435993251
80486,509,4274,1,1435994346
80487,509,431,4,1436027648
80488,509,1800,3,1435993657
80489,509,742,3,1435993356
80490,509,432,3,1435993256
80491,509,1803,3,1435993712
80492,509,743,2,1435992838
80493,509,1805,3,1435992855
80494,509,447,3,1435993378
80495,509,1812,3,1435993529
80496,509,1813,3,1436027634
80497,509,745,4,1435992327
80498,509,1815,2,1435994536
80499,509,3319,2,1435994171
80500,509,1819,3,1435992818
80501,509,868,3,1435993458
80502,509,1821,3,1436031667
80503,509,749,3,1436000446
80504,509,1823,2,1435993494
80505,509,1829,3,1435993450
80506,509,1125,4,1435993288
80507,509,752,3,1435992316
80508,509,458,3,1435992593
80509,509,753,3,1435993262
80510,509,1126,4,1435992320
80511,509,2717,3,1435993486
80512,509,754,5,1435992277
80513,509,869,3,1435995392
80514,509,1839,2,1435994240
80515,509,756,3,1435993384
80516,509,1843,3,1435994608
80517,509,757,2,1435993264
80518,509,870,3,1435993445
80519,509,8514,4,1435997245
80520,509,3328,3,1436000130
80521,509,2226,3,1435994737
80522,509,760,3,1435993428
80523,509,5869,2,1435999456
80524,509,3746,1,1435996571
80525,509,848,3,1435993472
80526,509,8598,3,1435997147
80527,509,763,4,1435993012
80528,509,2772,3,1435993784
80529,509,764,3,1435993332
80530,509,765,5,1435992279
80531,509,1045,4,1435992329
80532,509,767,3,1436393825
80533,509,4837,2,1436424351
80534,509,1853,3,1435994525
80535,509,875,2,1435996519
80536,509,1207,2,1435993907
80537,509,5409,3,1435995427
80538,509,1857,3,1436000468
80539,509,1128,3,1436393367
80540,509,769,2,1435993295
80541,509,4168,3,1435992784
80542,509,1209,3,1435992791
80543,509,876,3,1435992322
80544,509,770,2,1435993803
80545,509,877,3,1435994890
80546,509,3658,3,1435999436
80547,509,771,3,1435993253
80548,509,3070,3,1435993828
80549,509,3659,2,1435995022
80550,509,3661,2,1435994666
80551,509,3662,3,1435992810
80552,509,2500,3,1436101877
80553,509,1215,4,1436101637
80554,509,235,3,1435993272
80555,509,1216,2,1435994604
80556,509,7132,3,1435996402
80557,509,878,4,1436393216
80558,509,3673,1,1436000660
80559,509,5178,3,1436027388
80560,509,2251,3,1435993566
80561,509,1129,3,1436393240
80562,509,1218,3,1435992472
80563,509,880,3,1435995007
80564,509,775,5,1435992276
80565,509,5220,3,1435995912
80566,509,2516,1,1435994440
80567,509,5006,3,1436000481
80568,509,4286,3,1435994597
80569,509,1222,2,1435993727
80570,509,4243,3,1435996446
80571,509,3757,3,1435996583
80572,509,2517,2,1435994272
80573,509,3345,2,1435994156
80574,509,886,2,1435993641
80575,509,3599,4,1436031745
80576,509,3205,3,1435995384
80577,509,779,4,1435992582
80578,509,1226,2,1435993644
80579,509,780,3,1435992373
80580,509,888,3,1435992563
80581,509,1227,4,1435993757
80582,509,4244,2,1435992908
80583,509,1049,3,1435993425
80584,509,1228,2,1435993442
80585,509,3351,3,1435994225
80586,509,787,2,1435996470
80587,509,3352,2,1435994601
80588,509,790,1,1435992874
80589,509,795,4,1435993274
80590,509,890,3,1435992882
80591,509,798,2,1435993808
80592,509,799,3,1435993653
80593,509,4302,3,1435992426
80594,509,4857,3,1436393935
80595,509,4304,3,1436424227
80596,509,8599,3,1436031753
80597,509,7136,3,1436000155
80598,509,3073,3,1435994265
80599,509,4858,3,1435997108
80600,509,4307,3,1435996158
80601,509,1237,3,1436027394
80602,509,802,3,1435995251
80603,509,1891,2,1435993877
80604,509,5905,3,1435997476
80605,509,1150,4,1435993676
80606,509,893,2,1435992739
80607,509,8476,3,1435997417
80608,509,807,3,1436083303
80609,509,1239,4,1436101323
80610,509,808,3,1435994581
80611,509,809,3,1435992693
80612,509,1240,2,1435994238
80613,509,895,2,1435993579
80614,509,3151,4,1435993139
80615,509,3776,3,1436000525
80616,509,1241,2,1435994152
80617,509,1892,2,1435993568
80618,509,4511,2,1436101187
80619,509,2127,1,1436101812
80620,509,4313,2,1435994929
80621,509,1244,2,1435993672
80622,509,1245,2,1435994752
80623,509,1246,3,1435993861
80624,509,4838,2,1435992724
80625,509,1248,3,1435993869
80626,509,5930,3,1435996516
80627,509,3782,1,1436000147
80628,509,896,4,1435992452
80629,509,1894,3,1435992376
80630,509,5249,3,1435997155
80631,509,2300,3,1435998634
80632,509,3374,3,1435994933
80633,509,7395,3,1435992762
80634,509,5252,3,1435997182
80635,509,4759,3,1435997197
80636,509,2305,2,1435996126
80637,509,1250,3,1435994577
80638,509,1251,4,1435993324
80639,509,3509,3,1435997165
80640,509,2307,3,1436101624
80641,509,4516,2,1435995829
80642,509,1897,3,1435998371
80643,509,1898,1,1435994742
80644,509,3385,3,1435997833
80645,509,1255,3,1435993436
80646,509,2806,1,1436000486
80647,509,1256,3,1435992406
80648,509,1899,3,1435994476
80649,509,899,2,1435994179
80650,509,2316,3,1435993533
80651,509,1133,4,1435993387
80652,509,1052,3,1435993404
80653,509,823,3,1435995388
80654,509,3395,2,1435995378
80655,509,3514,2,1435996098
80656,509,3398,3,1435996501
80657,509,8600,2,1436029203
80658,509,5595,3,1435999177
80659,509,1053,3,1436000063
80660,509,900,3,1435992602
80661,509,902,4,1436030388
80662,509,2986,2,1436029089
80663,509,5260,3,1436083386
80664,509,2979,1,1435993842
80665,509,1905,2,1436101720
80666,509,3407,3,1435995919
80667,509,1906,3,1435992829
80668,509,2333,3,1435994766
80669,509,1264,3,1436000492
80670,509,1907,3,1435994136
80671,509,6679,3,1436101754
80672,509,2710,2,1435995535
80673,509,3154,3,1436393817
80674,509,4250,3,1435998294
80675,509,2346,3,1435995109
80676,509,3424,3,1435994802
80677,509,2060,3,1435995061
80678,509,1054,3,1435993585
80679,509,1276,3,1436101402
80680,509,4319,3,1435997184
80681,509,1910,2,1435994848
80682,509,2350,3,1435994941
80683,509,239,3,1435993009
80684,509,1055,3,1436393462
80685,509,2354,4,1435995088
80686,509,1284,3,1435994421
80687,509,1056,3,1436393616
80688,509,909,2,1435995877
80689,509,6443,3,1435997374
80690,509,5765,2,1435997273
80691,509,910,3,1435992570
80692,509,2523,3,1435994326
80693,509,2064,3,1435993891
80694,509,4528,3,1435998343
80695,509,2810,3,1436024128
80696,509,2379,3,1435995026
80697,509,1916,4,1435992355
80698,509,1057,3,1435995093
80699,509,913,1,1435994716
80700,509,2383,3,1435995444
80701,509,1290,2,1436424679
80702,509,914,2,1436027220
80703,509,8601,3,1435998310
80704,509,2524,2,1435992761
80705,509,5265,3,1435995528
80706,509,2066,4,1435999279
80707,509,1292,4,1436101712
80708,509,3452,3,1435996234
80709,509,3517,3,1435995648
80710,509,1152,3,1435993508
80711,509,3085,3,1435998388
80712,509,1919,3,1435997204
80713,509,916,3,1436393172
80714,509,5440,3,1435998868
80715,509,1297,1,1435993516
80716,509,917,2,1435995539
80717,509,1921,2,1435996249
80718,509,1060,2,1435992486
80719,509,919,3,1435997259
80720,509,1061,3,1435993497
80721,509,3462,4,1436031747
80722,509,1062,4,1435992676
80723,509,1301,3,1435995794
80724,509,4173,2,1435992726
80725,509,1302,3,1435995671
80726,509,3520,4,1435994386
80727,509,3824,3,1436000778
80728,509,926,3,1435997106
80729,509,928,3,1435993640
80730,509,3469,2,1435992920
80731,509,3470,3,1436031735
80732,509,8142,2,1435998910
80733,509,8602,4,1435999040
80734,509,1308,2,1435994307
80735,509,6551,3,1436029128
80736,509,1926,4,1435993774
80737,509,1313,3,1435993839
80738,509,3088,4,1435996118
80739,509,4541,1,1435996464
80740,509,1134,4,1435992307
80741,509,3475,3,1435998457
80742,509,932,3,1435994338
80743,509,245,3,1435998083
80744,509,933,4,1435995044
80745,509,4201,4,1436424374
80746,509,8603,3,1435992464
80747,509,1932,3,1435992552
80748,509,935,3,1435992324
80749,509,936,4,1435994505
80750,509,8604,3,1435999071
80751,509,6033,3,1436393290
80752,509,5275,3,1436393930
80753,509,8605,4,1436393376
80754,509,3847,3,1435995809
80755,509,1065,3,1435995052
80756,509,6066,3,1435999262
80757,509,1325,3,1435992685
80758,509,1327,3,1435995691
80759,509,1328,3,1435994142
80760,509,3524,2,1435997382
80761,509,4548,3,1436031623
80762,509,942,4,1435994889
80763,509,1941,3,1435994587
80764,509,8606,4,1436031737
80765,509,1067,4,1435997974
80766,509,8607,3,1436027569
80767,509,3097,3,1435995101
80768,509,8608,2,1435998018
80769,509,8609,4,1435998332
80770,509,1068,3,1435994135
80771,509,250,4,1435993753
80772,509,1334,3,1435994503
80773,509,945,3,1435992349
80774,509,3525,3,1435997923
80775,509,8610,3,1435998203
80776,509,6083,3,1435997507
80777,509,1945,3,1435995678
80778,509,2530,4,1435992560
80779,509,8611,4,1435993045
80780,509,4555,2,1436101422
80781,509,1946,3,1436030743
80782,509,1948,3,1435996003
80783,509,6088,2,1435999746
80784,509,8612,3,1435998413
80785,509,947,4,1435995737
80786,509,8613,2,1436000518
80787,509,5281,3,1436030338
80788,509,3164,3,1436027550
80789,509,3495,3,1435999020
80790,509,1953,4,1435997591
80791,509,1070,3,1435994318
80792,509,2412,3,1435992397
80793,509,953,3,1435994828
80794,509,5013,3,1436101483
80795,509,3165,4,1436083333
80796,509,1343,3,1435994285
80797,509,252,4,1435993779
80798,509,4356,3,1435992497
80799,509,3099,3,1435997422
80800,509,7884,3,1435999516
80801,509,1071,2,1435995955
80802,509,4360,3,1436393176
80803,509,1347,3,1435994794
80804,509,3101,3,1435995851
80805,509,955,3,1436393218
80806,509,957,3,1435992403
80807,509,1073,2,1435994355
80808,509,1353,3,1436027300
80809,509,1354,3,1435994774
80810,509,5647,4,1435993114
80811,509,960,4,1444255616
80812,509,1974,2,1435995762
80813,509,1975,3,1435997223
80814,509,3106,4,1435997642
80815,509,2838,4,1435999136
80816,509,1981,4,1435995688
80817,509,962,3,1435994464
80818,509,254,3,1435994169
80819,509,1075,3,1435995405
80820,509,8614,2,1436000431
80821,509,1357,3,1435994914
80822,509,2536,3,1435997731
80823,509,1990,3,1436024236
80824,509,1993,3,1435997540
80825,509,1994,4,1435996472
80826,509,1078,4,1436393160
80827,509,1998,4,1436000081
80828,509,1363,3,1435997134
80829,509,8615,3,1435998832
80830,509,1364,4,1435997672
80831,509,2001,3,1435996029
80832,509,7952,2,1436000441
80833,509,1366,4,1435997969
80834,509,8616,4,1435998617
80835,509,8617,2,1435997905
80836,509,8618,4,1435997996
80837,509,2013,5,1435997941
80838,509,8619,2,1435998776
80839,509,8620,3,1435998963
80840,510,485,1,1141158812
80841,510,491,1,1141158760
80842,510,5,4,1141160526
80843,510,7,4,1141159388
80844,510,519,3,1141159085
80845,510,526,3,1141159088
80846,510,540,0,1141159094
80847,510,12,3,1141159400
80848,510,14,3,1141159097
80849,510,591,2,1141159406
80850,510,598,1,1141158733
80851,510,609,0,1141158721
80852,510,1410,3,1141159410
80853,510,1414,0,1141158790
80854,510,26,4,1141158931
80855,510,27,3,1141158938
80856,510,653,1,1141158799
80857,510,654,1,1141158809
80858,510,2509,2,1141159376
80859,510,29,3,1141160575
80860,510,32,1,1141158779
80861,510,6310,4,1141159618
80862,510,35,3,1141160570
80863,510,723,4,1141158725
80864,510,1028,4,1141160565
80865,510,3543,4,1141159343
80866,510,1161,3,1141159353
80867,510,1135,4,1141159020
80868,510,60,3,1141159026
80869,510,69,3,1141160599
80870,510,71,4,1141159012
80871,510,73,4,1141158708
80872,510,75,3,1141160602
80873,510,354,3,1141158702
80874,510,2397,3,1141160579
80875,510,865,4,1141159035
80876,510,2082,4,1141159316
80877,510,84,4,1141158775
80878,510,356,3,1141160606
80879,510,2145,4,1141160543
80880,510,85,4,1141159029
80881,510,361,3,1141158793
80882,510,362,0,1141159063
80883,510,2420,3,1141159047
80884,510,94,3,1141159055
80885,510,1481,0,1141159331
80886,510,364,2,1141158985
80887,510,2461,3,1141158982
80888,510,990,0,1141159305
80889,510,1171,3,1141158978
80890,510,2905,4,1141158973
80891,510,118,3,1141158988
80892,510,5199,3,1141159279
80893,510,142,3,1141158751
80894,510,2184,3,1141159274
80895,510,154,4,1141158970
80896,510,399,4,1141158913
80897,510,173,3,1141158903
80898,510,1641,1,1141158906
80899,510,1643,1,1141158757
80900,510,402,2,1141160613
80901,510,403,3,1141158946
80902,510,405,4,1141158787
80903,510,2587,3,1141159220
80904,510,183,3,1141158755
80905,510,1653,3,1141160532
80906,510,4908,3,1141159225
80907,510,1180,3,1141158961
80908,510,3034,4,1141159548
80909,510,195,3,1141158923
80910,510,1183,1,1141158928
80911,510,415,2,1141158918
80912,510,206,1,1141158936
80913,510,2197,4,1141159217
80914,510,209,3,1141158954
80915,510,2205,3,1141159189
80916,510,423,3,1141158951
80917,510,219,3,1141158941
80918,510,1740,4,1141159186
80919,510,1018,1,1141159198
80920,510,429,3,1141158908
80921,510,4925,0,1141159206
80922,510,1023,1,1141159172
80923,510,1191,3,1141159159
80924,510,2629,3,1141160551
80925,510,2945,3,1141159496
80926,510,6341,3,1141159488
80927,510,1831,3,1141159166
80928,510,754,2,1141160590
80929,510,2231,3,1141159134
80930,510,765,3,1141158768
80931,510,2958,1,1141159141
80932,510,1214,4,1141159450
80933,510,3261,3,1141159110
80934,510,6650,3,1141159697
80935,510,3265,2,1141160562
80936,510,887,1,1141159436
80937,510,1049,3,1141159149
80938,510,792,3,1141159120
80939,510,5900,3,1141159659
80940,510,5908,1,1141159676
80941,510,807,3,1141159125
80942,510,810,4,1141159117
80943,510,8621,3,1141160516
80944,510,1242,0,1141159428
80945,510,2127,4,1141159422
80946,510,3585,3,1141160547
80947,510,897,3,1141159637
80948,511,233,5,1450093982
80949,511,21,4,1450094222
80950,511,29,5,1450093983
80951,511,71,5,1450093999
80952,511,1032,4,1522155957
80953,511,1538,3,1522154687
80954,511,392,4,1450094208
80955,511,167,5,1450093985
80956,511,172,4,1522155902
80957,511,193,5,1450093988
80958,511,3551,4,1450094234
80959,511,1126,4,1450094205
80960,511,754,5,1450093997
80961,511,757,3,1522156000
80962,511,770,3,1522154763
80963,511,775,5,1450093990
80964,511,2300,3,1522154778
80965,511,3514,3,1522155907
80966,511,3079,4,1522154678
80967,511,2335,3,1522156007
80968,511,3592,4,1522154652
80969,511,2345,4,1522154697
80970,511,1276,3,1522154757
80971,511,2521,4,1522154660
80972,511,2354,4,1522156012
80973,511,916,4,1450094228
80974,511,245,5,1450093987
80975,511,1067,4,1450094062
80976,511,3097,4,1522156049
80977,511,1068,3,1450094072
80978,511,250,5,1450094060
80979,511,945,5,1450094070
80980,511,1947,4,1522154655
80981,511,6089,3,1522156046
80982,511,4733,3,1522156019
80983,511,1340,4,1522155971
80984,511,252,4,1450094058
80985,511,1349,3,1522155922
80986,511,1970,4,1522155933
80987,511,3106,3,1522154716
80988,511,254,4,1450094056
80989,511,4795,4,1522155936
80990,511,3111,3,1522154704
80991,511,1079,4,1522156052
80992,511,257,4,1450094121
80993,511,967,4,1522154770
80994,511,258,4,1522156034
80995,511,2136,4,1522155897
80996,511,3537,4,1450094131
80997,511,1085,4,1450094078
80998,511,1373,5,1522156030
80999,511,1391,4,1522154765
81000,512,482,3,841449636
81001,512,293,5,841449445
81002,512,463,4,841449426
81003,512,4,5,841449359
81004,512,5,5,841449402
81005,512,8,5,841449335
81006,512,464,4,841449202
81007,512,9,5,841449579
81008,512,530,4,841449426
81009,512,531,4,841449281
81010,512,532,5,841449233
81011,512,540,3,841449335
81012,512,550,3,841449308
81013,512,558,3,841449381
81014,512,466,5,841449308
81015,512,585,5,841449335
81016,512,588,3,841449281
81017,512,17,5,841449203
81018,512,470,4,841449359
81019,512,18,3,841449258
81020,512,598,3,841449402
81021,512,233,5,841449281
81022,512,604,3,841449636
81023,512,471,2,841449233
81024,512,20,3,841449233
81025,512,609,3,841449461
81026,512,21,5,841449308
81027,512,472,4,841449359
81028,512,23,3,841449382
81029,512,622,4,841449381
81030,512,473,3,841449203
81031,512,634,3,841449281
81032,512,1157,3,841449636
81033,512,639,4,841449335
81034,512,26,5,841449258
81035,512,475,4,841449579
81036,512,27,4,841449335
81037,512,28,3,841449402
81038,512,320,2,841449636
81039,512,29,5,841449445
81040,512,322,3,841449445
81041,512,32,3,841449477
81042,512,828,3,841449426
81043,512,671,4,841449426
81044,512,323,3,841449233
81045,512,479,3,841449359
81046,512,33,3,841449201
81047,512,35,5,841449258
81048,512,324,4,841449258
81049,512,481,4,841449426
81050,513,485,3,1159980407
81051,513,293,4,1159980466
81052,513,8,4,1159980717
81053,513,464,4,1159980647
81054,513,15,4,1159980374
81055,513,16,5,1159980693
81056,513,468,3,1159980354
81057,513,17,4,1159980578
81058,513,233,5,1159980592
81059,513,26,4,1159980582
81060,513,35,4,1159980612
81061,513,723,5,1159980351
81062,513,43,2,1159980704
81063,513,337,5,1159980400
81064,513,46,4,1159980395
81065,513,62,3,1159980378
81066,513,725,2,1159980360
81067,513,74,4,1159980678
81068,513,78,4,1159980341
81069,513,354,5,1159980339
81070,513,84,2,1159980381
81071,513,361,4,1159980393
81072,513,1167,4,1159980410
81073,513,120,3,1159980369
81074,513,142,3,1159980370
81075,513,185,4,1159980549
81076,513,745,4,1159980663
81077,513,757,4,1159980720
81078,513,765,3,1159980557
81079,513,8622,2,1159980656
81080,513,1214,4,1159980754
81081,513,775,3,1159980540
81082,514,1,4,1533872400
81083,514,488,4,1533949297
81084,514,491,3,1533872553
81085,514,494,3,1533947171
81086,514,461,4,1533872519
81087,514,972,2,1533945558
81088,514,4,4,1533872325
81089,514,505,4,1533949200
81090,514,464,4,1533948837
81091,514,531,4,1533948998
81092,514,300,4,1537799250
81093,514,540,3,1533946543
81094,514,16,5,1533871727
81095,514,467,2,1534048178
81096,514,17,4,1533945044
81097,514,605,3,1533954313
81098,514,21,4,1533871408
81099,514,472,4,1533872439
81100,514,637,4,1533872752
81101,514,26,4,1534051794
81102,514,475,4,1533949095
81103,514,27,4,1533949907
81104,514,828,3,1533873619
81105,514,323,4,1533872494
81106,514,479,4,1533872281
81107,514,34,2,1533872886
81108,514,35,5,1533871755
81109,514,324,4,1533948940
81110,514,36,4,1533872889
81111,514,481,2,1533949276
81112,514,37,4,1534052528
81113,514,38,4,1535252568
81114,514,1160,2,1533954042
81115,514,1430,2,1533946183
81116,514,45,4,1534051777
81117,514,1774,4,1533872666
81118,514,1135,4,1533872278
81119,514,343,4,1536456448
81120,514,63,4,1536456569
81121,514,64,4,1533948858
81122,514,66,4,1533872346
81123,514,725,3,1533954111
81124,514,267,4,1534114007
81125,514,67,3,1533953749
81126,514,6367,4,1533874667
81127,514,5829,3,1533874620
81128,514,68,4,1533948683
81129,514,348,4,1533945171
81130,514,1102,4,1533948671
81131,514,69,5,1533871843
81132,514,70,5,1533872246
81133,514,71,5,1533871625
81134,514,1029,5,1534052813
81135,514,1104,4,1533948821
81136,514,74,4,1533872364
81137,514,75,4,1533872252
81138,514,76,4,1533872256
81139,514,1139,4,1533948733
81140,514,82,4,1533872268
81141,514,84,4,1535943481
81142,514,356,4,1533944378
81143,514,85,4,1533948808
81144,514,357,4,1533953669
81145,514,86,5,1533872291
81146,514,88,4,1533872353
81147,514,3705,2,1534114286
81148,514,360,4,1533872481
81149,514,90,4,1533948866
81150,514,3283,3,1535171892
81151,514,2902,3,1533945992
81152,514,270,5,1533872331
81153,514,866,4,1533872329
81154,514,2751,1,1535943333
81155,514,4057,4,1533872819
81156,514,3222,1,1534086679
81157,514,6186,2,1533874644
81158,514,1460,2,1535944913
81159,514,1461,3,1534052750
81160,514,8623,1,1534114141
81161,514,1464,4,1533872782
81162,514,3284,1,1534114304
81163,514,2147,5,1534052825
81164,514,3015,3,1533874773
81165,514,6368,2,1534086550
81166,514,2420,4,1533953957
81167,514,94,4,1533948832
81168,514,1476,3,1533874617
81169,514,363,4,1533946074
81170,514,99,3,1533872919
81171,514,1168,3,1534086181
81172,514,727,4,1534052768
81173,514,103,3,1534087013
81174,514,728,4,1533872420
81175,514,104,4,1534051774
81176,514,106,2,1533872597
81177,514,366,3,1533948960
81178,514,107,2,1533874765
81179,514,2461,4,1535943834
81180,514,834,4,1533949134
81181,514,729,4,1533872381
81182,514,234,4,1533871404
81183,514,1512,2,1533874756
81184,514,988,4,1533954277
81185,514,730,4,1533948897
81186,514,380,2,1534051833
81187,514,116,4,1533872398
81188,514,1171,4,1533872374
81189,514,3503,4,1533872443
81190,514,382,4,1533872361
81191,514,5112,2,1533874802
81192,514,4062,2,1533874660
81193,514,2568,2,1533874700
81194,514,2569,2,1533874823
81195,514,7255,2,1534086496
81196,514,8624,2,1534086545
81197,514,2999,4,1534052662
81198,514,6370,3,1533874678
81199,514,6371,2,1534086534
81200,514,1542,3,1533874936
81201,514,1543,4,1533872652
81202,514,2905,4,1533872377
81203,514,6003,1,1533946626
81204,514,992,3,1533945237
81205,514,1544,4,1533874628
81206,514,119,3,1533949180
81207,514,836,2,1533872574
81208,514,5199,3,1533871924
81209,514,122,4,1533872451
81210,514,128,4,1533872507
81211,514,1035,4,1533872407
81212,514,1780,4,1533872830
81213,514,1561,2,1534114302
81214,514,132,4,1533872691
81215,514,998,2,1533873611
81216,514,4146,4,1535943792
81217,514,135,4,1533872366
81218,514,1567,3,1535944654
81219,514,2712,2,1533874779
81220,514,1572,3,1533949258
81221,514,1573,2,1533874769
81222,514,141,3,1533948775
81223,514,142,4,1533872559
81224,514,1141,4,1534052735
81225,514,1581,4,1533954016
81226,514,145,4,1533948633
81227,514,273,4,1533872463
81228,514,3027,2,1533945587
81229,514,2573,3,1533946599
81230,514,2402,2,1534114012
81231,514,1601,3,1533872515
81232,514,1606,3,1535860888
81233,514,6170,3,1534086384
81234,514,1609,3,1534052742
81235,514,4147,5,1534095481
81236,514,1864,3,1533953876
81237,514,155,3,1533872563
81238,514,1610,2,1533954356
81239,514,1177,4,1533872601
81240,514,1614,3,1533954348
81241,514,2916,3,1533944890
81242,514,1618,4,1533872885
81243,514,1619,2,1533873657
81244,514,6194,3,1534086726
81245,514,167,4,1533949050
81246,514,3295,4,1533945464
81247,514,181,4,1533872299
81248,514,3068,2,1534087221
81249,514,1648,3,1533873623
81250,514,402,4,1533872490
81251,514,5728,2,1535944978
81252,514,6601,2,1533874791
81253,514,405,4,1533872446
81254,514,3606,2,1534114015
81255,514,2490,2,1535921642
81256,514,2587,4,1533873603
81257,514,183,4,1533872488
81258,514,1653,4,1534051840
81259,514,185,4,1533953776
81260,514,1661,4,1534086367
81261,514,8625,2,1534109171
81262,514,840,2,1534086375
81263,514,6390,3,1533944811
81264,514,6391,2,1533944776
81265,514,1667,4,1535943745
81266,514,1180,4,1533953630
81267,514,193,2,1533872414
81268,514,194,4,1533954374
81269,514,195,3,1533949324
81270,514,1672,3,1533874613
81271,514,199,2,1533873614
81272,514,1142,3,1533949099
81273,514,3175,2,1533946424
81274,514,201,3,1533945514
81275,514,2595,4,1534051899
81276,514,415,4,1536456268
81277,514,2687,4,1536377582
81278,514,277,4,1533949232
81279,514,4177,2,1533946650
81280,514,209,4,1533954291
81281,514,8626,1,1533947075
81282,514,2205,4,1534051928
81283,514,1706,4,1533953688
81284,514,2494,4,1534551265
81285,514,2403,4,1533948798
81286,514,2691,3,1533946372
81287,514,1718,4,1533872578
81288,514,1722,5,1533872127
81289,514,6607,3,1533947109
81290,514,1039,4,1533872426
81291,514,219,4,1533872532
81292,514,2606,4,1533872607
81293,514,223,4,1533949090
81294,514,5841,2,1534114268
81295,514,225,4,1533872723
81296,514,1750,2,1533949249
81297,514,1753,3,1533874788
81298,514,6461,2,1534087241
81299,514,227,4,1534052034
81300,514,2495,2,1534473445
81301,514,5842,2,1534086788
81302,514,1872,4,1533872894
81303,514,5136,1,1536456221
81304,514,429,3,1533872643
81305,514,430,4,1533949061
81306,514,6204,2,1534086624
81307,514,433,3,1533949031
81308,514,1190,4,1533948901
81309,514,6921,3,1535342291
81310,514,3313,1,1534114624
81311,514,3177,4,1533949055
81312,514,8627,3,1533871551
81313,514,2938,2,1534114508
81314,514,447,4,1533872665
81315,514,2942,2,1534114263
81316,514,745,4,1533949329
81317,514,2628,4,1533872487
81318,514,2634,4,1533949185
81319,514,2635,2,1534114332
81320,514,7748,2,1535834440
81321,514,5350,3,1534114348
81322,514,6209,3,1534086379
81323,514,2644,2,1534087238
81324,514,1822,3,1534086192
81325,514,7288,3,1536027723
81326,514,2123,4,1533872502
81327,514,6625,2,1534086503
81328,514,754,2,1533871470
81329,514,755,4,1533949192
81330,514,8628,1,1533946998
81331,514,232,3,1533948883
81332,514,1837,3,1533946707
81333,514,8629,1,1534086592
81334,514,8088,2,1534109085
81335,514,4162,1,1537757059
81336,514,4163,2,1537757040
81337,514,5775,1,1534114494
81338,514,7756,3,1534114371
81339,514,7522,2,1533873663
81340,514,870,4,1535943283
81341,514,6711,2,1534086434
81342,514,762,3,1535944773
81343,514,6428,2,1533946478
81344,514,8630,2,1534112333
81345,514,8266,2,1533946858
81346,514,8631,2,1534109033
81347,514,6712,2,1534114147
81348,514,765,2,1533871481
81349,514,3192,4,1533945149
81350,514,4976,2,1533946273
81351,514,876,4,1533949270
81352,514,5778,4,1533945614
81353,514,8632,2,1534086671
81354,514,7588,3,1533946579
81355,514,1214,4,1534048162
81356,514,8633,3,1536466394
81357,514,1148,2,1533873471
81358,514,878,4,1533949005
81359,514,3196,3,1533949168
81360,514,3261,5,1533953731
81361,514,2111,3,1533963207
81362,514,775,3,1533871477
81363,514,8634,2,1533945338
81364,514,8635,3,1534560088
81365,514,8636,3,1533945835
81366,514,780,4,1533965374
81367,514,8637,1,1534086621
81368,514,6249,2,1534114281
81369,514,795,3,1533949311
81370,514,6660,5,1535943975
81371,514,8638,2,1533945889
81372,514,6251,3,1534087228
81373,514,5790,4,1536380399
81374,514,6252,2,1534087230
81375,514,2408,4,1535854697
81376,514,8639,2,1533946512
81377,514,6043,2,1535854733
81378,514,1892,3,1533946024
81379,514,8640,2,1533945202
81380,514,8641,2,1533946214
81381,514,1256,4,1533953822
81382,514,237,3,1533946158
81383,514,824,3,1533949392
81384,514,1053,4,1533872588
81385,514,2985,2,1533874683
81386,514,3404,5,1535943947
81387,514,2333,3,1533945947
81388,514,1268,3,1534128266
81389,514,2058,4,1533948958
81390,514,3414,4,1534113882
81391,514,2338,4,1533948878
81392,514,239,3,1533871489
81393,514,1911,3,1533954064
81394,514,1912,4,1533872847
81395,514,1282,3,1534087207
81396,514,2982,4,1536456320
81397,514,8642,2,1533946449
81398,514,241,4,1536456570
81399,514,1152,4,1535945180
81400,514,1297,4,1533872710
81401,514,7802,2,1534651316
81402,514,2991,4,1533948680
81403,514,6804,2,1533946304
81404,514,1922,4,1533948888
81405,514,928,4,1533872778
81406,514,7042,4,1535944363
81407,514,243,4,1533872690
81408,514,5442,1,1533946916
81409,514,1926,4,1533872585
81410,514,245,4,1533871492
81411,514,1153,5,1533871971
81412,514,2816,3,1533949079
81413,514,935,4,1533948747
81414,514,1154,4,1533948740
81415,514,1155,4,1533948674
81416,514,3481,3,1533948955
81417,514,2528,4,1533872875
81418,514,1941,4,1534448194
81419,514,943,4,1536456303
81420,514,3095,4,1533873024
81421,514,250,3,1533954295
81422,514,1953,4,1533953697
81423,514,1348,4,1534052650
81424,514,1967,4,1533949408
81425,514,1073,3,1533872356
81426,514,253,4,1534052685
81427,514,962,4,1533949086
81428,514,254,4,1533872696
81429,514,1076,3,1533949405
81430,514,1358,2,1533948968
81431,514,255,4,1533948663
81432,514,1078,3,1533872836
81433,514,1998,4,1533954098
81434,514,257,3,1533949071
81435,514,2003,4,1533954035
81436,514,1367,2,1533872826
81437,514,5450,2,1533874486
81438,514,1370,4,1533874475
81439,514,8643,3,1533946674
81440,514,2542,3,1533948973
81441,514,1085,4,1533872649
81442,514,8644,0,1536380899
81443,514,2543,2,1533946817
81444,514,8645,2,1533944938
81445,514,5632,3,1533946119
81446,514,8646,0,1536381303
81447,514,1376,4,1536456306
81448,514,1379,4,1533948677
81449,514,8647,4,1535944005
81450,514,8648,2,1534087215
81451,514,1386,4,1533954152
81452,514,8649,2,1533946332
81453,514,8650,3,1533945298
81454,514,4619,3,1534651337
81455,514,4012,3,1536377595
81456,514,8651,1,1533946049
81457,514,3122,2,1535804894
81458,514,8652,2,1533945970
81459,514,6122,2,1533874748
81460,514,3128,3,1533874664
81461,514,6575,2,1533874498
81462,514,3130,4,1533947052
81463,514,3131,2,1533874318
81464,514,8653,2,1536380932
81465,514,5476,3,1533874505
81466,514,8654,2,1536381035
81467,514,3134,3,1533946968
81468,514,8655,4,1533945092
81469,514,8656,3,1533947024
81470,514,5633,4,1533874028
81471,514,8657,2,1533947134
81472,514,8658,3,1533946240
81473,514,6576,3,1537065408
81474,514,8659,3,1533946102
81475,514,8660,2,1537674927
81476,514,2139,3,1537150726
81477,514,3136,3,1537674946
81478,514,8661,4,1535941279
81479,515,5,4,1513678307
81480,515,16,5,1513602000
81481,515,233,5,1513601957
81482,515,21,5,1513601965
81483,515,29,5,1513601963
81484,515,122,5,1513601986
81485,515,193,5,1513601998
81486,515,204,5,1513601970
81487,515,810,5,1513602035
81488,515,238,5,1513602042
81489,515,1052,5,1513602048
81490,515,239,5,1513602034
81491,515,1055,5,1513602040
81492,515,1056,5,1513602036
81493,515,245,5,1513601987
81494,515,250,5,1513602003
81495,515,255,5,1513601996
81496,515,1362,5,1513601990
81497,515,2136,5,1513602061
81498,515,1368,5,1513602063
81499,515,3122,4,1513602056
81500,515,1393,5,1513602058
81501,515,2879,4,1513602053
81502,515,6124,4,1513678313
81503,515,2137,5,1513602051
81504,515,3131,4,1513602093
81505,516,16,5,994624788
81506,516,26,4,994625059
81507,516,27,4,994624770
81508,516,261,3,994625146
81509,516,326,3,994625189
81510,516,58,4,994625077
81511,516,64,3,994625023
81512,516,70,4,994624807
81513,516,71,4,994624807
81514,516,116,5,994625023
81515,516,4175,3,994625250
81516,516,2183,2,994624832
81517,516,6381,3,994624968
81518,516,145,3,994625146
81519,516,201,3,994625189
81520,516,1722,5,994625023
81521,516,437,4,994625059
81522,516,2942,3,994625279
81523,516,745,5,994624878
81524,516,2628,3,994625189
81525,516,2629,4,994625164
81526,516,2630,4,994625250
81527,516,4937,3,994625224
81528,516,2631,4,994625189
81529,516,2634,3,994625023
81530,516,7281,5,994625299
81531,517,1,4,1487954343
81532,517,482,3,1487954340
81533,517,487,0,1487957717
81534,517,492,0,1487953834
81535,517,461,5,1487954303
81536,517,4,2,1487958109
81537,517,1403,1,1487956132
81538,517,8,1,1487953160
81539,517,528,2,1487954337
81540,517,532,2,1487957639
81541,517,16,3,1487957618
81542,517,2071,1,1488399245
81543,517,581,5,1487955694
81544,517,233,4,1487952883
81545,517,471,2,1487966186
81546,517,20,2,1487957701
81547,517,613,2,1487955690
81548,517,21,3,1487953018
81549,517,314,5,1487957199
81550,517,22,3,1492338912
81551,517,472,4,1487953263
81552,517,23,3,1487957222
81553,517,315,3,1487957692
81554,517,622,3,1487957629
81555,517,474,1,1492339212
81556,517,640,1,1487954445
81557,517,26,2,1487957605
81558,517,27,1,1487962661
81559,517,651,1,1492338923
81560,517,28,5,1487953262
81561,517,657,3,1487953226
81562,517,320,3,1487957187
81563,517,476,4,1487957415
81564,517,660,1,1492339043
81565,517,29,3,1487952885
81566,517,477,3,1487956095
81567,517,322,3,1487953270
81568,517,828,5,1487954357
81569,517,671,4,1487953284
81570,517,323,3,1487956665
81571,517,34,3,1487957995
81572,517,35,3,1487953156
81573,517,480,3,1487956860
81574,517,324,4,1487956653
81575,517,36,3,1487956672
81576,517,481,3,1487957183
81577,517,674,5,1487954319
81578,517,40,2,1487958014
81579,517,1097,2,1487955877
81580,517,723,1,1487958658
81581,517,43,3,1487957666
81582,517,693,1,1487957860
81583,517,330,3,1487957269
81584,517,331,4,1487957169
81585,517,332,4,1487957197
81586,517,2754,0,1487954015
81587,517,335,4,1487957563
81588,517,336,4,1487957248
81589,517,265,4,1487953960
81590,517,2997,3,1487957530
81591,517,3730,4,1487957203
81592,517,45,4,1487954346
81593,517,337,4,1487957162
81594,517,1444,1,1487958134
81595,517,4219,3,1487957223
81596,517,3732,3,1487957546
81597,517,5496,3,1487956619
81598,517,2395,4,1487953643
81599,517,3010,1,1487957331
81600,517,2143,1,1487958608
81601,517,714,2,1487956303
81602,517,1769,3,1487954433
81603,517,1772,3,1487956747
81604,517,1161,2,1487962903
81605,517,53,2,1492338876
81606,517,2446,3,1487953857
81607,517,863,5,1487954316
81608,517,54,4,1487954350
81609,517,56,3,1487954348
81610,517,57,4,1487956863
81611,517,1775,5,1487956649
81612,517,343,1,1492339049
81613,517,864,1,1487958398
81614,517,66,5,1487954369
81615,517,725,0,1487957523
81616,517,68,2,1487957926
81617,517,1100,3,1487957082
81618,517,349,4,1487953906
81619,517,1102,1,1488399289
81620,517,2396,2,1487953360
81621,517,72,0,1487953357
81622,517,1104,3,1487953348
81623,517,74,2,1492338986
81624,517,77,1,1487953306
81625,517,1105,2,1487962701
81626,517,1106,1,1487953350
81627,517,1139,2,1487953346
81628,517,726,2,1487953164
81629,517,865,2,1487953288
81630,517,355,0,1487958662
81631,517,2145,4,1487958689
81632,517,268,1,1487958700
81633,517,85,3,1487953444
81634,517,1455,0,1487958212
81635,517,86,5,1487956690
81636,517,89,5,1487956647
81637,517,2085,2,1487958126
81638,517,2146,0,1487953426
81639,517,3000,4,1487954270
81640,517,270,0,1492339379
81641,517,361,2,1487958092
81642,517,1468,5,1487954306
81643,517,1474,1,1487958387
81644,517,3284,0,1487956359
81645,517,100,1,1487957704
81646,517,1493,0,1487957124
81647,517,102,3,1487957663
81648,517,365,1,1487953938
81649,517,728,0,1487957815
81650,517,104,0,1487953344
81651,517,366,4,1487962910
81652,517,1114,2,1487954227
81653,517,729,1,1487953170
81654,517,1511,2,1487954371
81655,517,234,2,1487953137
81656,517,988,3,1487953281
81657,517,730,3,1492339004
81658,517,1526,3,1487956368
81659,517,1534,1,1487956780
81660,517,991,3,1487953807
81661,517,1536,1,1487953780
81662,517,2401,1,1487958106
81663,517,380,1,1487953989
81664,517,5547,3,1487956725
81665,517,2039,1,1487958128
81666,517,116,0,1487953271
81667,517,3501,2,1487953325
81668,517,1171,3,1487953148
81669,517,117,1,1487955858
81670,517,2905,1,1487953402
81671,517,118,1,1487957760
81672,517,992,1,1487958178
81673,517,836,4,1487954393
81674,517,120,4,1487954429
81675,517,121,4,1487953729
81676,517,122,3,1487953141
81677,517,124,0,1487956163
81678,517,1556,0,1487956804
81679,517,1557,0,1487955686
81680,517,126,1,1487956801
81681,517,6375,2,1487956794
81682,517,3024,3,1487957282
81683,517,128,5,1487956638
81684,517,272,4,1487956655
81685,517,1035,4,1487956882
81686,517,1779,2,1487956034
81687,517,1036,4,1487956869
81688,517,1780,4,1487956866
81689,517,129,2,1487957858
81690,517,132,4,1487956872
81691,517,998,2,1488399419
81692,517,135,3,1487957659
81693,517,1782,3,1487956609
81694,517,138,1,1487957868
81695,517,139,1,1487957061
81696,517,2150,2,1487956758
81697,517,1601,0,1487957127
81698,517,2914,0,1487958246
81699,517,3642,4,1492017123
81700,517,1609,1,1487962972
81701,517,4147,4,1487956689
81702,517,1173,0,1487954047
81703,517,999,0,1487957361
81704,517,274,1,1487957251
81705,517,2682,2,1487953815
81706,517,1784,4,1487954421
81707,517,167,2,1487962668
81708,517,732,3,1492339185
81709,517,400,0,1487958167
81710,517,181,2,1487954398
81711,517,735,1,1487956773
81712,517,405,3,1487957338
81713,517,185,1,1487953199
81714,517,8194,3,1492339189
81715,517,1785,3,1487957556
81716,517,1182,5,1487954426
81717,517,195,0,1487954368
81718,517,200,3,1487957114
81719,517,1142,2,1487953353
81720,517,3736,5,1487957307
81721,517,2193,2,1487962839
81722,517,204,4,1487952995
81723,517,1786,2,1487957986
81724,517,206,2,1487953742
81725,517,1184,4,1487957287
81726,517,1700,2,1487957428
81727,517,1714,1,1487956349
81728,517,1717,1,1487953998
81729,517,1122,3,1487956321
81730,517,215,3,1487953238
81731,517,218,2,1487954385
81732,517,1041,1,1487953509
81733,517,1792,3,1487957231
81734,517,5203,0,1488398787
81735,517,220,1,1487953195
81736,517,3739,1,1487957268
81737,517,3741,3,1487957567
81738,517,3305,4,1487957505
81739,517,1750,2,1487953979
81740,517,1797,2,1487957284
81741,517,431,4,1487953674
81742,517,1800,3,1487955838
81743,517,432,0,1487953490
81744,517,434,3,1487957234
81745,517,743,1,1487957310
81746,517,1043,4,1487953207
81747,517,437,3,1488397756
81748,517,1806,1,1487958404
81749,517,3552,2,1487958771
81750,517,1023,1,1487953636
81751,517,447,3,1487957242
81752,517,4092,1,1488398704
81753,517,745,4,1487954402
81754,517,451,1,1487953559
81755,517,1192,1,1492339152
81756,517,2634,1,1487957403
81757,517,4939,2,1487955966
81758,517,1878,0,1487954452
81759,517,1879,0,1487957409
81760,517,8662,1,1488399213
81761,517,3321,2,1487956062
81762,517,752,2,1487957118
81763,517,458,4,1487956889
81764,517,753,0,1487958104
81765,517,1126,3,1487957313
81766,517,755,3,1487953149
81767,517,1834,5,1487954262
81768,517,4954,1,1488398940
81769,517,232,4,1487953382
81770,517,756,2,1487956733
81771,517,1842,2,1492339529
81772,517,2701,1,1487956825
81773,517,1199,3,1487953186
81774,517,761,3,1487958137
81775,517,762,1,1487953335
81776,517,764,4,1487954410
81777,517,852,0,1488398044
81778,517,857,1,1487953365
81779,517,766,2,1487953187
81780,517,767,2,1487953665
81781,517,1209,1,1487957988
81782,517,876,4,1487954354
81783,517,771,2,1488397735
81784,517,3659,0,1488398440
81785,517,2500,3,1488399600
81786,517,2962,1,1487955755
81787,517,6230,0,1487955808
81788,517,878,5,1487953468
81789,517,5879,2,1487956039
81790,517,3266,0,1488399304
81791,517,880,2,1488398573
81792,517,775,3,1487957608
81793,517,3198,2,1487954140
81794,517,1130,1,1487953362
81795,517,3599,0,1487954203
81796,517,2119,1,1487958181
81797,517,779,2,1487956765
81798,517,1226,2,1488397913
81799,517,780,4,1487956674
81800,517,887,3,1487953182
81801,517,784,2,1487953214
81802,517,8663,0,1487958546
81803,517,2266,1,1488397795
81804,517,796,5,1487956704
81805,517,890,2,1487957423
81806,517,798,1,1487957735
81807,517,1232,2,1487953242
81808,517,8664,3,1487958255
81809,517,891,0,1487958616
81810,517,802,1,1488398562
81811,517,1891,1,1487957371
81812,517,1240,2,1488398139
81813,517,3216,2,1487955885
81814,517,2290,2,1487953974
81815,517,1248,2,1487955853
81816,517,3782,0,1488398916
81817,517,896,0,1487957358
81818,517,1894,3,1487957052
81819,517,1895,5,1487955698
81820,517,5252,3,1487955937
81821,517,1897,0,1488397953
81822,517,819,2,1487957387
81823,517,3385,0,1487953481
81824,517,1255,3,1487957891
81825,517,4701,0,1487956310
81826,517,821,2,1487957676
81827,517,1256,1,1488397791
81828,517,1899,2,1487956799
81829,517,2312,4,1487954239
81830,517,2316,0,1488397845
81831,517,2317,1,1487953684
81832,517,824,1,1487957751
81833,517,3395,0,1488398516
81834,517,8485,4,1487956380
81835,517,2326,1,1487958227
81836,517,4728,0,1487958773
81837,517,3404,3,1487955986
81838,517,5260,1,1487955944
81839,517,1264,2,1487957688
81840,517,2519,3,1487956693
81841,517,903,2,1487957740
81842,517,3415,4,1487953885
81843,517,2059,1,1487953446
81844,517,2060,3,1487957904
81845,517,1054,3,1487953180
81846,517,2347,3,1488398371
81847,517,1909,2,1487957793
81848,517,2521,2,1487953831
81849,517,3080,4,1487957085
81850,517,2522,0,1488398766
81851,517,1283,0,1487956808
81852,517,1056,2,1487957036
81853,517,909,3,1488398635
81854,517,3443,2,1488399523
81855,517,1916,4,1487953022
81856,517,912,0,1487958197
81857,517,5027,4,1487953745
81858,517,7154,2,1487956172
81859,517,3446,1,1488398607
81860,517,1290,3,1487953028
81861,517,2524,2,1488398826
81862,517,7222,4,1487956067
81863,517,2066,1,1487955821
81864,517,915,0,1487953824
81865,517,5626,1,1487956146
81866,517,241,0,1487958643
81867,517,1919,3,1487957778
81868,517,916,5,1487956739
81869,517,918,3,1492338888
81870,517,920,1,1487953811
81871,517,4729,4,1487953993
81872,517,8584,2,1487954196
81873,517,1927,1,1487957992
81874,517,932,2,1487954442
81875,517,6030,4,1487954159
81876,517,935,3,1488397830
81877,517,6033,4,1487956708
81878,517,1155,1,1487953537
81879,517,4544,1,1487957376
81880,517,8665,2,1492339460
81881,517,8605,0,1492339056
81882,517,1327,3,1487957654
81883,517,941,1,1488398597
81884,517,4547,2,1487956044
81885,517,1939,3,1487956891
81886,517,8666,3,1492339325
81887,517,1941,0,1487953475
81888,517,943,2,1488398191
81889,517,2821,2,1488398625
81890,517,3097,5,1487953638
81891,517,2822,1,1487955979
81892,517,8667,0,1487956142
81893,517,8573,4,1487956564
81894,517,1943,2,1488398518
81895,517,4210,3,1487954079
81896,517,251,0,1487953467
81897,517,8668,1,1492339130
81898,517,946,4,1487954199
81899,517,947,2,1487954437
81900,517,951,1,1488397978
81901,517,8669,3,1487958330
81902,517,8670,3,1487958294
81903,517,8671,2,1492339487
81904,517,8672,1,1492338967
81905,517,953,1,1488398134
81906,517,7884,0,1487957195
81907,517,2133,3,1487953546
81908,517,1074,3,1487953575
81909,517,7904,2,1487962947
81910,517,960,1,1487955739
81911,517,8673,4,1487958433
81912,517,4708,1,1487956005
81913,517,1362,4,1492338957
81914,517,2007,3,1487956776
81915,517,8674,2,1492339389
81916,517,6142,2,1487956081
81917,517,2848,3,1487966240
81918,517,969,1,1487958095
81919,517,2853,5,1487953582
81920,517,5654,3,1487956029
81921,517,8675,0,1487958277
81922,517,5659,1,1487956099
81923,517,5660,1,1487956112
81924,517,8676,1,1487958429
81925,517,8677,3,1487958624
81926,517,1091,2,1488101314
81927,517,8678,1,1487966316
81928,517,2033,1,1487953651
81929,517,8679,2,1487958674
81930,517,4627,1,1492339167
81931,518,495,2,1056907643
81932,518,260,1,1056907629
81933,518,644,3,1056907634
81934,518,693,3,1056907459
81935,518,1452,4,1056907496
81936,518,87,4,1056907638
81937,518,1111,4,1056907506
81938,518,271,0,1056907647
81939,518,1469,4,1056907482
81940,518,1474,2,1056907448
81941,518,365,3,1056907626
81942,518,1515,4,1056907659
81943,518,996,4,1056907529
81944,518,3027,5,1056907614
81945,518,150,4,1056907605
81946,518,178,4,1056907463
81947,518,1686,3,1056907514
81948,518,1717,3,1056907619
81949,518,1016,2,1056907610
81950,518,429,4,1056907492
81951,518,2958,4,1056907754
81952,518,768,4,1056907724
81953,518,769,4,1056907712
81954,518,876,5,1056907734
81955,519,233,5,1518379626
81956,519,21,5,1518380250
81957,519,234,5,1518379648
81958,519,382,3,1518379993
81959,519,148,5,1518379802
81960,519,422,5,1518380314
81961,519,1015,3,1518478860
81962,519,1797,4,1518478599
81963,519,1805,5,1518478829
81964,519,868,3,1518478841
81965,519,753,4,1518478565
81966,519,766,4,1518379967
81967,519,1210,4,1518478826
81968,519,777,5,1522552514
81969,519,895,3,1518478852
81970,519,1892,4,1518478930
81971,519,2328,5,1518379764
81972,519,904,4,1518478635
81973,519,1912,5,1518478923
81974,519,1297,5,1518478773
81975,519,917,3,1522552943
81976,519,927,4,1518478579
81977,519,942,5,1518380852
81978,519,1967,5,1518479335
81979,519,2015,4,1518380373
81980,519,971,4,1518479757
81981,520,487,4,1326609139
81982,520,493,1,1326609359
81983,520,293,3,1326608236
81984,520,523,3,1326607926
81985,520,15,3,1326609630
81986,520,466,4,1326609226
81987,520,571,3,1326610296
81988,520,18,4,1326609086
81989,520,233,5,1326608588
81990,520,599,2,1326607881
81991,520,600,3,1326609210
81992,520,19,4,1326609984
81993,520,471,1,1326609050
81994,520,21,3,1326608943
81995,520,315,3,1326609568
81996,520,644,3,1326607897
81997,520,2426,5,1326609921
81998,520,648,4,1326609803
81999,520,660,4,1326609712
82000,520,1095,5,1326609221
82001,520,1420,4,1326609446
82002,520,828,4,1326609231
82003,520,479,4,1326608959
82004,520,677,3,1326607950
82005,520,723,5,1326609343
82006,520,1028,2,1326608568
82007,520,708,3,1326608012
82008,520,1440,4,1326687754
82009,520,724,3,1326608306
82010,520,59,3,1326608044
82011,520,343,2,1326609456
82012,520,62,4,1326609414
82013,520,3699,3,1326611220
82014,520,68,5,1326609174
82015,520,70,5,1326609129
82016,520,71,5,1326609042
82017,520,1029,5,1326609271
82018,520,76,5,1326609215
82019,520,1452,5,1326609888
82020,520,1139,5,1326609744
82021,520,82,4,1326609124
82022,520,355,4,1326609872
82023,520,85,5,1326608768
82024,520,86,5,1326608497
82025,520,88,5,1326609725
82026,520,1112,4,1326611530
82027,520,90,4,1326609205
82028,520,2902,4,1326611215
82029,520,1166,5,1326608543
82030,520,977,4,1326610975
82031,520,2086,3,1326608919
82032,520,1485,4,1326681934
82033,520,2563,4,1326610438
82034,520,1031,3,1326608640
82035,520,102,5,1326609091
82036,520,727,3,1326609385
82037,520,728,4,1326610725
82038,520,106,4,1326609718
82039,520,729,4,1326609326
82040,520,109,3,1326609530
82041,520,1516,4,1326609944
82042,520,1518,4,1326607964
82043,520,2463,4,1326687732
82044,520,1524,3,1326687509
82045,520,1170,3,1326610830
82046,520,1777,3,1326609780
82047,520,3547,5,1326608054
82048,520,836,4,1326608511
82049,520,120,4,1326608524
82050,520,1547,3,1326611191
82051,520,997,4,1326608180
82052,520,131,3,1326607917
82053,520,135,3,1326609399
82054,520,1570,3,1326687720
82055,520,141,4,1326610286
82056,520,1141,4,1326609686
82057,520,1597,4,1326609774
82058,520,1606,4,1326611168
82059,520,1607,3,1326610466
82060,520,2121,4,1326607970
82061,520,155,4,1326609750
82062,520,1614,5,1326611163
82063,520,160,4,1326687488
82064,520,2471,4,1326607875
82065,520,163,4,1326609451
82066,520,164,4,1326608059
82067,520,166,4,1326609766
82068,520,167,5,1326608654
82069,520,4154,3,1326608037
82070,520,171,5,1326609620
82071,520,172,1,1326609133
82072,520,178,2,1326610935
82073,520,734,2,1326609954
82074,520,181,4,1326608473
82075,520,1117,4,1326610471
82076,520,405,4,1326609540
82077,520,2590,3,1326687691
82078,520,188,5,1326609420
82079,520,1180,4,1326609349
82080,520,194,3,1326687478
82081,520,198,4,1326609254
82082,520,1118,4,1326611548
82083,520,1142,5,1326608402
82084,520,1183,4,1326609861
82085,520,204,4,1326609478
82086,520,416,4,1326609791
82087,520,2599,2,1326687676
82088,520,422,4,1326609651
82089,520,1186,4,1326611438
82090,520,5550,4,1326611720
82091,520,1040,4,1326607856
82092,520,5742,4,1326688307
82093,520,1756,5,1326608030
82094,520,1187,4,1326609641
82095,520,229,4,1326609266
82096,520,230,3,1326608017
82097,520,1797,4,1326609697
82098,520,742,3,1326609847
82099,520,432,3,1326609299
82100,520,1022,4,1326609691
82101,520,1043,3,1326609562
82102,520,1805,3,1326610911
82103,520,437,5,1326609554
82104,520,1876,5,1326610048
82105,520,745,4,1326609180
82106,520,2630,3,1326611121
82107,520,747,4,1326687451
82108,520,868,4,1326681404
82109,520,7749,4,1326610807
82110,520,3321,4,1326611107
82111,520,4947,3,1326688206
82112,520,752,4,1326609354
82113,520,1126,5,1326609390
82114,520,1832,4,1326609928
82115,520,2952,3,1326611102
82116,520,754,4,1326609118
82117,520,755,4,1326609426
82118,520,1196,5,1326611416
82119,520,3251,4,1326688193
82120,520,757,4,1326609365
82121,520,758,2,1326609676
82122,520,759,3,1326610875
82123,520,760,4,1326610387
82124,520,763,4,1326611401
82125,520,1202,3,1326687434
82126,520,1204,3,1326687635
82127,520,765,3,1326609169
82128,520,857,3,1326610902
82129,520,769,3,1326609671
82130,520,3259,3,1326611070
82131,520,3261,4,1326611063
82132,520,4241,5,1326688022
82133,520,7772,4,1326688017
82134,520,1218,4,1326610019
82135,520,775,4,1326609245
82136,520,8680,4,1326610848
82137,520,4185,4,1326688005
82138,520,1222,4,1326611053
82139,520,3345,3,1326611048
82140,520,886,2,1326687619
82141,520,5637,3,1326682269
82142,520,1049,4,1326687428
82143,520,4245,2,1326608866
82144,520,795,4,1326609615
82145,520,798,4,1326611042
82146,520,8681,4,1326611672
82147,520,1239,4,1326687608
82148,520,809,2,1326681391
82149,520,812,5,1326682064
82150,520,1242,5,1326682134
82151,520,816,3,1326608795
82152,520,2977,3,1326687798
82153,520,2316,3,1326681384
82154,520,1052,3,1326610541
82155,520,824,3,1326610318
82156,520,1055,5,1326610535
82157,520,1283,4,1326611025
82158,520,1056,4,1326610546
82159,520,6546,4,1326610757
82160,520,2523,2,1326611497
82161,520,912,2,1326611020
82162,520,1292,5,1326611631
82163,520,241,4,1326611015
82164,520,927,4,1326682091
82165,520,928,5,1326687577
82166,520,935,5,1326687572
82167,521,484,3,852713143
82168,521,3,4,852713143
82169,521,485,3,852713143
82170,521,3679,4,852713185
82171,521,2658,4,852713356
82172,521,496,5,852713083
82173,521,2069,3,852713417
82174,521,293,3,852713082
82175,521,462,4,852713143
82176,521,500,4,852713446
82177,521,295,4,852713185
82178,521,296,4,852713185
82179,521,509,4,852713251
82180,521,4037,3,852713417
82181,521,510,4,852713380
82182,521,516,3,852713082
82183,521,8580,3,852713493
82184,521,519,3,852713185
82185,521,521,3,852713143
82186,521,524,3,852713251
82187,521,37,5,852713143
82188,521,675,4,852713251
82189,521,677,3,852713251
82190,521,678,3,852713330
82191,521,38,4,852713083
82192,521,39,4,852713251
82193,521,681,3,852713417
82194,521,3004,3,852713330
82195,521,326,4,852713185
82196,521,41,4,852713143
82197,521,42,4,852713082
82198,521,690,3,852713251
82199,521,43,4,852713082
82200,521,2427,3,852713185
82201,521,697,4,852713294
82202,521,2444,4,852713294
82203,521,701,4,852713493
82204,521,706,3,852713356
82205,521,708,3,852713446
82206,521,61,4,852713185
82207,522,1,3,1253344674
82208,522,487,4,1253344761
82209,522,5,4,1253430096
82210,522,505,3,1253345769
82211,522,8,4,1253344666
82212,522,525,3,1253345731
82213,522,538,4,1371443469
82214,522,13,5,1253345772
82215,522,16,5,1253344662
82216,522,17,5,1253343461
82217,522,233,5,1253343685
82218,522,600,4,1297482466
82219,522,21,3,1253344654
82220,522,472,3,1253344740
82221,522,23,4,1253344750
82222,522,631,0,1253342889
82223,522,27,3,1253344659
82224,522,661,3,1253342773
82225,522,975,3,1371443520
82226,522,1095,2,1253345721
82227,522,828,1,1253345723
82228,522,323,4,1253344705
82229,522,37,3,1254596519
82230,522,1160,4,1254547123
82231,522,43,3,1253344677
82232,522,1028,4,1253343508
82233,522,49,3,1253342846
82234,522,1135,4,1301727749
82235,522,63,4,1254133640
82236,522,68,4,1253344802
82237,522,1102,4,1253343369
82238,522,69,4,1253344712
82239,522,70,4,1253344774
82240,522,71,3,1254100839
82241,522,1029,4,1449731613
82242,522,74,4,1253344684
82243,522,75,3,1253343431
82244,522,76,5,1449731619
82245,522,78,4,1255455457
82246,522,1137,4,1253343510
82247,522,1139,4,1254573617
82248,522,85,4,1253344794
82249,522,86,5,1253344729
82250,522,90,4,1253344805
82251,522,270,3,1388124733
82252,522,1166,4,1297482462
82253,522,271,4,1297482475
82254,522,1469,4,1297482460
82255,522,1470,4,1297482421
82256,522,1167,4,1297482385
82257,522,1140,3,1297482389
82258,522,1471,3,1297482393
82259,522,2420,4,1253345776
82260,522,98,4,1388124784
82261,522,102,4,1253344758
82262,522,104,3,1301727602
82263,522,1009,4,1253343387
82264,522,1501,4,1297482493
82265,522,234,4,1253345739
82266,522,109,4,1282293812
82267,522,730,4,1253344206
82268,522,837,2,1253343514
82269,522,122,5,1253344741
82270,522,1560,1,1253342899
82271,522,131,1,1253342796
82272,522,134,4,1297482579
82273,522,139,1,1253342906
82274,522,148,4,1253430147
82275,522,3642,0,1253342862
82276,522,1607,4,1297482469
82277,522,163,4,1297482767
82278,522,166,4,1254120441
82279,522,167,4,1253344718
82280,522,172,3,1253344785
82281,522,180,4,1388124649
82282,522,1179,3,1253345781
82283,522,1645,0,1253342933
82284,522,185,5,1253343711
82285,522,2189,4,1253342782
82286,522,1180,4,1255455440
82287,522,193,4,1253344769
82288,522,198,4,1253345736
82289,522,201,4,1371443537
82290,522,207,1,1253343024
82291,522,5735,4,1282293853
82292,522,220,4,1301727801
82293,522,430,2,1254101231
82294,522,278,3,1253344086
82295,522,742,3,1325711238
82296,522,1022,4,1253343477
82297,522,437,4,1254120419
82298,522,5336,2,1253343088
82299,522,445,3,1253343700
82300,522,1824,3,1388124645
82301,522,1125,4,1325711241
82302,522,753,4,1254547310
82303,522,754,3,1301727582
82304,522,2220,3,1371443542
82305,522,761,4,1399611342
82306,522,764,3,1388124669
82307,522,1205,4,1297482472
82308,522,765,2,1253345717
82309,522,767,1,1253342770
82310,522,1147,4,1254133614
82311,522,4281,3,1253343121
82312,522,4118,4,1325711214
82313,522,1210,4,1371443484
82314,522,771,5,1254573690
82315,522,878,0,1388124700
82316,522,4241,2,1253343244
82317,522,775,3,1255455532
82318,522,1130,4,1253344097
82319,522,1228,2,1254101217
82320,522,2266,4,1254101264
82321,522,1232,4,1301727782
82322,522,8682,3,1253957586
82323,522,8683,4,1254121616
82324,522,1131,5,1301727637
82325,522,3072,3,1325711234
82326,522,810,4,1253344153
82327,522,1242,4,1301727720
82328,522,1249,4,1254547304
82329,522,4758,5,1254545787
82330,522,1251,4,1325711221
82331,522,2307,4,1254573750
82332,522,1252,4,1301727765
82333,522,1254,4,1301727787
82334,522,1256,2,1254101184
82335,522,2055,3,1254573831
82336,522,1258,2,1253343400
82337,522,238,5,1253343683
82338,522,2317,3,1255455560
82339,522,824,5,1259346280
82340,522,2326,4,1254101205
82341,522,900,1,1388124796
82342,522,2058,3,1254719310
82343,522,1275,3,1301727822
82344,522,2059,4,1449724924
82345,522,904,2,1254101214
82346,522,4319,5,1254101221
82347,522,1280,4,1254573525
82348,522,239,5,1253343490
82349,522,1055,4,1255455578
82350,522,1286,5,1325711230
82351,522,1287,2,1253343269
82352,522,2377,5,1255064985
82353,522,912,4,1259346299
82354,522,8684,4,1301727587
82355,522,3449,4,1253981841
82356,522,1292,4,1254126450
82357,522,5977,2,1253343443
82358,522,1293,4,1400392469
82359,522,241,4,1253343807
82360,522,7156,4,1258778537
82361,522,2390,1,1253343401
82362,522,1152,3,1399611180
82363,522,1297,4,1254101170
82364,522,2991,2,1301727755
82365,522,1061,4,1253343721
82366,522,242,4,1258778547
82367,522,927,1,1388124675
82368,522,6526,4,1297482627
82369,522,1926,3,1301727656
82370,522,244,4,1371443530
82371,522,1313,4,1399611275
82372,522,8685,4,1325711168
82373,522,5627,4,1399611207
82374,522,245,5,1297482545
82375,522,1318,5,1297482343
82376,522,1153,4,1301727597
82377,522,1933,4,1301727592
82378,522,1934,3,1388124799
82379,522,935,5,1297482663
82380,522,1154,4,1301727567
82381,522,1155,4,1399611165
82382,522,3091,5,1297482357
82383,522,1064,3,1388124681
82384,522,1066,4,1314228652
82385,522,248,5,1388124970
82386,522,4343,5,1388124972
82387,522,3484,5,1399611202
82388,522,2410,4,1314228679
82389,522,1939,4,1371443567
82390,522,3095,4,1325653283
82391,522,1067,5,1388124779
82392,522,250,4,1388124665
82393,522,251,5,1388124661
82394,522,3163,5,1399611198
82395,522,3491,4,1371443471
82396,522,951,4,1371443534
82397,522,1070,3,1388124671
82398,522,2830,2,1449724955
82399,522,252,5,1388124637
82400,522,1346,3,1399611279
82401,522,1347,4,1399611171
82402,522,3167,5,1399611200
82403,522,2736,0,1449724936
82404,522,1075,5,1399611273
82405,522,1078,5,1449724951
82406,522,4388,5,1449724921
82407,523,482,4,1503126180
82408,523,589,5,1503125936
82409,523,598,4,1503126249
82410,523,233,5,1503126542
82411,523,21,4,1503125976
82412,523,472,5,1503126110
82413,523,23,4,1503126186
82414,523,29,4,1507987986
82415,523,671,4,1503126293
82416,523,480,4,1503126413
82417,523,1097,3,1503125952
82418,523,1485,4,1503126457
82419,523,234,5,1503125954
82420,523,988,5,1503126287
82421,523,193,4,1503126556
82422,523,204,5,1503126548
82423,523,220,5,1503126560
82424,523,278,4,1503126107
82425,523,434,5,1503133625
82426,523,1812,4,1503126243
82427,523,1126,5,1503125880
82428,523,754,5,1503125899
82429,523,755,5,1507987981
82430,523,3328,4,1503126399
82431,523,763,5,1503125806
82432,523,765,5,1503125927
82433,523,1045,5,1503125882
82434,523,766,5,1503127464
82435,523,1128,4,1503126004
82436,523,771,4,1507987910
82437,523,774,5,1503127492
82438,523,1218,5,1503127484
82439,523,775,5,1503125897
82440,523,1130,5,1503125938
82441,523,3352,5,1503126427
82442,523,797,5,1503133428
82443,523,4857,4,1503126150
82444,523,4304,4,1503126195
82445,523,4858,4,1503126208
82446,523,1150,5,1503125963
82447,523,2126,5,1503133561
82448,523,1240,4,1503126283
82449,523,1246,5,1503126355
82450,523,1255,4,1507987900
82451,523,2128,5,1503126533
82452,523,2979,4,1503126280
82453,523,7088,5,1503126374
82454,523,1054,5,1503126121
82455,523,904,4,1503126258
82456,523,1276,5,1503127481
82457,523,4319,5,1503126335
82458,523,239,5,1507987988
82459,523,2809,5,1503126357
82460,523,5265,5,1503126302
82461,523,243,5,1507987973
82462,523,1926,5,1503126092
82463,523,1933,3,1503126132
82464,523,6033,4,1503126392
82465,523,250,5,1507987950
82466,523,945,4,1503125877
82467,523,947,4,1503126296
82468,523,4360,5,1507987871
82469,523,2133,5,1503126386
82470,523,1959,4,1503126418
82471,523,1350,5,1503126360
82472,523,2834,5,1503126197
82473,523,253,5,1503126153
82474,523,1362,5,1503126021
82475,523,8686,5,1503126480
82476,523,1082,5,1503126157
82477,523,3925,4,1503126038
82478,523,1085,3,1503133609
82479,523,1380,5,1507987948
82480,523,1089,4,1503126170
82481,523,1393,5,1503126125
82482,524,1,4,851608466
82483,524,3,4,852404399
82484,524,487,4,851608818
82485,524,1400,1,852404800
82486,524,493,3,851609256
82487,524,3605,2,851609083
82488,524,292,3,852404913
82489,524,2164,2,851608986
82490,524,496,3,851608466
82491,524,293,3,851608466
82492,524,4,5,851608960
82493,524,5,2,851608781
82494,524,508,2,852404800
82495,524,510,3,852404550
82496,524,516,4,851608466
82497,524,8,3,851608745
82498,524,521,3,852404734
82499,524,7422,3,851609623
82500,524,464,5,851608745
82501,524,9,5,851608839
82502,524,465,3,851609297
82503,524,531,5,851608781
82504,524,532,3,851608818
82505,524,533,2,851608875
82506,524,1027,3,851609213
82507,524,1405,1,851609191
82508,524,540,3,851608818
82509,524,1024,2,851609711
82510,524,545,3,851608986
82511,524,547,3,851608839
82512,524,550,1,851609297
82513,524,15,4,851609487
82514,524,466,3,851609837
82515,524,16,5,851609016
82516,524,18,3,851609469
82517,524,233,1,851608745
82518,524,600,3,851609256
82519,524,1409,2,851609131
82520,524,471,3,851608987
82521,524,20,5,851608875
82522,524,23,5,851608818
82523,524,315,3,851608897
82524,524,619,3,851609083
82525,524,1410,2,851609412
82526,524,622,5,851608745
82527,524,473,4,851608943
82528,524,627,2,851609392
82529,524,1157,3,851608960
82530,524,638,3,851609114
82531,524,639,3,851608911
82532,524,26,5,851608781
82533,524,4054,2,851609114
82534,524,643,3,851609114
82535,524,475,4,851608781
82536,524,27,4,851608818
82537,524,648,4,851609229
82538,524,653,5,852404399
82539,524,657,3,851608818
82540,524,660,3,851609066
82541,524,1095,5,851609310
82542,524,2487,1,851609066
82543,524,31,4,851608897
82544,524,32,4,851608897
82545,524,828,3,851609037
82546,524,671,4,851608818
82547,524,323,4,851608745
82548,524,479,5,851608875
82549,524,34,3,851609280
82550,524,35,4,851608746
82551,524,38,3,851608466
82552,524,1159,3,852404591
82553,524,3004,3,852404563
82554,524,41,4,852404489
82555,524,42,3,851608466
82556,524,2660,3,852404821
82557,524,2996,4,852404444
82558,524,690,2,852404842
82559,524,43,3,851608466
82560,524,2427,3,852404399
82561,524,1431,3,852404399
82562,524,2444,4,852030454
82563,524,1435,4,851609869
82564,524,703,3,852404821
82565,524,708,2,851610049
82566,524,336,3,851609191
82567,524,1098,3,851609623
82568,524,46,3,851609788
82569,524,724,4,851609506
82570,524,2143,3,851609453
82571,524,1161,3,851609131
82572,524,2446,2,851609037
82573,524,1449,4,851609870
82574,524,59,4,852404531
82575,524,66,2,851609016
82576,524,725,3,851609016
82577,524,68,5,851609412
82578,524,349,3,852404399
82579,524,1102,1,851609665
82580,524,69,5,851609335
82581,524,70,5,851609213
82582,524,71,5,851609256
82583,524,1029,5,851609623
82584,524,1103,4,851609665
82585,524,73,4,851609788
82586,524,74,3,851609335
82587,524,76,3,851609753
82588,524,78,3,851609741
82589,524,354,5,851609623
82590,524,2416,4,851609597
82591,524,2079,5,851609788
82592,524,1139,4,851609487
82593,524,82,4,851609392
82594,524,2397,5,851609562
82595,524,726,3,851609506
82596,524,355,4,851609597
82597,524,3012,3,851609768
82598,524,357,5,851609711
82599,524,86,5,851609356
82600,524,269,4,851609711
82601,524,87,5,851609729
82602,524,88,5,851609768
82603,524,90,5,851609392
82604,524,270,3,851609643
82605,524,2178,5,851609729
82606,524,1166,4,851609869
82607,524,978,3,851609545
82608,524,1167,5,851609688
82609,524,1471,4,851609583
82610,524,979,4,851609711
82611,524,2668,3,851608517
82612,524,383,4,851609506
82613,525,1,4,1476475973
82614,525,482,3,1476480324
82615,525,461,3,1476480775
82616,525,463,4,1476477672
82617,525,4,3,1476476493
82618,525,1401,3,1476480566
82619,525,5,4,1476476363
82620,525,505,3,1476480183
82621,525,1403,3,1476478476
82622,525,464,4,1476480166
82623,525,528,3,1476480496
82624,525,538,3,1476477577
82625,525,13,3,1476477499
82626,525,561,4,1476477698
82627,525,16,4,1476475805
82628,525,588,3,1476477448
82629,525,589,4,1476477960
82630,525,598,3,1476480351
82631,525,233,4,1476475797
82632,525,605,3,1476476651
82633,525,21,4,1476475949
82634,525,472,4,1476476559
82635,525,23,3,1476477819
82636,525,621,2,1476480579
82637,525,622,3,1476476736
82638,525,473,4,1476476016
82639,525,26,3,1476481405
82640,525,27,4,1476476002
82641,525,28,3,1476478774
82642,525,660,4,1476478770
82643,525,29,4,1476481327
82644,525,1420,4,1476478152
82645,525,1421,2,1476480490
82646,525,828,3,1476480345
82647,525,323,3,1476476589
82648,525,35,3,1476481468
82649,525,480,1,1476476724
82650,525,324,3,1476476592
82651,525,36,1,1476480464
82652,525,481,4,1476476752
82653,525,37,4,1476481332
82654,525,674,3,1476480563
82655,525,40,2,1476480430
82656,525,41,4,1476482389
82657,525,723,3,1476481392
82658,525,693,2,1476480556
82659,525,331,4,1476478361
82660,525,332,4,1476478682
82661,525,265,4,1476478038
82662,525,1441,3,1476478690
82663,525,2997,4,1476478618
82664,525,45,3,1476476746
82665,525,337,3,1476480627
82666,525,2395,3,1476481374
82667,525,1774,3,1476478228
82668,525,863,4,1476478378
82669,525,54,1,1476480470
82670,525,56,3,1476480342
82671,525,57,2,1476478263
82672,525,2667,3,1476480386
82673,525,1775,4,1476477806
82674,525,1135,4,1476475914
82675,525,61,3,1476476473
82676,525,343,4,1476476403
82677,525,62,4,1476476788
82678,525,864,4,1476478367
82679,525,725,3,1476477463
82680,525,68,4,1476476369
82681,525,69,4,1476475807
82682,525,70,4,1476476375
82683,525,71,4,1476481383
82684,525,72,3,1476480148
82685,525,74,4,1476475901
82686,525,78,4,1476477525
82687,525,79,3,1476476644
82688,525,726,4,1476476442
82689,525,356,4,1476481379
82690,525,85,4,1476480715
82691,525,86,4,1476481462
82692,525,89,3,1476480434
82693,525,360,4,1476481343
82694,525,866,3,1476481389
82695,525,1474,4,1476478383
82696,525,3284,2,1476480382
82697,525,1475,4,1476477519
82698,525,99,3,1476477687
82699,525,1031,4,1476475991
82700,525,1493,3,1476477818
82701,525,1494,4,1476477659
82702,525,1009,3,1476477570
82703,525,729,4,1476477635
82704,525,1508,3,1476478177
82705,525,4060,3,1476478484
82706,525,110,3,1476477652
82707,525,730,3,1476477609
82708,525,376,3,1476480287
82709,525,379,3,1476476618
82710,525,380,3,1476478078
82711,525,5547,3,1476478071
82712,525,116,3,1476482379
82713,525,382,4,1476476784
82714,525,119,3,1476482432
82715,525,1777,3,1476476613
82716,525,121,1,1476480396
82717,525,125,3,1476478161
82718,525,128,4,1476480301
82719,525,272,2,1476480308
82720,525,1035,3,1476478188
82721,525,1779,4,1476480254
82722,525,1036,3,1476480391
82723,525,1780,3,1476478216
82724,525,1781,3,1476480481
82725,525,132,4,1476477845
82726,525,998,4,1476480786
82727,525,138,3,1476480289
82728,525,2150,3,1476480476
82729,525,1572,4,1476477528
82730,525,386,3,1476477615
82731,525,141,3,1476480807
82732,525,142,3,1476477626
82733,525,1584,3,1476477726
82734,525,147,4,1476477720
82735,525,392,4,1476476389
82736,525,1608,3,1476478192
82737,525,1609,4,1476478299
82738,525,4147,4,1476480415
82739,525,155,4,1476476634
82740,525,163,4,1476476481
82741,525,167,4,1476475829
82742,525,1001,4,1476477617
82743,525,172,3,1476476276
82744,525,178,4,1476478640
82745,525,1640,3,1476480305
82746,525,181,4,1476476420
82747,525,1648,3,1476477684
82748,525,1650,4,1476481454
82749,525,185,4,1476476361
82750,525,188,3,1476476479
82751,525,1180,4,1476476366
82752,525,2713,3,1476478464
82753,525,190,4,1476482372
82754,525,193,3,1476476380
82755,525,195,4,1476476556
82756,525,198,4,1476477549
82757,525,1118,4,1476478155
82758,525,199,4,1476476631
82759,525,200,4,1476478195
82760,525,201,4,1476477501
82761,525,736,4,1476478169
82762,525,1701,3,1476479582
82763,525,1713,3,1476482580
82764,525,422,3,1476479471
82765,525,1718,4,1476476429
82766,525,423,4,1476477716
82767,525,1725,4,1476478242
82768,525,218,3,1476480779
82769,525,1792,3,1476478395
82770,525,2122,4,1476480151
82771,525,220,3,1476476000
82772,525,223,4,1476476435
82773,525,1187,3,1476479375
82774,525,229,3,1476480835
82775,525,1764,3,1476476673
82776,525,867,3,1476479691
82777,525,429,4,1476476542
82778,525,430,4,1476478610
82779,525,740,4,1476479558
82780,525,1797,2,1476479462
82781,525,278,4,1476478055
82782,525,431,3,1476479910
82783,525,2715,2,1476480993
82784,525,741,3,1476479371
82785,525,4493,0,1476481125
82786,525,1800,3,1476479613
82787,525,432,4,1476476512
82788,525,434,4,1476477756
82789,525,3310,2,1476479665
82790,525,1803,4,1476478198
82791,525,743,2,1476478799
82792,525,1043,3,1476479448
82793,525,1805,4,1476478793
82794,525,1807,3,1476476988
82795,525,3312,3,1476476930
82796,525,445,4,1476476441
82797,525,1811,3,1476480320
82798,525,447,3,1476479382
82799,525,6208,3,1476477110
82800,525,1813,4,1476476868
82801,525,745,3,1476476130
82802,525,451,4,1476478032
82803,525,1815,2,1476479849
82804,525,1816,3,1476476827
82805,525,747,2,1476479396
82806,525,868,4,1476478743
82807,525,3320,2,1476479735
82808,525,5354,4,1476477019
82809,525,749,3,1476476979
82810,525,1823,1,1476479901
82811,525,1044,4,1476479424
82812,525,1194,1,1476479768
82813,525,1824,4,1476476861
82814,525,1195,4,1476476817
82815,525,3323,3,1476479776
82816,525,4950,3,1476482478
82817,525,1125,4,1476476463
82818,525,752,3,1476478749
82819,525,458,3,1476476203
82820,525,753,4,1476479350
82821,525,1126,4,1476476416
82822,525,2717,2,1476479528
82823,525,1832,4,1476477506
82824,525,2952,2,1476479822
82825,525,755,3,1476476678
82826,525,1834,4,1476476865
82827,525,1835,3,1476479784
82828,525,2124,4,1476476910
82829,525,869,3,1476477815
82830,525,4836,3,1476480402
82831,525,756,3,1476479479
82832,525,1198,3,1476480944
82833,525,2699,3,1476477042
82834,525,1842,2,1476478738
82835,525,758,2,1476476338
82836,525,4178,3,1476477053
82837,525,3328,3,1476476912
82838,525,848,2,1476476805
82839,525,762,3,1476479402
82840,525,763,4,1476478148
82841,525,871,2,1476479779
82842,525,1202,4,1476477215
82843,525,1851,0,1476479806
82844,525,2125,3,1476479852
82845,525,764,3,1476479366
82846,525,1204,4,1476476194
82847,525,857,3,1476479917
82848,525,1045,4,1476478158
82849,525,766,3,1476476138
82850,525,767,4,1476478362
82851,525,4851,3,1476479730
82852,525,874,2,1476479717
82853,525,1854,2,1476481009
82854,525,3189,1,1476479638
82855,525,3191,3,1476479569
82856,525,2233,3,1476480996
82857,525,3192,4,1476476997
82858,525,3193,4,1476477299
82859,525,769,2,1476476284
82860,525,876,4,1476479323
82861,525,1210,4,1476477479
82862,525,3194,4,1476476973
82863,525,1883,3,1476476927
82864,525,771,4,1476479347
82865,525,3071,2,1476479793
82866,525,2047,4,1476478045
82867,525,2107,4,1476479796
82868,525,1215,4,1476477518
82869,525,772,3,1476479501
82870,525,235,4,1476476091
82871,525,5422,3,1476477065
82872,525,773,2,1476476322
82873,525,3195,4,1476476904
82874,525,878,4,1476477646
82875,525,3142,3,1476479675
82876,525,2251,4,1476476849
82877,525,1218,3,1476479475
82878,525,4983,1,1476480525
82879,525,4507,3,1476477045
82880,525,1220,2,1476481119
82881,525,3344,4,1476476469
82882,525,1130,3,1476477712
82883,525,1048,4,1476476525
82884,525,2517,3,1476479737
82885,525,885,4,1476478633
82886,525,886,3,1476476313
82887,525,4887,4,1476478587
82888,525,8687,3,1476477370
82889,525,779,3,1476476263
82890,525,3348,4,1476477022
82891,525,780,4,1476479356
82892,525,2120,4,1476477072
82893,525,3146,4,1476478720
82894,525,2048,3,1476477211
82895,525,888,3,1476476897
82896,525,2049,3,1476476815
82897,525,1227,3,1476476859
82898,525,4244,3,1476477863
82899,525,1228,4,1476477523
82900,525,3147,3,1476479726
82901,525,2266,4,1476475850
82902,525,3354,4,1476476968
82903,525,1229,3,1476476915
82904,525,2268,3,1476477102
82905,525,795,3,1476476089
82906,525,2518,3,1476476948
82907,525,2272,4,1476476934
82908,525,4302,4,1476480766
82909,525,1131,4,1476476962
82910,525,3072,3,1476481149
82911,525,3073,3,1476479739
82912,525,2484,3,1476477097
82913,525,1236,4,1476477373
82914,525,1150,4,1476476503
82915,525,807,3,1476476598
82916,525,1239,4,1476476406
82917,525,2286,4,1476479515
82918,525,809,3,1476475848
82919,525,1240,3,1476478249
82920,525,895,4,1476476307
82921,525,810,3,1476475931
82922,525,3216,3,1476477231
82923,525,1241,1,1476481056
82924,525,1892,3,1476477777
82925,525,1242,4,1476476153
82926,525,2127,3,1476479408
82927,525,1246,3,1476479657
82928,525,814,4,1476479772
82929,525,896,4,1476479703
82930,525,1894,3,1476476134
82931,525,5249,3,1476478472
82932,525,1895,3,1476479543
82933,525,3374,3,1476478332
82934,525,816,4,1476478488
82935,525,7395,4,1476480518
82936,525,1251,3,1476476125
82937,525,2307,4,1476477562
82938,525,1252,4,1476476444
82939,525,1253,4,1476478824
82940,525,818,3,1476479641
82941,525,3385,4,1476476530
82942,525,1255,2,1476479883
82943,525,2805,4,1476478343
82944,525,1256,4,1476476430
82945,525,1899,3,1476480514
82946,525,5194,3,1476478410
82947,525,3392,4,1476477270
82948,525,1050,2,1476481144
82949,525,2316,1,1476479512
82950,525,1133,4,1476476411
82951,525,1051,4,1476477416
82952,525,1052,4,1476476532
82953,525,824,3,1476476685
82954,525,826,3,1476476647
82955,525,1053,3,1476478189
82956,525,900,3,1476476223
82957,525,1905,3,1476477593
82958,525,3407,4,1476477866
82959,525,2333,4,1476478443
82960,525,1268,3,1476481044
82961,525,1269,2,1476480954
82962,525,2519,4,1476479546
82963,525,4148,4,1476478452
82964,525,1270,1,1476479602
82965,525,2058,3,1476479550
82966,525,3414,3,1476477279
82967,525,3806,3,1476477492
82968,525,3424,3,1476476735
82969,525,904,4,1476477548
82970,525,8490,4,1476477322
82971,525,905,2,1476476585
82972,525,1279,3,1476477536
82973,525,239,4,1476475911
82974,525,1911,4,1476477554
82975,525,3435,3,1476477272
82976,525,1055,3,1476475926
82977,525,1283,3,1476479589
82978,525,1056,3,1476476601
82979,525,3081,3,1476476259
82980,525,909,3,1476477874
82981,525,1286,3,1476476252
82982,525,2063,4,1476477238
82983,525,2130,2,1476479753
82984,525,2523,4,1476478005
82985,525,1287,3,1476476638
82986,525,912,3,1476476297
82987,525,913,1,1476479759
82988,525,5265,3,1476476667
82989,525,2066,3,1476476653
82990,525,915,2,1476477858
82991,525,1292,3,1476477421
82992,525,3084,2,1476478741
82993,525,1059,4,1476477892
82994,525,1296,2,1476481066
82995,525,1152,3,1476475953
82996,525,916,3,1476476057
82997,525,1297,3,1476479405
82998,525,917,3,1476477655
82999,525,1060,4,1476477504
83000,525,918,4,1476479562
83001,525,1061,4,1476476748
83002,525,920,3,1476478092
83003,525,7652,3,1476477379
83004,525,1063,3,1476476247
83005,525,5630,4,1476477288
83006,525,242,3,1476477631
83007,525,3520,4,1476478712
83008,525,927,3,1476476148
83009,525,8142,2,1476480590
83010,525,1308,2,1476479713
83011,525,1926,4,1476476029
83012,525,1312,3,1476476697
83013,525,1134,3,1476476641
83014,525,932,3,1476477471
83015,525,245,4,1476475918
83016,525,1318,4,1476476446
83017,525,1153,4,1476478087
83018,525,933,4,1476476539
83019,525,1932,3,1476478239
83020,525,1933,4,1476476648
83021,525,1934,4,1476476110
83022,525,935,4,1476476523
83023,525,936,3,1476476758
83024,525,1325,3,1476476230
83025,525,3485,3,1476477542
83026,525,1328,3,1476476708
83027,525,1939,3,1476476714
83028,525,1331,3,1476476161
83029,525,942,4,1476477734
83030,525,1940,2,1476476742
83031,525,943,4,1476478020
83032,525,1067,4,1476476054
83033,525,1068,3,1476476085
83034,525,250,3,1476476041
83035,525,8688,3,1476477383
83036,525,1945,4,1476476628
83037,525,2993,4,1476477224
83038,525,1948,3,1476476190
83039,525,3491,4,1476480662
83040,525,947,4,1476478251
83041,525,951,4,1476476075
83042,525,8689,2,1476477332
83043,525,1953,4,1476476561
83044,525,1070,4,1476476032
83045,525,2412,3,1476477729
83046,525,2829,3,1476480340
83047,525,2830,4,1476476515
83048,525,7679,4,1476477282
83049,525,2532,4,1476477618
83050,525,953,3,1476476565
83051,525,8690,3,1476477304
83052,525,5013,3,1476478213
83053,525,2411,3,1476478303
83054,525,3099,4,1476478440
83055,525,2133,3,1476476694
83056,525,1347,2,1476481079
83057,525,1348,4,1476476681
83058,525,8122,4,1476477385
83059,525,1960,4,1476475981
83060,525,6723,4,1476477248
83061,525,3104,2,1476476070
83062,525,1354,3,1476476082
83063,525,5647,4,1476482422
83064,525,960,3,1476476140
83065,525,8691,4,1476477309
83066,525,1981,3,1476476717
83067,525,962,4,1476480665
83068,525,254,4,1476479385
83069,525,1075,4,1476476051
83070,525,1357,3,1476476045
83071,525,2536,2,1476477862
83072,525,1076,4,1476475963
83073,525,2537,3,1476477796
83074,525,1358,3,1476481109
83075,525,255,3,1476476536
83076,525,1077,3,1476476450
83077,525,1078,4,1476475958
83078,525,1362,4,1476476497
83079,525,1363,3,1476479834
83080,525,2001,3,1476476206
83081,525,4714,3,1476477220
83082,525,967,4,1476475993
83083,525,8692,4,1476482591
83084,525,258,4,1476475970
83085,525,1081,4,1476475870
83086,525,1366,2,1476476098
83087,525,1367,3,1476476113
83088,525,1082,3,1476475826
83089,525,1369,3,1476476765
83090,525,8693,3,1476477337
83091,525,2013,2,1476478375
83092,525,1085,4,1476476461
83093,525,8694,3,1476477344
83094,525,1086,4,1476475988
83095,525,2017,3,1476479987
83096,525,2741,2,1476477228
83097,525,5654,4,1476477939
83098,525,6128,4,1476477263
83099,525,1376,3,1476476169
83100,525,2861,3,1476478201
83101,525,8695,4,1476480355
83102,525,5659,3,1476478527
83103,525,5660,3,1476477916
83104,525,5662,4,1476477908
83105,525,8696,3,1476477605
83106,525,8676,3,1476478508
83107,525,1089,3,1476475864
83108,525,4002,3,1476478221
83109,525,2747,4,1476477259
83110,525,8697,2,1476478403
83111,525,8698,3,1476480054
83112,525,8699,3,1476480017
83113,526,304,5,1502132362
83114,526,17,4,1502132896
83115,526,2435,3,1502132664
83116,526,233,4,1502131858
83117,526,35,4,1502131895
83118,526,37,4,1502132105
83119,526,1160,4,1502132900
83120,526,3137,4,1502132694
83121,526,354,4,1502132985
83122,526,726,4,1502131983
83123,526,3707,4,1502132801
83124,526,866,3,1502132038
83125,526,109,4,1502132102
83126,526,1171,4,1502131992
83127,526,122,3,1502131903
83128,526,392,5,1502131848
83129,526,2575,4,1502132716
83130,526,179,4,1502132212
83131,526,185,4,1502132977
83132,526,193,4,1502131918
83133,526,205,4,1502132559
83134,526,215,5,1502133084
83135,526,431,5,1502132302
83136,526,434,4,1502132883
83137,526,437,5,1502132876
83138,526,1126,4,1502131985
83139,526,1832,4,1502133553
83140,526,1215,5,1502132341
83141,526,1218,4,1502132138
83142,526,795,4,1502133128
83143,526,2050,3,1502132058
83144,526,8700,4,1502133927
83145,526,1253,4,1502132890
83146,526,1256,5,1502132988
83147,526,2326,4,1502133592
83148,526,1272,4,1502131998
83149,526,3592,4,1502132578
83150,526,1056,4,1502132012
83151,526,910,3,1502132349
83152,526,2726,5,1502132409
83153,526,1290,3,1502132986
83154,526,916,3,1502132026
83155,526,935,4,1502132055
83156,526,6076,5,1502132492
83157,526,945,5,1502131880
83158,526,951,3,1502133036
83159,526,2736,4,1502132907
83160,526,253,4,1502132937
83161,526,1974,4,1502133081
83162,526,1976,4,1502132005
83163,526,962,4,1502132908
83164,526,2538,5,1502133483
83165,526,1371,5,1502138891
83166,526,1085,4,1502133565
83167,526,8701,4,1502136543
83168,526,4815,2,1502132474
83169,526,8702,4,1502136508
83170,526,8703,3,1502136622
83171,527,482,4,1033173338
83172,527,6915,1,1033173581
83173,527,461,5,1033173966
83174,527,1401,3,1033173290
83175,527,16,5,1033173453
83176,527,600,4,1033175897
83177,527,472,4,1033174482
83178,527,639,5,1033175280
83179,527,640,4,1033176198
83180,527,27,5,1033174024
83181,527,29,1,1033173319
83182,527,1420,3,1033174530
83183,527,323,5,1033175105
83184,527,33,5,1033175729
83185,527,35,5,1033173303
83186,527,324,5,1033174224
83187,527,673,4,1033176186
83188,527,41,5,1033175310
83189,527,42,3,1033175858
83190,527,43,4,1033175078
83191,527,264,4,1033176269
83192,527,336,4,1033173535
83193,527,1098,4,1033173751
83194,527,45,5,1033175704
83195,527,337,3,1033173833
83196,527,2143,4,1033175729
83197,527,3281,4,1033175897
83198,527,863,3,1033173861
83199,527,56,4,1033175958
83200,527,1775,5,1033173992
83201,527,61,5,1033175771
83202,527,62,2,1033174428
83203,527,66,5,1033173716
83204,527,2998,4,1033175443
83205,527,1451,5,1033175938
83206,527,69,5,1033173260
83207,527,71,5,1033175704
83208,527,72,3,1033174024
83209,527,74,5,1033174098
83210,527,76,5,1033176358
83211,527,726,4,1033174269
83212,527,355,3,1033173667
83213,527,3012,4,1033175704
83214,527,84,5,1033176375
83215,527,356,4,1033173885
83216,527,1455,4,1033173847
83217,527,86,4,1033173871
83218,527,89,3,1033174317
83219,527,2146,4,1033173847
83220,527,90,4,1033175704
83221,527,1461,5,1033174126
83222,527,2903,4,1033176393
83223,527,1166,4,1033174962
83224,527,271,4,1033176045
83225,527,1469,4,1033175972
83226,527,1470,4,1033176126
83227,527,1167,5,1033175858
83228,527,1471,4,1033175078
83229,527,2147,5,1033176375
83230,527,2420,4,1033175160
83231,527,1476,3,1033174253
83232,527,1168,3,1033175993
83233,527,1493,4,1033175858
83234,527,103,5,1033176045
83235,527,1504,4,1033175310
83236,527,2566,4,1033175078
83237,527,1526,4,1033175938
83238,527,1033,5,1033175381
83239,527,5196,4,1033173833
83240,527,1171,5,1033173355
83241,527,382,5,1033173338
83242,527,5113,2,1033173275
83243,527,2999,5,1033174344
83244,527,1543,4,1033174400
83245,527,2905,5,1033176375
83246,527,118,5,1033174372
83247,527,6373,3,1033176108
83248,527,126,3,1033176045
83249,527,6375,4,1033174428
83250,527,1036,3,1033174240
83251,527,133,4,1033175518
83252,527,135,5,1033175858
83253,527,1567,5,1033175105
83254,527,1782,4,1033175003
83255,527,137,5,1033174269
83256,527,4066,4,1033174935
83257,527,387,4,1033175031
83258,527,2040,4,1033174070
83259,527,141,5,1033175938
83260,527,143,5,1033176011
83261,527,273,5,1033175078
83262,527,3227,4,1033174145
83263,527,5499,4,1033174848
83264,527,1601,5,1033174126
83265,527,151,3,1033175830
83266,527,5121,3,1033176011
83267,527,999,4,1033176149
83268,527,3028,4,1033175938
83269,527,158,5,1033176282
83270,527,1618,5,1033175421
83271,527,160,5,1033175858
83272,527,3292,5,1033176126
83273,527,5723,5,1033176258
83274,527,164,4,1033175958
83275,527,165,5,1033174513
83276,527,2918,4,1033175105
83277,527,1784,4,1033173966
83278,527,2921,4,1033173338
83279,527,178,5,1033174848
83280,527,181,4,1033176358
83281,527,8704,1,1033173581
83282,527,183,5,1033173667
83283,527,1656,5,1033176161
83284,527,6389,4,1033173933
83285,527,1661,4,1033174400
83286,527,2592,4,1033175729
83287,527,186,5,1033174282
83288,527,1180,4,1033174269
83289,527,2713,1,1033173260
83290,527,189,4,1033175331
83291,527,190,4,1033174372
83292,527,3299,4,1033176186
83293,527,1669,4,1033175878
83294,527,195,2,1033175771
83295,527,1672,4,1033176405
83296,527,5606,5,1033176063
83297,527,411,4,1033175518
83298,527,4155,5,1033174045
83299,527,1683,4,1033174178
83300,527,736,4,1033173933
83301,527,204,5,1033174045
83302,527,277,4,1033175017
83303,527,3505,4,1033173644
83304,527,1712,4,1033173833
83305,527,1716,4,1033176242
83306,527,1718,5,1033174400
83307,527,215,5,1033174070
83308,527,1039,5,1033176358
83309,527,6002,5,1033175993
83310,527,8705,4,1033176242
83311,527,8706,4,1033176258
83312,527,1747,5,1033175972
83313,527,1187,4,1033174482
83314,527,1803,5,1033175431
83315,527,1811,4,1033175914
83316,527,2625,3,1033175331
83317,527,7273,1,1033173581
83318,527,1813,4,1033175878
83319,527,1192,3,1033174145
83320,527,8707,4,1033173355
83321,527,2947,3,1033175346
83322,527,1146,5,1033175783
83323,527,1822,5,1033175958
83324,527,1044,4,1033174192
83325,527,4947,3,1033175173
83326,527,8237,4,1033173514
83327,527,4949,4,1033175185
83328,527,458,5,1033174070
83329,527,4232,5,1033173682
83330,527,5168,4,1033174224
83331,527,5506,5,1033175803
83332,527,2953,4,1033176215
83333,527,232,5,1033175213
83334,527,756,4,1033174442
83335,527,7756,5,1033175227
83336,527,5511,5,1033175914
83337,527,8708,1,1033173581
83338,528,1,2,1391736605
83339,528,8,5,1391736104
83340,528,464,4,1391736830
83341,528,17,4,1391735987
83342,528,21,5,1391736163
83343,528,26,4,1391736276
83344,528,479,4,1391736600
83345,528,35,4,1391735957
83346,528,1160,4,1391736243
83347,528,1135,5,1391736474
83348,528,75,4,1391735936
83349,528,79,4,1391736165
83350,528,354,3,1391736086
83351,528,82,4,1391736817
83352,528,90,3,1391736260
83353,528,234,5,1391736173
83354,528,1513,4,1391735730
83355,528,1171,3,1391736663
83356,528,992,3,1391734409
83357,528,1037,5,1391734394
83358,528,148,4,1391735974
83359,528,160,2,1391734359
83360,528,167,5,1391735927
83361,528,403,3,1391734364
83362,528,185,1,1391735963
83363,528,1686,2,1391734371
83364,528,204,3,1391736303
83365,528,220,5,1391736421
83366,528,4274,2,1391734630
83367,528,1022,5,1391736181
83368,528,4869,4,1391736350
83369,528,752,3,1391736859
83370,528,755,4,1391736517
83371,528,1840,4,1391734555
83372,528,1199,5,1391736760
83373,528,3653,3,1391734854
83374,528,1854,2,1391736766
83375,528,876,2,1391736781
83376,528,235,3,1391736709
83377,528,1048,3,1391736898
83378,528,3147,2,1391736726
83379,528,810,4,1391736326
83380,528,5639,0,1391736467
83381,528,4996,1,1391735150
83382,528,1251,3,1391736608
83383,528,1252,4,1391736786
83384,528,238,4,1391736036
83385,528,2320,2,1391736752
83386,528,6048,3,1391735325
83387,528,1274,1,1391734657
83388,528,2344,5,1391734979
83389,528,2059,1,1391736282
83390,528,239,5,1391735904
83391,528,1055,3,1391736537
83392,528,2726,1,1391736795
83393,528,1058,3,1391736223
83394,528,1293,4,1391736701
83395,528,3522,2,1391735185
83396,528,1153,3,1391736916
83397,528,247,4,1391736228
83398,528,1933,1,1391736522
83399,528,1934,1,1391736846
83400,528,5861,5,1391736410
83401,528,1939,1,1391736340
83402,528,3095,4,1391736722
83403,528,1067,3,1391736248
83404,528,250,4,1391736159
83405,528,251,4,1391736693
83406,528,6087,0,1391735365
83407,528,2532,3,1391736504
83408,528,1345,3,1391736746
83409,528,1074,4,1391736631
83410,528,253,4,1391736611
83411,529,1,3,855583216
83412,529,485,2,855583292
83413,529,293,5,855583215
83414,529,505,3,855583216
83415,529,506,1,855583470
83416,529,516,4,855583216
83417,529,519,3,855583362
83418,529,523,4,855583422
83419,529,525,3,855583216
83420,529,16,5,855583422
83421,529,677,3,855583422
83422,529,38,3,855583216
83423,529,1159,4,855583362
83424,529,39,3,855583422
83425,529,687,3,855583519
83426,529,688,2,855583470
83427,529,41,5,855583292
83428,529,42,4,855583216
83429,529,1428,3,855583470
83430,529,1429,1,855583519
83431,529,43,4,855583215
83432,529,1026,1,855583362
83433,529,2427,5,855583362
83434,529,1431,3,855583362
83435,529,61,3,855583292
83436,530,488,4,843227087
83437,530,464,4,843226673
83438,530,531,3,843226836
83439,530,550,3,843226873
83440,530,588,4,843226801
83441,530,470,3,843226909
83442,530,600,3,843226768
83443,530,605,4,843226873
83444,530,20,4,843226722
83445,530,609,3,843227072
83446,530,21,5,843226801
83447,530,622,3,843226940
83448,530,473,2,843226673
83449,530,637,4,843227051
83450,530,639,5,843226873
83451,530,26,5,843226768
83452,530,475,4,843227122
83453,530,27,4,843226836
83454,530,28,3,843226940
83455,530,320,3,843227101
83456,530,322,4,843227051
83457,530,828,3,843227030
83458,530,671,5,843227030
83459,530,33,5,843226667
83460,530,34,4,843227185
83461,530,35,4,843226768
83462,530,481,4,843227030
83463,531,487,4,1032961647
83464,531,16,5,1032961819
83465,531,27,4,1032961510
83466,531,33,3,1032961880
83467,531,35,5,1032961647
83468,531,41,4,1032961914
83469,531,45,3,1032961819
83470,531,71,5,1032961819
83471,531,1452,2,1032961880
83472,531,356,5,1032961819
83473,531,1109,2,1032961510
83474,531,90,5,1032961840
83475,531,364,4,1032961510
83476,531,1171,5,1032961546
83477,531,5722,3,1032961599
83478,531,173,3,1032961914
83479,531,1748,3,1032961914
83480,531,4091,2,1032961647
83481,531,8709,3,1032961647
83482,531,868,3,1032961599
83483,531,754,5,1032961880
83484,531,757,5,1032961880
83485,532,3,5,1025523798
83486,532,8,5,1025523258
83487,532,1094,4,1025523322
83488,532,469,3,1025570521
83489,532,589,3,1025570482
83490,532,233,4,1025570372
83491,532,26,5,1025523686
83492,532,27,4,1025523745
83493,532,5698,5,1025523354
83494,532,29,5,1025570372
83495,532,479,4,1025523716
83496,532,35,4,1025570401
83497,532,37,4,1025570451
83498,532,3004,4,1025523354
83499,532,1028,5,1025523642
83500,532,71,4,1025523148
83501,532,1029,5,1025523686
83502,532,75,5,1025570428
83503,532,76,5,1025523686
83504,532,2079,5,1025523686
83505,532,82,4,1025523716
83506,532,2397,5,1025523686
83507,532,1165,4,1025570482
83508,532,90,5,1025523779
83509,532,361,3,1025523716
83510,532,2558,5,1025523392
83511,532,102,5,1025523815
83512,532,728,5,1025523745
83513,532,234,3,1025570521
83514,532,988,5,1025523226
83515,532,2039,4,1025523203
83516,532,116,3,1025523798
83517,532,837,4,1025523392
83518,532,122,5,1025523643
83519,532,1141,5,1025523745
83520,532,273,4,1025523852
83521,532,148,4,1025570451
83522,532,151,4,1025523852
83523,532,155,4,1025523852
83524,532,167,5,1025523745
83525,532,185,4,1025570401
83526,532,193,5,1025570428
83527,532,204,5,1025570575
83528,532,225,5,1025523852
83529,532,6921,4,1025523872
83530,532,6716,5,1025523872
83531,532,1191,4,1025523292
83532,532,2632,3,1025523643
83533,532,2649,3,1025523643
83534,532,8086,2,1025523292
83535,533,1,5,1424753740
83536,533,21,5,1424753674
83537,533,1029,4,1424753991
83538,533,76,4,1424753977
83539,533,1452,5,1424754092
83540,533,84,4,1424753985
83541,533,92,3,1424754004
83542,533,2147,4,1424754001
83543,533,2905,5,1424754043
83544,533,2040,3,1424754028
83545,533,273,5,1424754014
83546,533,1618,3,1424754053
83547,533,163,4,1424753660
83548,533,167,5,1424753506
83549,533,1180,3,1424753690
83550,533,193,5,1424753523
83551,533,4085,5,1424754175
83552,533,3140,5,1424754102
83553,533,752,5,1424753723
83554,533,1126,5,1424753646
83555,533,1046,3,1424754019
83556,533,2266,3,1424754031
83557,533,1256,3,1424753703
83558,533,2056,5,1424754074
83559,533,2987,5,1424754132
83560,533,5685,5,1424754039
83561,533,2523,5,1424753998
83562,533,1292,3,1424753665
83563,533,916,5,1424753652
83564,533,245,4,1424753514
83565,533,3624,5,1424754126
83566,533,3479,5,1424754058
83567,533,2530,5,1424754071
83568,533,3639,5,1424754155
83569,533,967,5,1424753539
83570,533,7955,3,1424753618
83571,533,8710,3,1424753585
83572,533,4798,5,1424753554
83573,534,1,4,1459787997
83574,534,482,4,1459787996
83575,534,487,4,1459787996
83576,534,493,4,1459787996
83577,534,260,3,1459788707
83578,534,461,4,1459793302
83579,534,972,4,1459788735
83580,534,4,4,1459787998
83581,534,1401,4,1459792580
83582,534,519,4,1459787997
83583,534,465,3,1459787996
83584,534,528,4,1465036614
83585,534,530,3,1459788743
83586,534,532,4,1459787998
83587,534,5288,3,1459797094
83588,534,1405,4,1459787997
83589,534,538,4,1459787999
83590,534,550,4,1459788715
83591,534,13,4,1465036485
83592,534,14,3,1465036569
83593,534,466,4,1465036574
83594,534,16,4,1459787998
83595,534,18,3,1459787997
83596,534,471,3,1459787997
83597,534,21,4,1459787998
83598,534,472,4,1459787997
83599,534,23,4,1459787997
83600,534,4861,4,1459789158
83601,534,1157,4,1459787997
83602,534,27,4,1459787998
83603,534,28,4,1459787996
83604,534,2655,4,1459787997
83605,534,1420,4,1459792411
83606,534,828,4,1459787997
83607,534,323,4,1459787997
83608,534,34,4,1459787996
83609,534,35,4,1459787998
83610,534,36,4,1459787996
83611,534,1159,4,1465036594
83612,534,42,3,1459795340
83613,534,43,4,1459787997
83614,534,693,4,1459787996
83615,534,1026,3,1465036600
83616,534,1431,3,1465036540
83617,534,1432,4,1459788750
83618,534,2667,4,1459787998
83619,534,1135,4,1459787998
83620,534,66,4,1459787996
83621,534,69,4,1459787997
83622,534,71,4,1459787998
83623,534,74,4,1459787997
83624,534,1452,4,1459788852
83625,534,86,5,1459787998
83626,534,89,4,1459787996
83627,534,90,4,1459787998
83628,534,978,4,1459787998
83629,534,93,3,1459787996
83630,534,2147,4,1459787997
83631,534,1485,3,1465036544
83632,534,99,4,1465036489
83633,534,1031,4,1459787997
83634,534,1168,3,1459787997
83635,534,1492,3,1459788738
83636,534,1493,4,1459787997
83637,534,102,4,1459787997
83638,534,1496,3,1459796083
83639,534,1497,3,1459796076
83640,534,108,4,1459787997
83641,534,729,5,1459787998
83642,534,1508,4,1459787997
83643,534,988,4,1459787998
83644,534,730,3,1465036523
83645,534,2463,4,1459795338
83646,534,1524,3,1459795378
83647,534,996,4,1459787995
83648,534,1532,3,1459796077
83649,534,376,4,1459787997
83650,534,731,4,1459787996
83651,534,379,4,1459787998
83652,534,1544,4,1459787998
83653,534,1545,4,1459787998
83654,534,119,4,1459787996
83655,534,836,4,1459787998
83656,534,120,4,1459787998
83657,534,121,4,1459787998
83658,534,122,4,1459787998
83659,534,126,4,1459787996
83660,534,272,3,1459787996
83661,534,1035,4,1459787997
83662,534,1036,4,1459787998
83663,534,1781,4,1459787996
83664,534,135,4,1459787998
83665,534,141,4,1459793726
83666,534,1575,4,1459787996
83667,534,142,4,1459787997
83668,534,146,4,1459787997
83669,534,147,4,1459787997
83670,534,1593,4,1459787996
83671,534,392,5,1459787996
83672,534,148,4,1459787997
83673,534,1601,3,1459787996
83674,534,1608,5,1459787996
83675,534,167,4,1459787998
83676,534,171,4,1459787996
83677,534,172,3,1459787995
83678,534,173,4,1459787996
83679,534,400,4,1459795330
83680,534,180,3,1459792416
83681,534,1179,4,1459787999
83682,534,181,4,1459787997
83683,534,735,4,1459787997
83684,534,1645,3,1459796053
83685,534,402,4,1459787998
83686,534,185,3,1459787997
83687,534,190,4,1465036794
83688,534,191,4,1465036790
83689,534,192,4,1465036787
83690,534,1182,3,1459787996
83691,534,194,4,1459787997
83692,534,5129,4,1459787997
83693,534,195,4,1459787996
83694,534,197,3,1465036809
83695,534,736,4,1459787997
83696,534,1787,3,1459787996
83697,534,1011,4,1459787995
83698,534,1725,4,1459787996
83699,534,218,4,1459787996
83700,534,220,4,1459787998
83701,534,1014,4,1459787996
83702,534,1868,2,1465036844
83703,534,1187,4,1459787997
83704,534,1757,3,1459787997
83705,534,229,4,1459787998
83706,534,1797,5,1459787999
83707,534,1022,4,1459787998
83708,534,3552,4,1459787995
83709,534,1812,4,1459787996
83710,534,745,4,1459787998
83711,534,1815,4,1459787997
83712,534,1817,4,1459787996
83713,534,747,4,1459795326
83714,534,1819,4,1459792431
83715,534,6209,4,1459787996
83716,534,1822,4,1459787997
83717,534,1880,4,1459787996
83718,534,1194,4,1459787996
83719,534,1195,4,1459787997
83720,534,751,4,1459787999
83721,534,752,4,1459787998
83722,534,3615,4,1459788975
83723,534,458,4,1459787996
83724,534,2695,3,1459788690
83725,534,753,4,1459787997
83726,534,754,4,1459787998
83727,534,755,4,1459787997
83728,534,756,2,1459792583
83729,534,1881,4,1459788653
83730,534,1843,4,1459787996
83731,534,757,3,1459787998
83732,534,758,3,1459787997
83733,534,1199,4,1459787997
83734,534,3328,4,1459787997
83735,534,759,4,1459787997
83736,534,2477,5,1459787999
83737,534,760,3,1459787997
83738,534,1200,5,1459788639
83739,534,3748,3,1459788952
83740,534,764,4,1459787995
83741,534,2752,4,1459787996
83742,534,765,4,1459787997
83743,534,857,3,1459788624
83744,534,1853,4,1459787996
83745,534,768,4,1459787998
83746,534,1209,3,1459787999
83747,534,876,4,1459787998
83748,534,3332,3,1459787997
83749,534,3658,4,1459787995
83750,534,771,4,1459787998
83751,534,3659,4,1459787996
83752,534,2960,4,1459789017
83753,534,3259,4,1459787996
83754,534,772,4,1459787998
83755,534,235,4,1459787998
83756,534,2251,4,1459795392
83757,534,774,4,1459787998
83758,534,775,4,1459787997
83759,534,1047,4,1459787996
83760,534,883,4,1459787998
83761,534,1222,4,1459787997
83762,534,1048,4,1459787998
83763,534,886,3,1459788600
83764,534,1884,4,1465036860
83765,534,288,4,1459787997
83766,534,779,3,1459787998
83767,534,1226,2,1459787998
83768,534,780,3,1459787995
83769,534,2753,4,1459787995
83770,534,782,4,1459787998
83771,534,783,4,1459787998
83772,534,4892,4,1459795358
83773,534,1049,3,1459787997
83774,534,3351,4,1459794856
83775,534,2266,4,1459787998
83776,534,1229,4,1459792429
83777,534,795,4,1459787998
83778,534,798,3,1459787995
83779,534,799,2,1459787996
83780,534,8711,4,1459793333
83781,534,5622,3,1459796999
83782,534,1131,4,1459787997
83783,534,3072,4,1459787997
83784,534,3073,4,1459787996
83785,534,1891,5,1459787999
83786,534,803,4,1459788815
83787,534,805,4,1459787997
83788,534,807,4,1459787998
83789,534,1239,4,1459794869
83790,534,809,4,1459787997
83791,534,1240,3,1459787998
83792,534,5245,4,1459787998
83793,534,810,3,1459787998
83794,534,1241,3,1459788696
83795,534,1892,5,1459787999
83796,534,2127,4,1459787998
83797,534,8712,4,1459797083
83798,534,1245,4,1459787997
83799,534,1246,4,1459787997
83800,534,4838,4,1459789010
83801,534,1893,3,1459787997
83802,534,1894,4,1459787997
83803,534,2300,4,1459787998
83804,534,3378,4,1459789024
83805,534,4759,3,1459787996
83806,534,2305,3,1459787996
83807,534,1251,4,1459787997
83808,534,1896,4,1459787996
83809,534,3383,3,1459787997
83810,534,817,4,1459787998
83811,534,1898,4,1459787998
83812,534,1255,4,1459787998
83813,534,5755,3,1459787996
83814,534,821,2,1459795332
83815,534,1256,2,1459788454
83816,534,1899,4,1459787996
83817,534,1258,5,1459788794
83818,534,2316,2,1459788439
83819,534,1051,4,1459787997
83820,534,824,4,1459787996
83821,534,1053,4,1459787998
83822,534,8713,4,1459793359
83823,534,2326,4,1459787998
83824,534,5957,3,1459788895
83825,534,900,4,1459787996
83826,534,3403,4,1459787997
83827,534,2979,3,1459787998
83828,534,1905,4,1459787998
83829,534,1906,3,1459787998
83830,534,1264,3,1459787995
83831,534,8714,3,1459787998
83832,534,8715,3,1459787998
83833,534,2057,4,1459787997
83834,534,1268,3,1459787998
83835,534,1269,2,1459787997
83836,534,3409,5,1459787999
83837,534,3154,4,1459787996
83838,534,1270,3,1459787996
83839,534,2058,3,1459787997
83840,534,3516,3,1459787997
83841,534,3424,4,1459787996
83842,534,2060,3,1459795438
83843,534,1054,3,1459787997
83844,534,2349,4,1459787996
83845,534,4319,4,1459792605
83846,534,1278,4,1459787997
83847,534,1910,4,1459787997
83848,534,8716,4,1459787997
83849,534,239,2,1459787998
83850,534,1911,4,1459787998
83851,534,4189,3,1459788902
83852,534,4891,4,1459796415
83853,534,1055,4,1459787998
83854,534,1282,3,1459787998
83855,534,1283,4,1459787998
83856,534,1914,4,1459787997
83857,534,1284,3,1459787997
83858,534,1056,2,1459788212
83859,534,3081,3,1459788648
83860,534,1285,3,1459787997
83861,534,3082,4,1459787997
83862,534,1286,2,1459787996
83863,534,5765,3,1459787996
83864,534,2131,4,1459787997
83865,534,1915,4,1459788518
83866,534,2367,3,1459788934
83867,534,7796,4,1459787998
83868,534,6518,4,1459787998
83869,534,1287,3,1459787996
83870,534,1916,4,1459787998
83871,534,912,3,1459787996
83872,534,1288,4,1459787997
83873,534,1057,4,1459787997
83874,534,6790,3,1459793382
83875,534,8717,4,1459792399
83876,534,1290,4,1459787997
83877,534,914,5,1459787999
83878,534,2990,4,1459787995
83879,534,7222,4,1459793385
83880,534,4194,4,1459787997
83881,534,2066,4,1459787996
83882,534,7799,4,1459797031
83883,534,3813,2,1459787996
83884,534,3450,4,1459787998
83885,534,5977,3,1459795615
83886,534,3452,4,1459787997
83887,534,4326,4,1459787997
83888,534,241,4,1459787996
83889,534,1296,3,1459787998
83890,534,1152,4,1459787997
83891,534,916,3,1459787998
83892,534,1297,4,1459787998
83893,534,6297,4,1459787995
83894,534,3518,3,1459796456
83895,534,4531,3,1459796064
83896,534,1920,2,1459788689
83897,534,8718,4,1459787998
83898,534,919,3,1459787998
83899,534,7406,3,1459796557
83900,534,2392,3,1459788876
83901,534,5981,3,1459788912
83902,534,1063,4,1459787997
83903,534,4730,5,1459788628
83904,534,242,4,1459787998
83905,534,8504,4,1459787996
83906,534,291,4,1459788699
83907,534,927,3,1459787998
83908,534,928,4,1459787997
83909,534,1303,4,1459788984
83910,534,8719,4,1459793405
83911,534,8142,2,1459787997
83912,534,1926,3,1459787997
83913,534,1311,4,1459787996
83914,534,1312,4,1459787998
83915,534,3523,4,1459787998
83916,534,8720,3,1459793411
83917,534,1313,3,1459787998
83918,534,4731,4,1459787995
83919,534,1314,4,1459788619
83920,534,5984,1,1459796012
83921,534,932,4,1459787998
83922,534,245,4,1459787998
83923,534,1928,3,1459787998
83924,534,4174,3,1459788882
83925,534,1929,4,1459787997
83926,534,2814,3,1459795954
83927,534,4542,3,1459787996
83928,534,1316,2,1459787997
83929,534,1317,4,1459787995
83930,534,1318,4,1459787997
83931,534,1930,3,1459787999
83932,534,933,4,1459787998
83933,534,6029,4,1459793416
83934,534,1931,4,1459788252
83935,534,1932,4,1459787997
83936,534,936,4,1459787998
83937,534,3091,3,1459787997
83938,534,3479,4,1459787995
83939,534,1321,4,1459787999
83940,534,8721,3,1459796443
83941,534,6031,3,1459788820
83942,534,3481,4,1459787998
83943,534,8722,4,1459789103
83944,534,8723,3,1459793449
83945,534,4546,5,1459787999
83946,534,1066,4,1459787998
83947,534,1325,3,1459787998
83948,534,5040,4,1459787996
83949,534,2992,4,1459787998
83950,534,3093,4,1459787998
83951,534,5670,3,1459788948
83952,534,941,4,1459787995
83953,534,1328,2,1459787998
83954,534,1938,2,1459787997
83955,534,4548,3,1459796391
83956,534,2528,3,1459787997
83957,534,1331,3,1459787998
83958,534,1941,4,1459787997
83959,534,3855,3,1459787998
83960,534,7834,3,1459787998
83961,534,1067,4,1459787998
83962,534,4779,4,1459796538
83963,534,2820,3,1459787996
83964,534,2821,3,1459795411
83965,534,4550,3,1459787998
83966,534,8724,4,1459793460
83967,534,1333,4,1459787995
83968,534,1068,2,1459787998
83969,534,1334,4,1459793695
83970,534,1944,4,1459787997
83971,534,2827,2,1459788961
83972,534,6083,4,1459787997
83973,534,1945,4,1459787998
83974,534,6086,4,1459789035
83975,534,2994,4,1459787996
83976,534,4255,4,1459789137
83977,534,6557,2,1459787997
83978,534,1948,3,1459787997
83979,534,6088,3,1459787998
83980,534,1069,3,1459787995
83981,534,4556,3,1459787999
83982,534,947,3,1459787998
83983,534,6090,4,1459788921
83984,534,1336,1,1459787996
83985,534,949,3,1459787997
83986,534,4557,4,1459787999
83987,534,3494,4,1459787997
83988,534,951,3,1459787997
83989,534,3495,3,1459787999
83990,534,6094,3,1459789088
83991,534,1953,4,1459787996
83992,534,1070,3,1459787997
83993,534,4733,4,1459787997
83994,534,2829,4,1459787997
83995,534,1340,4,1459787995
83996,534,3870,4,1459787997
83997,534,1954,4,1459787999
83998,534,5013,3,1459787998
83999,534,3165,4,1459792458
84000,534,1343,3,1459787998
84001,534,4561,4,1459787997
84002,534,4705,4,1459787996
84003,534,252,2,1459787998
84004,534,3872,4,1459787998
84005,534,6098,4,1459787997
84006,534,2831,2,1459787997
84007,534,6099,4,1459787999
84008,534,6100,3,1459788980
84009,534,4791,4,1459787998
84010,534,4564,4,1459787998
84011,534,1071,4,1459787997
84012,534,4360,4,1459792603
84013,534,1346,3,1459787998
84014,534,1347,3,1459787997
84015,534,3880,3,1459787998
84016,534,1957,4,1459787997
84017,534,1348,2,1459787996
84018,534,3101,3,1459788590
84019,534,1072,4,1459787997
84020,534,1349,1,1459787997
84021,534,955,4,1459787998
84022,534,3102,3,1459787998
84023,534,1962,3,1459788865
84024,534,1350,4,1459787998
84025,534,7898,4,1459787995
84026,534,4566,4,1459787998
84027,534,1351,4,1459787998
84028,534,6107,3,1459787995
84029,534,3104,3,1459787995
84030,534,1353,4,1459787998
84031,534,959,3,1459787995
84032,534,1972,4,1459787995
84033,534,960,3,1459787998
84034,534,1975,3,1459795391
84035,534,3106,3,1459788762
84036,534,1980,2,1459787997
84037,534,1981,4,1459787997
84038,534,1982,1,1459787997
84039,534,254,3,1459787997
84040,534,6562,4,1459789126
84041,534,1075,4,1459787998
84042,534,2995,3,1459787996
84043,534,1987,3,1459787996
84044,534,1988,3,1459787997
84045,534,1357,3,1459787995
84046,534,1076,4,1459787997
84047,534,1991,4,1459787996
84048,534,1993,3,1459787998
84049,534,1994,3,1459787995
84050,534,6532,2,1459787997
84051,534,8725,4,1459787998
84052,534,4795,1,1459787998
84053,534,6563,3,1459789115
84054,534,1078,4,1459787997
84055,534,6564,4,1459787995
84056,534,6533,4,1459789008
84057,534,7931,3,1459787995
84058,534,1995,2,1459788522
84059,534,4736,5,1459787998
84060,534,1079,4,1459787998
84061,534,1998,2,1459788210
84062,534,8726,3,1459787996
84063,534,8727,3,1459787995
84064,534,8728,4,1459787997
84065,534,2001,3,1459787998
84066,534,3114,3,1459787995
84067,534,967,4,1459787998
84068,534,7954,3,1459793444
84069,534,258,3,1459787998
84070,534,1081,3,1459787995
84071,534,1366,3,1459787998
84072,534,1367,3,1459787996
84073,534,7234,2,1459795426
84074,534,1082,5,1459787995
84075,534,8729,3,1459787996
84076,534,2011,3,1459787996
84077,534,3938,4,1459787998
84078,534,5041,4,1459787996
84079,534,4217,4,1459787996
84080,534,2012,3,1459787997
84081,534,6568,2,1459788826
84082,534,2013,2,1459787996
84083,534,1085,3,1459787995
84084,534,8730,2,1459787995
84085,534,1086,3,1459787996
84086,534,4722,2,1459787995
84087,534,8731,3,1459787996
84088,534,2543,1,1459787995
84089,534,2021,3,1459787996
84090,534,8732,4,1459787995
84091,534,8733,4,1459787996
84092,534,8734,5,1487277900
84093,535,6171,2,939029864
84094,535,4492,2,939029700
84095,535,7441,3,939029864
84096,535,1115,1,939029647
84097,535,1624,1,939029814
84098,535,1627,3,939029647
84099,535,7443,3,939029581
84100,535,167,4,939028910
84101,535,8735,1,939028983
84102,535,2582,1,939029986
84103,535,168,3,939029016
84104,535,1002,1,939029767
84105,535,398,3,939029507
84106,535,399,5,939028837
84107,535,171,1,939029767
84108,535,732,3,939029671
84109,535,400,1,939029730
84110,535,733,2,939029938
84111,535,179,5,939028879
84112,535,180,5,939029191
84113,535,2584,4,939029767
84114,535,1179,4,939028383
84115,535,1865,2,939028733
84116,535,402,5,939028383
84117,535,2589,1,939028760
84118,535,6182,4,939028733
84119,535,185,5,939028383
84120,535,1660,3,939029814
84121,535,3298,1,939028580
84122,535,6909,1,939028580
84123,536,294,5,832840081
84124,536,8,5,832839862
84125,536,464,5,832839783
84126,536,532,2,832839804
84127,536,545,1,832839926
84128,536,558,4,832839862
84129,536,306,2,832840090
84130,536,4181,3,832840121
84131,536,466,1,832839848
84132,536,467,5,832839938
84133,536,2071,5,832840002
84134,536,580,3,832839990
84135,536,588,1,832839848
84136,536,470,4,832839848
84137,536,597,3,832839896
84138,536,600,3,832839820
84139,536,602,5,832840219
84140,536,7090,3,832840487
84141,536,20,5,832839804
84142,536,609,3,832840061
84143,536,21,5,832840319
84144,536,314,1,832840319
84145,536,315,4,832840433
84146,536,619,3,832840462
84147,536,620,5,832840184
84148,536,630,3,832840150
84149,536,631,3,832840545
84150,536,1156,1,832840040
84151,536,634,5,832839829
84152,536,638,3,832840726
84153,536,639,4,832839990
84154,536,26,3,832839906
84155,536,27,4,832840352
84156,536,28,2,832840425
84157,536,659,5,832840639
84158,536,29,5,832840391
84159,536,479,3,832840384
84160,536,33,3,832839783
84161,536,34,2,832839783
84162,536,35,4,832839896
84163,537,233,4,1424137997
84164,537,23,4,1424317260
84165,537,29,1,1424142111
84166,537,988,3,1424141915
84167,537,148,4,1424141439
84168,537,167,4,1424141086
84169,537,204,4,1424142003
84170,537,4159,5,1427586276
84171,537,753,5,1424138250
84172,537,754,4,1424138037
84173,537,765,4,1424138068
84174,537,766,5,1424139594
84175,537,771,5,1424317101
84176,537,1216,5,1424316557
84177,537,775,4,1424138056
84178,537,888,1,1424141947
84179,537,799,5,1424138279
84180,537,1255,5,1424317130
84181,537,238,4,1424142662
84182,537,1264,5,1424317121
84183,537,1907,5,1424138269
84184,537,1275,5,1424138156
84185,537,8736,5,1459504338
84186,537,1280,5,1424138297
84187,537,239,3,1424138333
84188,537,1297,4,1424140089
84189,537,2991,3,1424144794
84190,537,918,4,1424140099
84191,537,927,5,1424140083
84192,537,245,5,1424140067
84193,537,1153,4,1424138686
84194,537,247,5,1424461829
84195,537,6061,5,1424138135
84196,537,3093,3,1447538249
84197,537,1067,1,1424140553
84198,537,6077,5,1424138173
84199,537,1949,3,1424140877
84200,537,2830,4,1424138371
84201,537,4734,2,1424141852
84202,537,2411,4,1424144828
84203,537,252,4,1424140403
84204,537,3102,0,1424317219
84205,537,4566,3,1424317293
84206,537,1073,3,1424140760
84207,537,1074,5,1424141141
84208,537,253,5,1424142673
84209,537,8737,2,1424317054
84210,538,528,4,1307845469
84211,538,472,4,1307846862
84212,538,660,5,1307845456
84213,538,323,5,1307846744
84214,538,324,5,1307846730
84215,538,1424,5,1307845538
84216,538,332,4,1307845496
84217,538,1775,5,1307846823
84218,538,70,5,1307846151
84219,538,2397,2,1307845480
84220,538,88,4,1307845461
84221,538,376,4,1307846810
84222,538,1001,3,1307846099
84223,538,1180,4,1307846847
84224,538,1712,5,1307846735
84225,538,1714,4,1307845681
84226,538,2606,4,1307845513
84227,538,223,4,1307845499
84228,538,3305,5,1307845762
84229,538,743,3,1307845521
84230,538,1806,4,1307845691
84231,538,1808,5,1307845825
84232,538,3249,4,1307847413
84233,538,5748,4,1307845908
84234,538,763,5,1307846388
84235,538,7322,4,1307845777
84236,538,8389,5,1307846856
84237,538,780,4,1307847401
84238,538,7029,4,1307846820
84239,538,3424,4,1307846901
84240,538,239,4,1307846156
84241,538,1292,5,1307846147
84242,538,916,5,1307846882
84243,538,1060,4,1307846087
84244,538,918,4,1307847399
84245,538,933,4,1307846747
84246,538,935,5,1307846161
84247,539,506,4,1332474525
84248,539,512,3,1332474517
84249,539,233,4,1332474771
84250,539,621,2,1332474510
84251,539,1411,2,1332474486
84252,539,631,2,1332474555
84253,539,29,3,1332474781
84254,539,60,3,1332474905
84255,539,70,5,1332474844
84256,539,85,3,1332474913
84257,539,1457,3,1332474581
84258,539,2463,4,1332474463
84259,539,131,3,1332474425
84260,539,148,3,1332474869
84261,539,163,2,1332474924
84262,539,1685,4,1332474493
84263,539,1699,3,1332474537
84264,539,1701,3,1332474436
84265,539,1740,3,1332474466
84266,539,227,4,1332474540
84267,539,1756,3,1332474497
84268,539,745,5,1332475033
84269,539,752,4,1332475103
84270,539,756,4,1332475093
84271,539,876,5,1332475028
84272,539,771,4,1332475016
84273,539,3335,4,1332475283
84274,539,779,3,1332475095
84275,539,1227,3,1332474588
84276,539,795,4,1332475106
84277,539,803,0,1332475217
84278,539,1053,5,1332475090
84279,539,3154,5,1332475163
84280,539,1283,4,1332475301
84281,539,916,5,1332475022
84282,539,1297,5,1332475184
84283,539,242,5,1332475166
84284,539,3096,3,1332474689
84285,540,4,4,1179109020
84286,540,526,3,1179107805
84287,540,16,5,1179108620
84288,540,17,5,1179108599
84289,540,479,4,1179108594
84290,540,38,3,1179109047
84291,540,42,3,1179108936
84292,540,61,4,1179109015
84293,540,69,5,1179108924
84294,540,74,5,1179108750
84295,540,1477,3,1179107925
84296,540,1507,2,1179108292
84297,540,1539,2,1179108294
84298,540,122,5,1179108788
84299,540,8738,3,1179108223
84300,540,2908,2,1179108240
84301,540,148,5,1180330433
84302,540,3294,3,1179108054
84303,540,167,4,1179108880
84304,540,2583,3,1179108026
84305,540,172,4,1179108685
84306,540,5826,4,1179108136
84307,540,4696,4,1179108256
84308,540,2188,4,1179107976
84309,540,193,4,1179108929
84310,540,446,4,1179107949
84311,540,752,3,1179108601
84312,540,754,4,1179108930
84313,540,757,4,1179108600
84314,540,758,4,1179108823
84315,540,759,4,1179108791
84316,540,1850,2,1179108192
84317,540,769,3,1179108682
84318,540,771,4,1179108884
84319,540,2266,4,1179107961
84320,540,807,5,1179108848
84321,540,809,5,1179108756
84322,540,1247,3,1179108268
84323,540,1251,5,1179108778
84324,540,1255,4,1179108892
84325,540,2316,4,1179108962
84326,540,238,5,1180330457
84327,541,1,3,835643027
84328,541,485,4,835644446
84329,541,487,4,835642985
84330,541,488,4,835643146
84331,541,490,3,835643931
84332,541,493,2,835643052
84333,541,494,4,835643333
84334,541,4,1,835643038
84335,541,5,5,835643052
84336,541,516,3,835643186
84337,541,8,5,835643027
84338,541,4876,4,835643931
84339,541,465,3,835642942
84340,541,531,5,835642985
84341,541,11,2,835643373
84342,541,532,3,835642942
84343,541,545,3,835643146
84344,541,2424,3,835643421
84345,541,550,2,835643013
84346,541,555,4,835643421
84347,541,557,4,835643266
84348,541,566,3,835643551
84349,541,466,4,835643013
84350,541,2653,3,835644070
84351,541,583,3,835643551
84352,541,585,1,835643027
84353,541,589,3,835643161
84354,541,591,3,835643501
84355,541,18,5,835642969
84356,541,233,4,835642969
84357,541,600,4,835642969
84358,541,471,3,835642942
84359,541,311,3,835644003
84360,541,20,5,835642942
84361,541,609,4,835643205
84362,541,21,5,835643134
84363,541,314,4,835643287
84364,541,617,3,835644211
84365,541,22,5,835643802
84366,541,472,3,835643080
84367,541,23,2,835643118
84368,541,315,3,835643569
84369,541,620,3,835643759
84370,541,622,3,835643239
84371,541,473,4,835642917
84372,541,474,3,835643027
84373,541,2548,1,835643453
84374,541,629,3,835643931
84375,541,634,3,835642985
84376,541,1157,3,835643266
84377,541,5696,2,835644211
84378,541,638,3,835644962
84379,541,5289,2,835645373
84380,541,639,4,835643080
84381,541,26,5,835643013
84382,541,4054,3,835644573
84383,541,2426,3,835643551
84384,541,646,3,835645285
84385,541,475,4,835643421
84386,541,27,5,835643146
84387,541,651,3,835643720
84388,541,654,4,835643516
84389,541,657,5,835643477
84390,541,661,4,835644458
84391,541,975,4,835643863
84392,541,3220,1,835644320
84393,541,322,5,835643304
84394,541,665,3,835643967
84395,541,2487,3,835644698
84396,541,667,1,835644276
84397,541,1420,3,835643304
84398,541,31,3,835643477
84399,541,32,4,835643134
84400,541,828,1,835643333
84401,541,323,3,835642942
84402,541,479,3,835643205
84403,541,33,5,835642917
84404,541,34,3,835642917
84405,541,35,4,835643013
84406,541,480,5,835643759
84407,541,324,3,835642969
84408,541,481,3,835643317
84409,541,37,3,835643372
84410,541,1422,3,835643477
84411,541,38,5,835643598
84412,541,263,5,835643802
84413,541,1097,5,835644730
84414,542,4,5,1163386913
84415,542,525,4,1163387515
84416,542,541,3,1163386601
84417,542,17,3,1163386827
84418,542,233,5,1163387043
84419,542,21,5,1163386930
84420,542,472,5,1163387333
84421,542,474,4,1163387708
84422,542,28,3,1163387264
84423,542,480,4,1163386465
84424,542,36,4,1163386606
84425,542,724,4,1163387449
84426,542,61,5,1163386968
84427,542,66,4,1163387020
84428,542,1029,4,1163387217
84429,542,72,4,1163387506
84430,542,726,5,1163387642
84431,542,89,4,1163386662
84432,542,93,4,1163386627
84433,542,1474,4,1163386527
84434,542,1476,1,1163387841
84435,542,1031,5,1163387028
84436,542,102,3,1163386854
84437,542,1501,5,1163388050
84438,542,1032,4,1163386512
84439,542,988,3,1163387005
84440,542,109,0,1163387651
84441,542,730,3,1163387105
84442,542,2905,1,1163386631
84443,542,120,3,1163386482
84444,542,1594,4,1163386568
84445,542,148,4,1163387657
84446,542,1627,3,1163388766
84447,542,166,3,1163387909
84448,542,167,5,1163386800
84449,542,1001,3,1163388443
84450,542,399,0,1163386550
84451,542,1003,4,1163388817
84452,542,180,5,1163386516
84453,542,1643,0,1163387159
84454,542,185,4,1163386875
84455,542,1180,4,1163387310
84456,542,193,5,1163387003
84457,542,198,3,1163386926
84458,542,201,4,1163387685
84459,542,422,4,1163387167
84460,542,738,2,1163386532
84461,542,1015,2,1163388483
84462,542,1019,4,1163388108
84463,542,430,0,1163387886
84464,542,1797,4,1163387336
84465,542,278,4,1163388025
84466,542,1805,3,1163387930
84467,542,445,5,1163386911
84468,542,745,5,1163387194
84469,542,1814,4,1163388903
84470,542,1817,0,1163388760
84471,542,747,5,1163387701
84472,542,1819,3,1163388410
84473,542,1195,1,1163388683
84474,542,752,3,1163386824
84475,542,753,5,1163386785
84476,542,1126,3,1163386898
84477,542,755,4,1163386831
84478,542,756,4,1163387488
84479,542,1198,3,1163387955
84480,542,1842,5,1163387291
84481,542,1199,4,1163387392
84482,542,759,3,1163386937
84483,542,848,0,1163387771
84484,542,762,1,1163387381
84485,542,1203,4,1163387458
84486,542,2231,1,1163388478
84487,542,766,4,1163386996
84488,542,767,4,1163387490
84489,542,3189,1,1163388422
84490,542,769,1,1163386954
84491,542,876,4,1163386616
84492,542,1210,3,1163387349
84493,542,771,4,1163386585
84494,542,3070,0,1163388746
84495,542,235,2,1163386977
84496,542,1047,5,1163387790
84497,542,1130,4,1163386883
84498,542,1048,1,1163386949
84499,542,885,4,1163388800
84500,542,779,4,1163387031
84501,542,782,1,1163388112
84502,542,887,4,1163388074
84503,542,1049,4,1163387538
84504,542,784,2,1163387691
84505,542,2266,5,1163387369
84506,542,794,5,1163388105
84507,542,795,3,1163386738
84508,542,799,3,1163388833
84509,542,2050,0,1163387358
84510,542,1237,1,1163387202
84511,542,1891,4,1163388855
84512,542,1239,4,1163387850
84513,542,895,4,1163387716
84514,542,3216,2,1163388764
84515,542,1892,3,1163387415
84516,542,813,4,1163388812
84517,542,1247,3,1163387982
84518,542,1895,4,1163387528
84519,542,1251,4,1163386807
84520,542,1897,3,1163387680
84521,542,818,4,1163388655
84522,542,821,3,1163387465
84523,542,2055,4,1163386756
84524,542,238,3,1163387608
84525,542,5256,3,1163386841
84526,542,1052,4,1163388802
84527,543,523,5,1230602081
84528,543,532,5,1377022834
84529,543,4258,0,1377069202
84530,543,14,5,1377069313
84531,543,575,5,1230602169
84532,543,471,4,1377069277
84533,543,21,3,1377069244
84534,543,472,5,1377069286
84535,543,622,5,1377022817
84536,543,473,5,1377022810
84537,543,323,5,1377069262
84538,543,324,5,1377069294
84539,543,677,5,1230602075
84540,543,1135,5,1377068729
84541,543,2176,5,1230602450
84542,543,85,5,1377022491
84543,543,86,5,1377022503
84544,543,1030,5,1230602062
84545,543,2147,5,1377068903
84546,543,3015,5,1377068905
84547,543,102,5,1377022838
84548,543,1511,5,1377068755
84549,543,5713,1,1377068655
84550,543,731,5,1377068493
84551,543,1862,5,1377022549
84552,543,2913,5,1377022552
84553,543,2914,5,1230602235
84554,543,3640,5,1377069125
84555,543,5721,5,1230602274
84556,543,999,5,1377068914
84557,543,1620,5,1230602171
84558,543,167,5,1377069266
84559,543,402,5,1377069290
84560,543,405,5,1377068471
84561,543,3606,5,1377068469
84562,543,185,5,1377069270
84563,543,193,5,1377068749
84564,543,1698,5,1230602193
84565,543,1701,5,1230602091
84566,543,1188,5,1377022559
84567,543,1764,5,1377068567
84568,543,445,5,1377023031
84569,543,3319,5,1230602197
84570,543,7749,5,1377069089
84571,543,1878,4,1230602215
84572,543,752,5,1377069078
84573,543,4472,5,1230602310
84574,543,3183,2,1377457889
84575,543,848,0,1377068503
84576,543,766,5,1377068549
84577,543,1207,5,1377068488
84578,543,1209,5,1377022448
84579,543,876,5,1377068751
84580,543,4505,5,1377068611
84581,543,1130,5,1377022494
84582,543,810,5,1377068509
84583,543,2127,0,1377022441
84584,543,2316,5,1230602124
84585,543,1053,5,1377023099
84586,543,2326,3,1377068807
84587,543,1914,0,1230602551
84588,543,1056,5,1230602262
84589,543,6786,5,1377068869
84590,543,1916,5,1377068843
84591,543,241,4,1377068823
84592,543,1061,5,1377068732
84593,543,927,5,1408809384
84594,543,4331,5,1377023093
84595,543,3479,5,1377022615
84596,543,2132,5,1377022611
84597,543,942,4,1408809486
84598,543,3161,0,1377023272
84599,543,945,5,1377068829
84600,543,3491,2,1377068073
84601,543,252,4,1377068620
84602,543,8549,5,1408809441
84603,544,1,3,850688537
84604,544,2,3,850688562
84605,544,3679,3,850688581
84606,544,293,3,850688537
84607,544,6705,5,850688776
84608,544,505,5,850688537
84609,544,4036,5,850688776
84610,544,516,4,850688537
84611,544,4039,5,850688776
84612,544,6183,5,850688776
84613,544,8739,5,850688776
84614,544,38,4,850688537
84615,544,7424,5,850688776
84616,544,681,4,850688712
84617,544,42,5,850688537
84618,544,43,5,850688537
84619,544,703,2,850688712
84620,544,58,5,850688776
84621,544,1449,5,850688776
84622,544,1162,5,850688776
84623,544,2657,5,850688776
84624,544,1166,5,850688634
84625,545,972,2,1240358381
84626,545,2996,3,1240358617
84627,545,1110,5,1240358404
84628,545,1468,3,1240360301
84629,545,980,4,1240358568
84630,545,1518,3,1240358594
84631,545,996,4,1240358356
84632,545,1033,4,1240358341
84633,545,1534,3,1240358547
84634,545,2092,3,1240358518
84635,545,838,2,1240358572
84636,545,157,4,1240358457
84637,545,1632,5,1240358470
84638,545,174,3,1240358462
84639,545,732,4,1240358346
84640,545,403,4,1240358351
84641,545,210,3,1240358598
84642,545,3742,3,1240360306
84643,545,810,3,1240358363
84644,545,5949,1,1240359305
84645,545,2350,3,1240360291
84646,545,5768,2,1240359229
84647,545,5264,2,1240359219
84648,546,6,5,973588518
84649,546,519,4,973588258
84650,546,528,2,973588258
84651,546,564,3,973588747
84652,546,589,3,973588464
84653,546,618,3,973588540
84654,546,619,4,973588665
84655,546,27,4,973588490
84656,546,479,5,973588403
84657,546,37,2,973588348
84658,546,4862,3,973588321
84659,546,1775,2,973588403
84660,546,64,1,973588384
84661,546,2083,5,973588348
84662,546,86,3,973588258
84663,546,6186,3,973588711
84664,546,1168,1,973588665
84665,546,2461,5,973588490
84666,546,3138,5,973588490
84667,546,5112,4,973588711
84668,546,1538,4,973588711
84669,546,1539,4,973588665
84670,546,1540,4,973588711
84671,546,2569,4,973588771
84672,546,7255,4,973588771
84673,546,8740,1,973588771
84674,546,8741,4,973588258
84675,546,1036,2,973588258
84676,546,7079,3,973588711
84677,546,1618,3,973588435
84678,546,4069,2,973588747
84679,546,165,3,973588518
84680,546,2153,2,973588321
84681,546,5122,2,973588321
84682,546,2154,2,973588665
84683,546,2918,2,973588592
84684,546,178,2,973588490
84685,546,405,4,973588321
84686,546,3606,3,973588665
84687,546,185,5,973588321
84688,546,415,1,973588321
84689,546,1690,4,973588771
84690,546,1703,5,973588614
84691,546,842,4,973588435
84692,546,737,4,973588711
84693,546,422,4,973588435
84694,546,1012,4,973588518
84695,546,1041,2,973588592
84696,546,6018,3,973588490
84697,546,8742,4,973588747
84698,546,1872,3,973588464
84699,546,5136,5,973588747
84700,546,2935,4,973588592
84701,546,2936,5,973588614
84702,546,3051,4,973588665
84703,546,8743,5,973588747
84704,546,8744,5,973588771
84705,546,8745,5,973588747
84706,546,8746,5,973588747
84707,546,6408,3,973588665
84708,546,8747,2,973588614
84709,546,2937,5,973588321
84710,546,1873,4,973588566
84711,546,4924,3,973588592
84712,547,1095,5,942723549
84713,547,3699,4,942723440
84714,547,3608,4,942723498
84715,547,351,5,942723498
84716,547,353,5,942723440
84717,547,80,3,942723440
84718,547,2756,5,942723440
84719,547,360,5,942723498
84720,547,1113,2,942723498
84721,547,3500,5,942723498
84722,547,1475,5,942723440
84723,547,3060,5,942723549
84724,547,384,5,942723440
84725,547,1141,3,942723549
84726,547,1658,3,942723168
84727,547,185,5,942722850
84728,547,6148,3,942723549
84729,547,3032,4,942723549
84730,547,6017,3,942723498
84731,547,1142,4,942723549
84732,547,4866,4,942723498
84733,548,2664,5,1488243429
84734,548,16,3,1488825015
84735,548,21,5,1488825071
84736,548,41,5,1488825455
84737,548,69,3,1488825011
84738,548,2420,5,1488825846
84739,548,8748,4,1488825135
84740,548,2457,4,1488825167
84741,548,167,5,1488243190
84742,548,181,3,1488825566
84743,548,1143,4,1494880275
84744,548,220,4,1488243584
84745,548,740,5,1488825192
84746,548,1825,5,1488825221
84747,548,3744,4,1494880154
84748,548,2232,5,1488825181
84749,548,235,4,1488825762
84750,548,886,4,1494879815
84751,548,4509,4,1488825044
84752,548,5002,5,1494880303
84753,548,239,5,1488250273
84754,548,4539,3,1494880125
84755,548,6060,3,1494880232
84756,548,1082,3,1494879789
84757,548,2541,2,1488243259
84758,548,8749,1,1494880185
84759,549,8,3,1464282652
84760,549,16,2,1464282588
84761,549,589,5,1464282636
84762,549,233,4,1464282580
84763,549,29,1,1464282598
84764,549,479,3,1464282651
84765,549,1135,4,1464282638
84766,549,69,2,1464282591
84767,549,71,4,1464282584
84768,549,74,2,1464282608
84769,549,90,3,1464282603
84770,549,122,5,1464282657
84771,549,167,5,1464282594
84772,549,193,5,1464282740
84773,549,445,5,1464282746
84774,549,765,3,1464282659
84775,549,238,5,1464282742
84776,549,239,4,1464282654
84777,549,245,5,1464282745
84778,549,1084,5,1464282681
84779,549,4607,1,1464282672
84780,550,1,4,1488728441
84781,550,233,4,1488629928
84782,550,21,4,1488629938
84783,550,167,4,1488629924
84784,550,766,4,1488728316
84785,550,239,4,1488629936
84786,550,1055,5,1488728335
84787,550,1056,4,1488728600
84788,550,916,4,1488728559
84789,550,1313,4,1488728341
84790,550,245,5,1488629921
84791,550,933,4,1488728505
84792,550,1325,4,1488728409
84793,550,1331,3,1488728384
84794,550,1067,5,1488728360
84795,550,1945,4,1488728507
84796,550,1346,4,1488728339
84797,550,253,4,1488629931
84798,550,254,5,1488629933
84799,550,1078,4,1488728437
84800,550,257,4,1488728279
84801,550,1362,4,1488728286
84802,550,258,4,1488728591
84803,550,1366,4,1488728390
84804,550,1082,5,1488728439
84805,550,1085,4,1488728584
84806,550,8750,3,1488728343
84807,550,8751,0,1488728333
84808,551,4,4,1505548073
84809,551,8,3,1504317349
84810,551,16,3,1505548034
84811,551,589,4,1505548068
84812,551,17,3,1504925815
84813,551,233,4,1504316369
84814,551,21,4,1504317304
84815,551,622,4,1504926029
84816,551,479,4,1504925901
84817,551,35,4,1504321002
84818,551,38,4,1504926001
84819,551,1135,4,1504925945
84820,551,74,3,1505548058
84821,551,86,4,1505548027
84822,551,90,3,1506128919
84823,551,978,4,1504926035
84824,551,1031,2,1504925905
84825,551,1168,2,1504925535
84826,551,984,4,1504925526
84827,551,234,4,1504316399
84828,551,988,3,1505548049
84829,551,731,4,1504926081
84830,551,118,4,1504926132
84831,551,122,4,1504317297
84832,551,392,4,1504925161
84833,551,150,4,1504925542
84834,551,167,4,1504316393
84835,551,402,4,1504320898
84836,551,193,4,1504320876
84837,551,204,4,1504317309
84838,551,738,4,1504925725
84839,551,1797,3,1504925723
84840,551,1876,4,1504926141
84841,551,445,3,1504320903
84842,551,1191,3,1504925964
84843,551,745,4,1504320907
84844,551,1817,4,1504926128
84845,551,1880,3,1504926169
84846,551,754,2,1504320880
84847,551,2220,4,1504926031
84848,551,757,2,1506129024
84849,551,1199,4,1504925899
84850,551,759,4,1506129018
84851,551,763,3,1504925729
84852,551,764,4,1504925719
84853,551,765,2,1504320891
84854,551,766,4,1504925807
84855,551,769,4,1504925932
84856,551,876,4,1504321031
84857,551,1210,4,1504926013
84858,551,235,0,1506129007
84859,551,773,4,1504925976
84860,551,775,2,1504321025
84861,551,883,3,1504925836
84862,551,1048,1,1505548110
84863,551,777,4,1504926135
84864,551,780,4,1505548127
84865,551,2048,4,1504925824
84866,551,236,4,1504925825
84867,551,895,4,1504925952
84868,551,1892,4,1504925858
84869,551,1896,4,1504926175
84870,551,817,4,1504925831
84871,551,899,4,1504925164
84872,551,1051,3,1504926231
84873,551,824,4,1504925922
84874,551,2320,4,1504925987
84875,551,2325,4,1504317465
84876,551,2326,3,1504926235
84877,551,2328,4,1504926086
84878,551,1054,4,1504925916
84879,551,1055,4,1504925585
84880,551,1912,4,1504925169
84881,551,1056,4,1504925592
84882,551,912,4,1504926105
84883,551,1058,3,1504925459
84884,551,916,4,1504925811
84885,551,927,3,1504925890
84886,551,928,4,1504925909
84887,551,1313,4,1504925940
84888,551,245,4,1504316388
84889,551,1064,4,1504321142
84890,551,1328,4,1504321115
84891,551,1939,4,1504925201
84892,551,1330,4,1504926137
84893,551,1331,4,1504925970
84894,551,1067,4,1504925210
84895,551,6077,5,1504317456
84896,551,1068,3,1504925205
84897,551,1943,3,1504926078
84898,551,1334,4,1504925937
84899,551,945,5,1504316401
84900,551,951,4,1504321132
84901,551,953,4,1504925154
84902,551,1343,1,1504925995
84903,551,3101,4,1504926167
84904,551,1350,3,1504926154
84905,551,1354,4,1504925948
84906,551,253,4,1504925198
84907,551,1357,3,1504925983
84908,551,2536,5,1504926183
84909,551,4741,4,1504926187
84910,551,1994,3,1504926160
84911,551,1358,0,1506128951
84912,551,1078,3,1504320843
84913,551,3109,4,1504926021
84914,551,1079,4,1504925921
84915,551,3112,4,1504926084
84916,551,1362,4,1504320857
84917,551,2001,1,1504925998
84918,551,3114,1,1504926003
84919,551,1368,4,1504321057
84920,551,1085,4,1504925803
84921,551,2848,3,1504320996
84922,551,1372,4,1504926108
84923,551,969,4,1504926009
84924,551,1386,4,1504926025
84925,551,6482,1,1504925224
84926,551,1092,5,1504317370
84927,551,7660,5,1504925492
84928,551,2749,4,1504316474
84929,551,1393,3,1504316486
84930,551,5678,4,1504316481
84931,552,2,1,1111472953
84932,552,493,3,1111473056
84933,552,496,3,1112151250
84934,552,516,1,1111473067
84935,552,519,3,1111472958
84936,552,531,2,1111473069
84937,552,1405,1,1112151209
84938,552,15,4,1111472950
84939,552,17,4,1111473067
84940,552,598,2,1112151213
84941,552,600,3,1111473082
84942,552,21,4,1111473075
84943,552,315,3,1111472926
84944,552,633,1,1111473024
84945,552,634,3,1112151204
84946,552,1157,1,1111472919
84947,552,654,2,1111472961
84948,552,657,3,1111473073
84949,552,29,4,1112151215
84950,552,1095,5,1111473071
84951,552,1420,4,1111473079
84952,552,32,1,1111472963
84953,552,480,4,1111472928
84954,552,481,2,1111473085
84955,552,1159,1,1111472945
84956,552,326,3,1111472932
84957,552,723,4,1111473067
84958,552,43,3,1111473067
84959,552,332,3,1111473321
84960,552,265,3,1111473297
84961,552,46,4,1111473293
84962,552,863,3,1111473312
84963,552,721,3,1112151115
84964,552,61,4,1112151222
84965,552,2998,4,1111473307
84966,552,68,5,1112151123
84967,552,2075,4,1111473304
84968,552,1102,4,1111473066
84969,552,69,5,1111473084
84970,552,1103,4,1111473316
84971,552,352,3,1111473301
84972,552,73,4,1111472941
84973,552,78,4,1111472942
84974,552,79,4,1112151219
84975,552,356,3,1112151210
84976,552,1470,2,1111473319
84977,552,995,3,1111473281
84978,552,980,3,1111473280
84979,552,1168,3,1111473282
84980,552,727,3,1111472915
84981,552,728,4,1111472923
84982,552,104,4,1112151181
84983,552,107,1,1111473268
84984,552,234,4,1112151190
84985,552,1169,3,1111473284
84986,552,730,3,1111472912
84987,552,1033,3,1111473260
84988,552,3022,4,1111473257
84989,552,379,4,1111472930
84990,552,1538,2,1111473036
84991,552,119,3,1111473258
84992,552,1560,2,1112151498
84993,552,135,3,1112151110
84994,552,136,1,1111473265
84995,552,3288,3,1111473210
84996,552,1571,3,1112151482
84997,552,139,2,1112151499
84998,552,141,1,1111473200
84999,552,1141,4,1112151475
85000,552,1583,3,1111473212
85001,552,3027,4,1112151477
85002,552,149,1,1112151480
85003,552,395,3,1112151485
85004,552,2121,3,1111473224
85005,552,1615,1,1111473224
85006,552,2682,1,1112151473
85007,552,160,3,1112151471
85008,552,2471,3,1112151459
85009,552,163,5,1111473190
85010,552,164,3,1112151442
85011,552,1627,3,1111473191
85012,552,1010,3,1112151446
85013,552,167,4,1112151193
85014,552,2583,2,1112151439
85015,552,172,3,1111473043
85016,552,174,4,1112151451
85017,552,1636,1,1111473196
85018,552,178,3,1111473205
85019,552,400,3,1112151178
85020,552,180,4,1112151100
85021,552,1179,3,1111473029
85022,552,2585,3,1112151455
85023,552,181,3,1111473031
85024,552,1645,0,1112151437
85025,552,1117,2,1112151463
85026,552,2489,1,1112151461
85027,552,1648,3,1111473138
85028,552,402,4,1112151188
85029,552,2490,3,1112151454
85030,552,1655,0,1112151465
85031,552,184,1,1112151416
85032,552,1659,4,1112151427
85033,552,2592,3,1112151406
85034,552,2593,4,1112151418
85035,552,188,3,1111473045
85036,552,189,4,1112151400
85037,552,3299,1,1112151421
85038,552,1182,0,1111473169
85039,552,193,4,1111472921
85040,552,1669,4,1111473155
85041,552,195,4,1111472934
85042,552,196,3,1112151409
85043,552,197,3,1112151395
85044,552,2041,4,1111473146
85045,552,2191,4,1111473136
85046,552,412,3,1112151412
85047,552,2595,4,1111473169
85048,552,1686,2,1112151404
85049,552,1687,3,1111473143
85050,552,1120,3,1112151424
85051,552,1688,2,1112151398
85052,552,736,4,1111472965
85053,552,2929,4,1111473159
85054,552,3675,2,1112151386
85055,552,841,1,1112151365
85056,552,416,4,1111473169
85057,552,2599,3,1112151372
85058,552,2688,3,1112151125
85059,552,2200,3,1112151357
85060,552,418,3,1111473153
85061,552,1011,4,1112151374
85062,552,419,3,1112151376
85063,552,1706,3,1112151379
85064,552,1712,4,1112151362
85065,552,1012,0,1112151367
85066,552,1718,4,1111473157
85067,552,1144,2,1112151383
85068,552,1734,3,1112151339
85069,552,3042,1,1112151329
85070,552,1747,1,1112151349
85071,552,1187,4,1112151337
85072,552,1016,2,1111473133
85073,552,1188,2,1112151326
85074,552,1017,3,1112151346
85075,552,1872,3,1112151107
85076,552,739,2,1112151324
85077,552,1020,3,1112151335
85078,552,430,4,1111473100
85079,552,1797,3,1112151341
85080,552,431,3,1111473112
85081,552,741,2,1112151332
85082,552,1799,2,1111473122
85083,552,742,3,1112151343
85084,552,1190,3,1112151318
85085,552,1804,4,1112151321
85086,552,1805,1,1112151327
85087,552,1876,3,1112151292
85088,552,1810,2,1111473094
85089,552,4092,0,1112151139
85090,552,1813,3,1112151295
85091,552,451,4,1111473107
85092,552,746,0,1111473101
85093,552,1822,1,1112151311
85094,552,1880,2,1112151306
85095,552,1824,3,1111473091
85096,552,1825,3,1111473115
85097,552,1829,4,1112151289
85098,552,1125,5,1111473116
85099,552,458,3,1112151308
85100,552,2717,3,1112151298
85101,552,755,4,1112151300
85102,552,1834,4,1111473123
85103,552,757,4,1112151281
85104,552,870,3,1112151264
85105,552,758,4,1111473022
85106,552,761,3,1112151276
85107,552,2956,0,1111473098
85108,552,2230,5,1112151515
85109,552,764,3,1112151269
85110,552,857,3,1112151279
85111,552,4504,3,1112151145
85112,552,876,4,1111473105
85113,552,1210,3,1112151271
85114,552,1883,2,1112151091
85115,552,2243,3,1112151121
85116,552,774,3,1112151253
85117,552,775,5,1111473095
85118,552,1130,4,1112151247
85119,553,3,5,1219558120
85120,553,491,5,1219558107
85121,553,293,5,1219564918
85122,553,5993,4,1219559052
85123,553,5,4,1219557525
85124,553,532,4,1230773383
85125,553,14,3,1230773406
85126,553,589,4,1230773504
85127,553,17,5,1219557512
85128,553,622,3,1230773360
85129,553,2167,4,1219555271
85130,553,1156,4,1230774414
85131,553,1158,3,1219558132
85132,553,37,3,1230773355
85133,553,41,3,1230773405
85134,553,1160,5,1230773527
85135,553,1028,5,1219557534
85136,553,63,4,1230773491
85137,553,75,5,1219558003
85138,553,1137,5,1219559706
85139,553,1165,4,1219557997
85140,553,364,5,1219558102
85141,553,4864,5,1219555384
85142,553,1032,4,1230773599
85143,553,234,4,1219560260
85144,553,1169,5,1219558149
85145,553,109,3,1219557999
85146,553,8752,3,1219556438
85147,553,3022,3,1230774458
85148,553,379,3,1230773469
85149,553,2184,5,1219563316
85150,553,150,4,1230773700
85151,553,154,3,1219565387
85152,553,163,4,1219558111
85153,553,166,5,1219557989
85154,553,167,3,1230773369
85155,553,403,4,1219560808
85156,553,185,5,1219559772
85157,553,193,5,1219557498
85158,553,201,4,1230773683
85159,553,2494,3,1230774880
85160,553,1719,5,1219555208
85161,553,423,4,1219565633
85162,553,429,5,1230773582
85163,553,278,5,1230775318
85164,553,1022,5,1219559269
85165,553,440,5,1219565145
85166,553,753,4,1230773568
85167,553,1836,3,1219559989
85168,553,8753,5,1219559831
85169,553,1199,4,1219565089
85170,553,8754,5,1219561152
85171,553,3188,4,1219559284
85172,553,766,5,1230773849
85173,553,1147,5,1230774519
85174,553,7695,3,1219556893
85175,553,1210,4,1219564119
85176,553,2239,4,1219558113
85177,553,1148,3,1219560236
85178,553,1130,5,1219557899
85179,553,8755,3,1219556862
85180,553,784,4,1219560511
85181,553,1228,4,1219561461
85182,553,3354,4,1219559516
85183,553,1235,4,1219555671
85184,553,2286,5,1219559432
85185,553,4758,5,1219556506
85186,553,8756,4,1219560116
85187,553,1252,5,1219560250
85188,553,1254,4,1230775047
85189,553,2316,3,1230774761
85190,553,238,5,1219557518
85191,553,2320,4,1219560256
85192,553,7672,5,1219556733
85193,553,1907,4,1219555633
85194,553,903,4,1219560247
85195,553,1272,5,1219559606
85196,553,3806,3,1219555980
85197,553,1275,5,1219559219
85198,553,2059,4,1219559145
85199,553,1280,5,1219556181
85200,553,2360,4,1219559948
85201,553,8757,4,1219557323
85202,554,534,5,944903307
85203,554,2508,5,944901599
85204,554,2434,5,944902251
85205,554,472,4,944900147
85206,554,29,5,944901744
85207,554,321,5,944902081
85208,554,1420,2,944900237
85209,554,323,5,944900147
85210,554,35,5,944902412
85211,554,480,3,944900237
85212,554,324,3,944900147
85213,554,37,2,944902327
85214,554,5106,5,944903402
85215,554,1028,5,944901513
85216,554,331,5,944900147
85217,554,3728,4,944900345
85218,554,1438,5,944898646
85219,554,8156,4,944900345
85220,554,334,5,944901414
85221,554,336,5,944901161
85222,554,265,4,944900238
85223,554,45,5,944901822
85224,554,46,2,944901414
85225,554,3543,4,944901968
85226,554,2395,4,944902081
85227,554,1774,5,944900488
85228,554,863,5,944900488
85229,554,57,4,944900489
85230,554,1775,5,944900238
85231,554,1450,4,944898710
85232,554,864,5,944900489
85233,554,266,4,944900697
85234,554,66,5,944902624
85235,554,69,5,944902514
85236,554,1104,5,944901745
85237,554,73,3,944902697
85238,554,74,5,944898646
85239,554,75,5,944902081
85240,554,78,1,944900238
85241,554,354,5,944901599
85242,554,865,4,944902412
85243,554,1111,5,944902251
85244,554,89,1,944900345
85245,554,3705,5,944903226
85246,554,977,3,944902514
85247,554,1474,5,944900580
85248,554,3284,4,944900908
85249,554,3016,5,944900489
85250,554,2454,4,944900489
85251,554,99,2,944902988
85252,554,2461,5,944902251
85253,554,834,5,944902770
85254,554,4060,2,944900770
85255,554,380,5,944900238
85256,554,5547,4,944900345
85257,554,5162,4,944900908
85258,554,122,5,944902327
85259,554,4901,1,944901514
85260,554,128,4,944900238
85261,554,272,5,944900345
85262,554,1035,5,944900345
85263,554,1780,4,944900345
85264,554,132,4,944898646
85265,554,6488,1,944898710
85266,554,1581,3,944902081
85267,554,391,5,944902251
85268,554,392,5,944898992
85269,554,1609,5,944898992
85270,554,2578,3,944899443
85271,554,1010,4,944899564
85272,554,166,5,944899345
85273,554,3294,4,944899564
85274,554,7443,3,944899345
85275,554,167,5,944899185
85276,554,171,4,944899185
85277,554,178,2,944900580
85278,554,732,5,944899345
85279,554,400,1,944902988
85280,554,2584,3,944898710
85281,554,1643,5,944899443
85282,554,1648,4,944900489
85283,554,1653,4,944901599
85284,554,8758,4,944901514
85285,554,1659,2,944898992
85286,554,185,5,944902514
85287,554,5066,4,944900147
85288,554,1670,1,944903769
85289,554,2157,5,944902697
85290,554,205,1,944901266
85291,555,1,4,978746159
85292,555,2,5,978747454
85293,555,493,3,980123949
85294,555,292,4,978746440
85295,555,495,5,978841879
85296,555,2069,4,978841345
85297,555,293,4,978841464
85298,555,463,4,978746326
85299,555,5,5,978819462
85300,555,506,3,980125946
85301,555,5551,3,978746552
85302,555,5019,3,980125866
85303,555,512,4,980126008
85304,555,519,5,978746676
85305,555,8,5,978840250
85306,555,4039,3,980124922
85307,555,525,4,978746874
85308,555,526,4,978748996
85309,555,464,4,978748797
85310,555,465,3,978749155
85311,555,5554,1,978749372
85312,555,530,2,978842115
85313,555,1027,2,978842115
85314,555,1405,1,978842149
85315,555,540,3,978841950
85316,555,541,3,978747317
85317,555,829,5,978746596
85318,555,545,3,978841950
85319,555,2424,3,978747627
85320,555,12,3,978747041
85321,555,555,4,978747454
85322,555,14,4,978746933
85323,555,16,5,978841221
85324,555,589,5,978840381
85325,555,17,4,978840045
85326,555,596,4,978840250
85327,555,18,4,978841730
85328,555,233,5,978840009
85329,555,599,2,978842077
85330,555,600,3,978841817
85331,555,19,5,978746031
85332,555,604,5,978840870
85333,555,605,3,978747261
85334,555,471,4,978747261
85335,555,21,5,978746471
85336,555,314,4,978746353
85337,555,23,3,978746552
85338,555,1410,4,978746793
85339,555,473,4,978746471
85340,555,627,3,978842188
85341,555,474,4,978747041
85342,555,2548,3,978747285
85343,555,1413,3,978748415
85344,555,629,2,980124922
85345,555,631,5,978749357
85346,555,1414,3,980125838
85347,555,632,3,978841879
85348,555,635,2,978747598
85349,555,5695,4,978747317
85350,555,637,4,978746895
85351,555,25,4,978746353
85352,555,26,4,978840147
85353,555,643,2,978747547
85354,555,2426,3,978746933
85355,555,27,4,978744519
85356,555,649,2,978747598
85357,555,6485,3,978747393
85358,555,28,4,978746838
85359,555,1418,3,978841598
85360,555,2509,5,978746552
85361,555,659,4,978747285
85362,555,2655,2,978842219
85363,555,975,3,978840446
85364,555,1095,4,978819723
85365,555,666,4,978747068
85366,555,30,5,978746964
85367,555,1158,3,978840692
85368,555,5994,3,980124854
85369,555,2501,3,978747068
85370,555,828,4,978747175
85371,555,671,5,978746552
85372,555,479,5,978841345
85373,555,34,3,978749155
85374,555,35,5,978747817
85375,555,481,4,978746552
85376,555,37,5,978840009
85377,555,1423,2,978842115
85378,555,8759,5,978746353
85379,555,680,2,980126137
85380,555,1425,2,978841913
85381,555,683,4,978746838
85382,555,326,4,978747097
85383,555,688,1,978747547
85384,555,263,4,978840009
85385,555,1426,5,978745225
85386,555,2660,1,978842115
85387,555,1428,1,978747598
85388,555,2996,2,980125071
85389,555,1160,5,978747779
85390,555,43,4,978841695
85391,555,1026,5,978747261
85392,555,1430,5,978747005
85393,555,1431,4,978841913
85394,555,8760,2,978748680
85395,555,328,3,978840381
85396,555,44,4,978744726
85397,555,5021,2,978747598
85398,555,264,2,978841817
85399,555,2173,3,978749155
85400,555,1436,4,978840381
85401,555,1098,5,978819462
85402,555,3543,4,978748483
85403,555,3010,5,978745928
85404,555,3169,3,978841464
85405,555,2143,3,978748364
85406,555,5703,3,978748797
85407,555,1161,3,978746793
85408,555,1448,2,978748735
85409,555,56,5,978749241
85410,555,2667,4,978822393
85411,555,1135,4,978820321
85412,555,832,3,978842077
85413,555,1450,4,978822355
85414,555,864,4,978822670
85415,555,63,5,978840250
85416,555,64,5,978820179
85417,555,3698,3,978823250
85418,555,65,4,978749107
85419,555,346,4,978745099
85420,555,66,5,978821009
85421,555,267,4,978821716
85422,555,67,3,978748282
85423,555,1451,2,978744643
85424,555,3701,3,978822796
85425,555,8583,2,980125797
85426,555,1101,3,978821138
85427,555,69,5,978744095
85428,555,70,5,978820041
85429,555,71,4,978819723
85430,555,1029,5,978748483
85431,555,72,4,978841345
85432,555,73,5,978748797
85433,555,74,5,978821670
85434,555,75,5,978840077
85435,555,76,5,978748483
85436,555,1452,5,978748827
85437,555,78,4,978820747
85438,555,79,4,978820487
85439,555,354,4,978748587
85440,555,82,5,978820321
85441,555,2083,5,978744284
85442,555,1454,5,978749357
85443,555,84,5,978820321
85444,555,356,5,978820487
85445,555,1109,4,978745135
85446,555,85,4,978746275
85447,555,357,4,978840128
85448,555,1455,5,978748857
85449,555,86,3,978748996
85450,555,87,5,978821670
85451,555,3014,3,978840381
85452,555,1456,5,978821009
85453,555,2146,3,978749306
85454,555,360,4,978820142
85455,555,3706,4,978822296
85456,555,1457,3,978822154
85457,555,91,3,978822296
85458,555,866,5,978820632
85459,555,2751,5,978748483
85460,555,4057,3,978748618
85461,555,6186,3,978748648
85462,555,1460,1,980124981
85463,555,7427,4,978822740
85464,555,1461,3,980125974
85465,555,5015,3,978841648
85466,555,8761,1,980126214
85467,555,1465,3,978822601
85468,555,1166,3,978841648
85469,555,977,5,978746000
85470,555,1467,2,978747547
85471,555,271,3,978842000
85472,555,1470,3,978823250
85473,555,1167,3,978821670
85474,555,1140,3,978822506
85475,555,1471,3,978841506
85476,555,93,3,978749155
85477,555,1472,4,978822249
85478,555,2668,4,978747416
85479,555,362,2,978747372
85480,555,2420,3,978840870
85481,555,1475,5,978819680
85482,555,94,3,978841464
85483,555,8762,4,978749155
85484,555,995,3,978747341
85485,555,6498,3,978746413
85486,555,6487,2,978748680
85487,555,1479,4,978747097
85488,555,96,3,978747547
85489,555,363,3,978746187
85490,555,5184,4,978746252
85491,555,2179,3,980123949
85492,555,364,4,978744464
85493,555,2453,5,978747203
85494,555,1487,1,978748680
85495,555,98,4,978746326
85496,555,6188,4,978748249
85497,555,99,5,978746378
85498,555,981,1,978744145
85499,555,1031,3,978841598
85500,555,3224,4,980124042
85501,555,1488,4,978746676
85502,555,1168,4,978744803
85503,555,1492,3,978749155
85504,555,1494,4,978746739
85505,555,101,5,978841598
85506,555,102,2,978746874
85507,555,727,5,978841345
85508,555,103,2,978822969
85509,555,1007,3,978842115
85510,555,1497,4,978842115
85511,555,1499,3,978842001
85512,555,984,3,978748415
85513,555,1500,4,978747005
85514,555,8170,4,978747547
85515,555,366,5,978746302
85516,555,1504,4,978821265
85517,555,1505,3,978747500
85518,555,834,4,978820940
85519,555,108,1,978841648
85520,555,1510,5,978748483
85521,555,3718,3,978748797
85522,555,2088,5,978745163
85523,555,109,4,978749426
85524,555,2398,3,980126214
85525,555,110,4,978746793
85526,555,1518,3,978842001
85527,555,730,5,978748857
85528,555,1527,2,978747598
85529,555,1528,3,978842188
85530,555,996,3,978841817
85531,555,990,3,978745868
85532,555,372,1,978746413
85533,555,2091,3,980124315
85534,555,1033,4,978841695
85535,555,731,3,978748827
85536,555,1536,4,978841345
85537,555,4175,4,978821716
85538,555,3502,3,978822601
85539,555,3503,5,978821380
85540,555,3138,2,978821265
85541,555,382,5,978820487
85542,555,1538,2,978823667
85543,555,1539,3,978823482
85544,555,4062,3,978823349
85545,555,2569,3,978744919
85546,555,7255,3,978744919
85547,555,6370,2,978823667
85548,555,8763,2,978823389
85549,555,8740,2,978823569
85550,555,1542,4,978823349
85551,555,1543,4,978821985
85552,555,6372,2,978823714
85553,555,2905,3,978744364
85554,555,118,5,978821009
85555,555,1034,3,978822249
85556,555,992,3,978747203
85557,555,1544,3,978822796
85558,555,7434,5,978746187
85559,555,836,3,978748996
85560,555,120,3,978748996
85561,555,1547,4,980123949
85562,555,1548,3,978748797
85563,555,121,5,978749054
85564,555,2183,3,978841730
85565,555,122,5,978840102
85566,555,126,3,978822826
85567,555,997,5,978747989
85568,555,384,3,978821102
85569,555,1036,4,980123781
85570,555,1561,3,978823569
85571,555,5017,3,978841695
85572,555,998,4,978821670
85573,555,134,4,978822670
85574,555,1565,2,978822506
85575,555,1566,3,978822249
85576,555,135,4,978822017
85577,555,2712,3,978823714
85578,555,2680,4,978748308
85579,555,1569,5,978745928
85580,555,1570,4,978822796
85581,555,140,2,978823434
85582,555,1572,5,978821265
85583,555,386,4,978822393
85584,555,2570,3,978822601
85585,555,1573,2,978822740
85586,555,6488,1,978823615
85587,555,387,5,978745868
85588,555,2151,3,978822826
85589,555,2040,5,978745946
85590,555,141,4,978821985
85591,555,142,4,978749241
85592,555,143,5,978822670
85593,555,6169,3,978822154
85594,555,6380,4,978744868
85595,555,1581,4,978821265
85596,555,5058,3,978822249
85597,555,1584,4,978820632
85598,555,1586,1,978823282
85599,555,8764,2,978823349
85600,555,6381,4,978823616
85601,555,7437,3,978823527
85602,555,1587,3,978821850
85603,555,4176,3,978748282
85604,555,1588,3,978823073
85605,555,7438,3,978823434
85606,555,273,4,978841381
85607,555,1593,4,978748760
85608,555,2402,4,978822969
85609,555,1594,4,978746676
85610,555,3227,5,978744464
85611,555,1597,2,978746413
85612,555,148,5,978748587
85613,555,1599,4,978747372
85614,555,4903,2,978840994
85615,555,5499,3,978841648
85616,555,6146,4,978820940
85617,555,2575,4,978820906
85618,555,395,4,978840446
85619,555,6384,3,978842001
85620,555,5121,3,978744188
85621,555,1602,3,978822865
85622,555,1603,3,978822017
85623,555,5720,3,978823795
85624,555,1605,4,978823482
85625,555,1606,4,978822969
85626,555,1861,4,978822969
85627,555,1862,4,978823349
85628,555,152,3,978747416
85629,555,2469,3,978840870
85630,555,1607,3,978842001
85631,555,1609,2,978746212
85632,555,6385,3,980124359
85633,555,1863,3,978823349
85634,555,1864,3,978822865
85635,555,2121,3,978823389
85636,555,155,3,978822154
85637,555,1610,4,978821716
85638,555,2915,3,978823527
85639,555,1174,2,978823389
85640,555,1175,3,978823527
85641,555,1612,3,978822601
85642,555,1613,4,978822740
85643,555,1614,4,978821138
85644,555,274,3,978747005
85645,555,1615,3,978841730
85646,555,5548,4,978747454
85647,555,6171,4,980125172
85648,555,6192,3,978842149
85649,555,158,2,978842188
85650,555,8765,3,978823434
85651,555,1618,4,978821380
85652,555,4069,3,978823714
85653,555,1619,4,980125072
85654,555,6386,2,978823569
85655,555,1620,4,978821265
85656,555,5770,3,978822506
85657,555,160,4,978822670
85658,555,3292,3,978823482
85659,555,5722,2,978823569
85660,555,5307,3,978822601
85661,555,3029,4,978823250
85662,555,161,3,978823434
85663,555,162,3,978748029
85664,555,1624,2,978746676
85665,555,6193,2,978842149
85666,555,2683,4,978748029
85667,555,2580,3,978748249
85668,555,6597,5,978747153
85669,555,1625,3,978823349
85670,555,6194,4,978822506
85671,555,1626,3,978822017
85672,555,4070,3,980124510
85673,555,5724,1,978748556
85674,555,5500,4,978841598
85675,555,165,5,978841381
85676,555,2153,5,978749306
85677,555,5122,5,978749184
85678,555,2154,5,978841817
85679,555,1627,4,978748680
85680,555,6453,3,978842077
85681,555,4222,3,978822601
85682,555,167,5,978840128
85683,555,1001,3,978746874
85684,555,2582,2,978747097
85685,555,8766,3,978747372
85686,555,172,5,978841879
85687,555,6600,3,978823310
85688,555,173,3,978841598
85689,555,174,3,978841879
85690,555,1636,3,978823527
85691,555,3295,4,978841648
85692,555,732,4,978746676
85693,555,1639,3,978841879
85694,555,400,5,978746964
85695,555,1003,4,978747372
85696,555,1641,3,978747317
85697,555,734,2,978842188
85698,555,1179,5,978746552
85699,555,1643,1,980126050
85700,555,735,2,978823310
85701,555,1646,2,978841950
85702,555,1865,3,978840994
85703,555,2489,3,978823282
85704,555,1648,3,978822154
85705,555,5124,1,978748556
85706,555,2926,3,978823250
85707,555,402,4,978840128
85708,555,404,2,978746838
85709,555,4696,5,978746793
85710,555,405,2,978744364
85711,555,3606,1,978823282
85712,555,1651,1,978747598
85713,555,2490,3,978823073
85714,555,2588,4,978823073
85715,555,183,5,978749399
85716,555,1652,3,978822796
85717,555,1653,5,978819680
85718,555,4076,3,980123949
85719,555,184,3,978748029
85720,555,2590,1,978748879
85721,555,6182,1,978747598
85722,555,6195,5,978748334
85723,555,185,5,978744284
85724,555,8767,1,978823667
85725,555,839,1,978746031
85726,555,4909,5,978747005
85727,555,1666,3,978823434
85728,555,6138,5,978746440
85729,555,1667,3,978821009
85730,555,188,5,978841345
85731,555,1180,4,978820487
85732,555,409,2,978821380
85733,555,2713,3,978823527
85734,555,191,5,978744519
85735,555,3299,2,980126172
85736,555,193,4,978840446
85737,555,5549,4,978749025
85738,555,194,4,978822296
85739,555,5129,3,978842149
85740,555,195,4,978821102
85741,555,1866,4,978822355
85742,555,198,5,978749266
85743,555,1672,4,978822017
85744,555,276,3,978842077
85745,555,199,3,978822670
85746,555,5606,4,978821716
85747,555,1142,3,978820940
85748,555,6603,3,978748760
85749,555,1682,3,978822969
85750,555,1683,4,978820747
85751,555,1685,3,978821850
85752,555,2595,3,978820940
85753,555,1686,4,978821633
85754,555,2193,4,980125259
85755,555,2194,4,978748996
85756,555,8197,3,978822249
85757,555,7452,4,978821102
85758,555,204,5,978840381
85759,555,1121,3,978746302
85760,555,416,5,978746378
85761,555,3611,3,978821985
85762,555,7453,3,978748364
85763,555,277,4,978820487
85764,555,207,2,978747627
85765,555,2199,5,978748483
85766,555,4683,4,978745806
85767,555,1184,3,980126214
85768,555,1698,3,978747041
85769,555,1143,2,978746874
85770,555,1700,3,978842001
85771,555,2511,1,978749184
85772,555,737,3,978842077
85773,555,1706,5,978820041
85774,555,2403,3,978748587
85775,555,1708,4,978823389
85776,555,2930,3,978823310
85777,555,5734,4,978745163
85778,555,1710,3,978823250
85779,555,1711,3,978823569
85780,555,1714,4,978821380
85781,555,422,4,978839750
85782,555,6491,4,978749210
85783,555,1718,4,978748735
85784,555,214,3,978823282
85785,555,8768,1,978749085
85786,555,3236,2,978823569
85787,555,215,5,978822355
85788,555,216,5,978746793
85789,555,1724,3,978746964
85790,555,6607,3,978749054
85791,555,6331,4,978822506
85792,555,1727,3,978823349
85793,555,3065,5,978744145
85794,555,1728,3,978747317
85795,555,1730,4,978821633
85796,555,5741,5,978748857
85797,555,6398,4,978748961
85798,555,1732,5,978820747
85799,555,219,5,978821380
85800,555,1733,5,978748219
85801,555,1736,4,978822249
85802,555,2606,3,978821138
85803,555,5131,2,978842219
85804,555,5438,1,978842188
85805,555,8769,1,978842219
85806,555,8770,3,978823714
85807,555,1738,1,978823250
85808,555,426,3,978822154
85809,555,1740,4,978820906
85810,555,1870,5,978841817
85811,555,5133,2,978748587
85812,555,8771,3,978841730
85813,555,8772,3,978842077
85814,555,1742,3,978841879
85815,555,8773,2,978842188
85816,555,8774,2,978842188
85817,555,223,4,980126050
85818,555,6002,5,978749306
85819,555,8705,5,978749306
85820,555,8775,5,978745225
85821,555,4919,3,980124200
85822,555,5841,1,978823389
85823,555,8776,3,978823349
85824,555,1746,3,978822393
85825,555,2608,3,978822865
85826,555,2609,3,978823527
85827,555,1871,3,978842035
85828,555,1747,5,978822796
85829,555,1749,5,978748483
85830,555,224,4,978841506
85831,555,225,4,978820142
85832,555,1750,4,978822249
85833,555,1751,3,980125974
85834,555,1752,1,978748706
85835,555,3306,3,978823482
85836,555,1753,3,978823389
85837,555,8207,4,978823616
85838,555,1124,3,978749025
85839,555,7085,4,978842001
85840,555,1759,3,978821633
85841,555,2207,5,978839685
85842,555,2162,1,978823310
85843,555,229,3,978744519
85844,555,230,3,978746574
85845,555,4088,2,978823667
85846,555,2714,5,978744095
85847,555,1872,1,978821009
85848,555,2935,3,978822740
85849,555,2936,3,978823527
85850,555,1873,4,978744598
85851,555,6411,3,978822249
85852,555,433,5,978744464
85853,555,4688,4,978744803
85854,555,1190,3,978821138
85855,555,2615,4,978744598
85856,555,6413,3,978822826
85857,555,7465,3,978822601
85858,555,1875,3,978744803
85859,555,2616,1,978744464
85860,555,4928,3,980124580
85861,555,6414,3,980125173
85862,555,2210,5,978840487
85863,555,8215,3,980125287
85864,555,7466,2,980125364
85865,555,2619,3,980125838
85866,555,1876,3,980125838
85867,555,6921,4,980125895
85868,555,7305,5,978841649
85869,556,323,5,1534321062
85870,556,1183,4,1534321047
85871,556,458,5,1534320962
85872,556,754,4,1534320935
85873,556,764,4,1534320982
85874,556,765,4,1534320953
85875,556,771,4,1534321011
85876,556,3259,4,1534321199
85877,556,775,4,1534320952
85878,556,780,4,1534321009
85879,556,1894,4,1534321013
85880,556,1895,3,1534320971
85881,556,1133,4,1534320956
85882,556,3077,4,1534321075
85883,556,2519,4,1534321024
85884,556,2060,4,1534321207
85885,556,913,2,1534321030
85886,556,918,3,1534320977
85887,556,927,4,1534321171
85888,556,8142,3,1534321044
85889,556,1308,4,1534321017
85890,556,1926,5,1534320965
85891,556,3088,4,1534321036
85892,556,1939,4,1534320986
85893,556,6083,4,1534321171
85894,556,6088,3,1534321052
85895,556,1343,4,1534320967
85896,556,1078,5,1534321287
85897,556,7952,4,1534321209
85898,556,4797,4,1534321026
85899,556,5990,4,1534321200
85900,556,8660,4,1534321194
85901,557,487,4,1452797765
85902,557,464,4,1452874576
85903,557,532,5,1452797740
85904,557,14,3,1452797746
85905,557,16,3,1452797284
85906,557,233,4,1452797268
85907,557,471,4,1452797719
85908,557,29,4,1452797283
85909,557,38,5,1452797714
85910,557,1135,5,1452797306
85911,557,69,3,1452797288
85912,557,71,3,1452797292
85913,557,74,3,1452797322
85914,557,90,4,1453467758
85915,557,1485,4,1453233004
85916,557,102,3,1452874619
85917,557,988,3,1452797735
85918,557,122,3,1452874629
85919,557,167,4,1452797277
85920,557,171,4,1452875032
85921,557,172,2,1452874621
85922,557,180,0,1452875020
85923,557,745,4,1452797727
85924,557,458,4,1452875027
85925,557,763,5,1453467894
85926,557,1056,4,1453467942
85927,557,1085,3,1452934442
85928,558,2432,3,1035415930
85929,558,13,4,1035416048
85930,558,17,3,1035415412
85931,558,23,3,1035415962
85932,558,1158,3,1035415992
85933,558,35,4,1035415332
85934,558,481,5,1035416173
85935,558,679,5,1035416009
85936,558,4666,2,1035415459
85937,558,61,5,1035416155
85938,558,66,4,1035415412
85939,558,79,5,1035415531
85940,558,356,4,1035416009
85941,558,988,4,1035415303
85942,558,1520,3,1035415332
85943,558,379,4,1035416409
85944,558,382,5,1035415531
85945,558,122,4,1035415373
85946,558,2573,5,1035416242
85947,558,2581,5,1035416048
85948,558,195,4,1035415942
85949,558,201,1,1035415531
85950,558,2599,5,1035416294
85951,558,2690,4,1035415373
85952,558,2511,4,1035416320
85953,558,217,3,1035416107
85954,558,1733,4,1035416222
85955,558,2611,5,1035416023
85956,558,1764,4,1035416340
85957,558,4687,5,1035415531
85958,558,2617,4,1035416375
85959,558,4469,5,1035416048
85960,558,8218,3,1035415962
85961,558,745,5,1035416189
85962,558,451,5,1035416273
85963,558,752,4,1035415615
85964,558,2044,2,1035415615
85965,558,754,5,1035415811
85966,558,2124,5,1035415811
85967,558,3645,5,1035416023
85968,558,7509,2,1035415685
85969,558,6215,4,1035415746
85970,558,6504,1,1035415850
85971,558,2222,4,1035415823
85972,558,1839,5,1035415667
85973,558,1881,3,1035415685
85974,558,1198,4,1035415615
85975,558,2699,3,1035415701
85976,558,1841,3,1035415648
85977,558,4108,3,1035415648
85978,558,2499,3,1035415667
85979,558,2225,5,1035415729
85980,558,5209,5,1035415729
85981,558,1845,3,1035415648
85982,558,1846,5,1035415746
85983,558,4172,5,1035415871
85984,559,1,5,865095758
85985,559,482,4,845476032
85986,559,3,5,865095857
85987,559,487,3,845475880
85988,559,490,3,845476569
85989,559,493,2,845475946
85990,559,293,3,845475965
85991,559,461,5,845475917
85992,559,462,4,845476089
85993,559,463,3,845475987
85994,559,1401,3,845476159
85995,559,296,4,865095758
85996,559,507,3,865096234
85997,559,508,3,865096444
85998,559,516,4,865095801
85999,559,519,3,845476382
86000,559,1403,3,845476830
86001,559,8,4,845475880
86002,559,521,3,845476335
86003,559,523,3,865096085
86004,559,526,3,845476229
86005,559,464,3,845475789
86006,559,465,3,845475828
86007,559,530,2,845475987
86008,559,531,3,845475880
86009,559,532,3,845475827
86010,559,533,3,845476105
86011,559,1405,3,845475999
86012,559,535,1,845476569
86013,559,540,3,845475896
86014,559,541,3,845476065
86015,559,545,3,845476032
86016,559,547,2,845476056
86017,559,549,4,845476370
86018,559,555,5,845476352
86019,559,2546,3,845476247
86020,559,560,3,845476293
86021,559,562,4,845476218
86022,559,466,3,845475896
86023,559,3218,2,845476518
86024,559,16,5,865095758
86025,559,308,5,845476125
86026,559,578,3,845476170
86027,559,5693,2,845476898
86028,559,588,3,845475880
86029,559,17,3,845475789
86030,559,596,4,845476475
86031,559,18,3,845475863
86032,559,598,3,845475965
86033,559,233,5,845475863
86034,559,599,4,845476259
86035,559,600,3,845475849
86036,559,19,2,845476159
86037,559,1409,3,845476311
86038,559,605,4,845475896
86039,559,310,3,845476247
86040,559,471,3,845475828
86041,559,20,3,845475828
86042,559,609,3,845475987
86043,559,613,3,845476125
86044,559,21,4,845475863
86045,559,314,3,845475964
86046,559,22,3,845476335
86047,559,472,4,845475917
86048,559,23,3,845475935
86049,559,315,3,845476079
86050,559,619,3,845476170
86051,559,621,1,845476444
86052,559,622,4,845475917
86053,559,473,3,845475789
86054,559,627,2,845476487
86055,559,474,3,845475935
86056,559,2548,2,845476352
86057,559,629,3,845476422
86058,559,1414,3,845475987
86059,559,633,3,845475999
86060,559,634,2,845475863
86061,559,635,2,845475987
86062,559,1157,3,845476017
86063,559,639,3,845475896
86064,559,640,1,845476370
86065,559,26,3,845475849
86066,559,643,2,845476218
86067,559,475,3,845476017
86068,559,318,5,845476276
86069,559,27,5,845475863
86070,559,648,3,845476159
86071,559,649,3,845476569
86072,559,651,3,845476276
86073,559,653,3,845476293
86074,559,28,3,845475935
86075,559,657,4,845476056
86076,559,320,4,845476017
86077,559,659,3,845476500
86078,559,2655,2,845476408
86079,559,660,3,845476218
86080,559,661,4,845476569
86081,559,975,5,845476352
86082,559,662,3,845476311
86083,559,4055,3,845476533
86084,559,322,4,845475946
86085,559,30,2,845476259
86086,559,2487,3,845476928
86087,559,1420,4,845476065
86088,559,31,3,845476199
86089,559,671,3,845475935
86090,559,323,4,845475828
86091,559,479,4,845475917
86092,559,34,3,845475789
86093,559,480,3,845476142
86094,559,324,3,845475849
86095,559,36,3,845476276
86096,559,481,3,845475946
86097,559,37,4,865095801
86098,559,1422,4,845476335
86099,559,674,3,845476370
86100,559,38,3,865095840
86101,559,1159,3,865095801
86102,559,39,5,845476518
86103,559,680,2,845476708
86104,559,326,4,845476396
86105,559,5287,3,865096213
86106,559,41,4,865095801
86107,559,42,3,845476080
86108,559,1097,5,865095758
86109,559,2996,3,865095840
86110,559,43,5,865095875
86111,559,693,4,865095819
86112,559,2427,4,865095875
86113,559,2662,3,865096068
86114,559,61,3,865095819
86115,559,349,4,865095771
86116,559,74,4,865095758
86117,559,1166,4,865095647
86118,559,362,3,865096039
86119,559,2429,3,865096099
86120,559,1031,5,865096128
86121,559,1168,3,865095647
86122,559,1493,4,867760946
86123,559,102,5,868277238
86124,560,1,3,1469653413
86125,560,293,3,1469647882
86126,560,461,2,1469647264
86127,560,4,4,1469648029
86128,560,1401,2,1469654312
86129,560,5,4,1469647239
86130,560,6,4,1469653546
86131,560,5290,4,1469653182
86132,560,8,4,1469652439
86133,560,464,4,1469648079
86134,560,11,3,1469654276
86135,560,550,3,1469647278
86136,560,13,4,1469657652
86137,560,16,4,1469647797
86138,560,585,3,1469649265
86139,560,589,4,1469647274
86140,560,17,4,1469647859
86141,560,18,4,1469657593
86142,560,471,3,1469653410
86143,560,21,3,1469647891
86144,560,23,4,1469648910
86145,560,622,4,1469653411
86146,560,473,4,1469647870
86147,560,1157,3,1469648797
86148,560,648,3,1469648914
86149,560,28,3,1469648885
86150,560,1420,4,1469654292
86151,560,479,3,1469652670
86152,560,35,4,1469647247
86153,560,37,4,1469651955
86154,560,5106,4,1469677592
86155,560,2073,4,1469654372
86156,560,1160,4,1469648003
86157,560,43,3,1469648499
86158,560,46,4,1469657403
86159,560,62,4,1469652879
86160,560,63,4,1469647269
86161,560,65,3,1469654237
86162,560,4261,3,1469677595
86163,560,67,4,1469648138
86164,560,68,4,1469652410
86165,560,1102,3,1469652451
86166,560,69,4,1469647857
86167,560,71,4,1469652436
86168,560,351,4,1469648122
86169,560,1103,4,1469652475
86170,560,73,4,1469647925
86171,560,74,4,1469647971
86172,560,76,3,1470702523
86173,560,78,3,1469653946
86174,560,79,4,1469648017
86175,560,726,3,1469648143
86176,560,2083,4,1469675546
86177,560,2084,3,1478019649
86178,560,360,4,1469653916
86179,560,90,4,1469647842
86180,560,2450,4,1469653211
86181,560,362,4,1469652886
86182,560,1485,3,1469648455
86183,560,1031,4,1469647802
86184,560,102,4,1469648432
86185,560,366,3,1469653066
86186,560,1032,4,1469647907
86187,560,2461,4,1469654344
86188,560,108,4,1469652921
86189,560,729,4,1469648140
86190,560,234,4,1469648028
86191,560,988,3,1469648742
86192,560,109,4,1469652441
86193,560,2091,4,1469652695
86194,560,376,3,1469654145
86195,560,731,3,1469654083
86196,560,379,4,1469648712
86197,560,1171,3,1469648111
86198,560,1777,3,1469648875
86199,560,120,2,1469648679
86200,560,122,3,1469652483
86201,560,135,4,1469657601
86202,560,142,4,1469648686
86203,560,146,3,1469648829
86204,560,147,4,1469653849
86205,560,148,4,1469647863
86206,560,1601,3,1469654116
86207,560,274,3,1469648975
86208,560,1010,4,1469649001
86209,560,167,4,1469647800
86210,560,4154,4,1469650428
86211,560,1632,4,1469648902
86212,560,172,4,1469649995
86213,560,732,2,1469649867
86214,560,1639,4,1469653333
86215,560,8082,4,1469651001
86216,560,400,3,1469654003
86217,560,179,4,1469648429
86218,560,5311,4,1469675550
86219,560,180,3,1469654099
86220,560,734,3,1469650085
86221,560,1179,2,1469648758
86222,560,401,3,1469649838
86223,560,181,3,1469648057
86224,560,182,3,1469654149
86225,560,402,4,1469648014
86226,560,403,4,1469650068
86227,560,185,4,1469647930
86228,560,2593,4,1469650062
86229,560,193,4,1469647249
86230,560,1118,4,1469747560
86231,560,1183,4,1469649860
86232,560,414,4,1469650558
86233,560,204,4,1469650037
86234,560,1787,3,1469650601
86235,560,209,3,1469654325
86236,560,2511,3,1469650468
86237,560,1701,3,1469649214
86238,560,737,3,1469650397
86239,560,422,3,1469649840
86240,560,3301,4,1469650591
86241,560,1722,3,1469652901
86242,560,423,3,1469649835
86243,560,218,3,1469649276
86244,560,220,4,1469647827
86245,560,1014,2,1469654181
86246,560,1756,3,1469650488
86247,560,1187,3,1469654097
86248,560,229,3,1469654085
86249,560,2101,4,1469677581
86250,560,1764,2,1469650612
86251,560,1765,4,1469654193
86252,560,429,3,1469648136
86253,560,1797,3,1469648811
86254,560,278,4,1469652480
86255,560,431,3,1469654168
86256,560,741,3,1469653228
86257,560,742,4,1469648804
86258,560,432,4,1469650005
86259,560,1022,4,1469647845
86260,560,3310,3,1469649303
86261,560,743,3,1469650156
86262,560,1043,3,1469650014
86263,560,3176,2,1469748216
86264,560,1805,2,1469649317
86265,560,437,4,1469650015
86266,560,443,4,1469654607
86267,560,445,3,1469647836
86268,560,1811,2,1469650594
86269,560,447,3,1469649032
86270,560,1812,3,1469649271
86271,560,745,3,1469649993
86272,560,451,4,1469649871
86273,560,746,3,1469649287
86274,560,2214,3,1469649331
86275,560,1816,2,1469650227
86276,560,1193,4,1469675109
86277,560,1819,3,1469650319
86278,560,868,3,1469650163
86279,560,1044,4,1469648523
86280,560,1195,4,1469650208
86281,560,1125,3,1478019769
86282,560,458,3,1469654114
86283,560,753,4,1469650011
86284,560,1126,4,1469649999
86285,560,2717,3,1469654135
86286,560,1832,4,1469650099
86287,560,754,4,1469647838
86288,560,755,3,1469648054
86289,560,4161,3,1469651538
86290,560,1881,4,1469650496
86291,560,757,3,1469648598
86292,560,870,2,1469650173
86293,560,758,4,1469649205
86294,560,1199,4,1469647989
86295,560,759,3,1469647851
86296,560,848,3,1469649290
86297,560,762,3,1469648877
86298,560,1200,3,1469648693
86299,560,8598,4,1469677537
86300,560,763,4,1469649842
86301,560,1202,4,1469649870
86302,560,1203,4,1469650169
86303,560,1127,4,1469675581
86304,560,1851,3,1469650891
86305,560,2772,4,1469650484
86306,560,764,3,1469649857
86307,560,8777,4,1469677524
86308,560,8778,4,1469747793
86309,560,3187,4,1469657318
86310,560,4483,3,1469650957
86311,560,1204,3,1469657604
86312,560,765,4,1469647848
86313,560,857,3,1469648843
86314,560,766,4,1469650019
86315,560,767,4,1469649470
86316,560,5401,3,1469653173
86317,560,3616,3,1469649080
86318,560,8779,4,1469675875
86319,560,874,2,1469649259
86320,560,1853,2,1469649241
86321,560,3191,3,1469650269
86322,560,2233,3,1469650412
86323,560,769,3,1469650024
86324,560,1210,3,1469648594
86325,560,2235,3,1469650150
86326,560,771,3,1469647825
86327,560,3070,3,1469650447
86328,560,2480,3,1469651044
86329,560,3259,3,1469648898
86330,560,2107,4,1469675531
86331,560,772,3,1469648866
86332,560,2963,4,1469651030
86333,560,235,4,1469648076
86334,560,773,3,1469648941
86335,560,878,2,1469650160
86336,560,2243,3,1469650309
86337,560,3617,3,1469651173
86338,560,1129,3,1469747595
86339,560,1218,3,1469650096
86340,560,775,4,1469647831
86341,560,4752,4,1469675895
86342,560,1219,3,1469651066
86343,560,1221,4,1469747567
86344,560,1130,4,1469649373
86345,560,1048,4,1469650030
86346,560,885,2,1469649236
86347,560,6507,4,1469651729
86348,560,1226,2,1469650301
86349,560,780,3,1469648379
86350,560,3146,4,1469650282
86351,560,2048,4,1469648969
86352,560,887,3,1469650323
86353,560,888,2,1469650472
86354,560,3277,3,1469677591
86355,560,4292,3,1469650804
86356,560,1227,4,1469650335
86357,560,1049,3,1469648725
86358,560,784,4,1469650045
86359,560,786,3,1469650503
86360,560,1228,3,1469648894
86361,560,788,3,1469649389
86362,560,3147,4,1469650571
86363,560,2266,4,1469648048
86364,560,3354,3,1469650843
86365,560,1229,4,1469650511
86366,560,794,4,1469650573
86367,560,797,3,1469648794
86368,560,2518,4,1469677758
86369,560,799,4,1469649011
86370,560,8780,4,1469654248
86371,560,3212,4,1469654609
86372,560,5622,4,1469652047
86373,560,3072,4,1469650901
86374,560,3073,3,1469649411
86375,560,4307,2,1469675535
86376,560,3149,3,1469650854
86377,560,2050,3,1469648588
86378,560,3150,3,1469657522
86379,560,8781,2,1469675558
86380,560,893,3,1469650478
86381,560,2126,3,1469648784
86382,560,807,4,1469648087
86383,560,809,4,1469648832
86384,560,895,3,1469649094
86385,560,810,3,1469647993
86386,560,812,4,1469650260
86387,560,1892,3,1469650233
86388,560,813,3,1469652023
86389,560,1242,2,1469665381
86390,560,2052,4,1469651932
86391,560,2127,4,1469648780
86392,560,1243,3,1469649110
86393,560,1244,4,1469652665
86394,560,8782,3,1470186568
86395,560,1246,3,1469747501
86396,560,1247,4,1469650578
86397,560,1249,4,1469649642
86398,560,8783,4,1469674290
86399,560,2053,3,1469650339
86400,560,5930,3,1469649115
86401,560,2298,3,1469675804
86402,560,897,4,1469648888
86403,560,898,4,1469650777
86404,560,2300,3,1469650327
86405,560,3379,3,1469648868
86406,560,1251,4,1469647828
86407,560,2307,4,1469649443
86408,560,5253,3,1469651300
86409,560,1897,3,1469649233
86410,560,3385,3,1469650514
86411,560,1255,3,1469650083
86412,560,2722,2,1469652704
86413,560,1256,3,1469650107
86414,560,2311,3,1469650531
86415,560,1899,3,1469650784
86416,560,2055,3,1469653997
86417,560,899,3,1469747496
86418,560,3792,3,1469675818
86419,560,1901,4,1469651032
86420,560,8784,4,1469675814
86421,560,2316,4,1469650144
86422,560,1133,4,1469649645
86423,560,238,4,1469650026
86424,560,7030,4,1469649970
86425,560,1051,4,1469649451
86426,560,824,4,1469648096
86427,560,825,3,1469677710
86428,560,2320,3,1469653959
86429,560,1903,3,1469655070
86430,560,3079,3,1469651231
86431,560,2326,4,1469650146
86432,560,900,3,1469648133
86433,560,2056,4,1469650582
86434,560,2331,3,1469654779
86435,560,7012,3,1469655488
86436,560,1905,2,1469650403
86437,560,1907,4,1469650441
86438,560,3515,3,1469655498
86439,560,2057,4,1469650908
86440,560,1269,2,1469650295
86441,560,903,4,1469647922
86442,560,5623,4,1469675096
86443,560,2058,4,1469650214
86444,560,8785,3,1469675623
86445,560,3414,3,1469655042
86446,560,2987,4,1469650963
86447,560,2338,3,1469650436
86448,560,1271,4,1469652467
86449,560,3418,3,1469649151
86450,560,1272,4,1469654714
86451,560,3806,3,1469650833
86452,560,3677,4,1469650986
86453,560,3591,4,1469655351
86454,560,904,3,1469650057
86455,560,8490,2,1469655808
86456,560,2347,2,1469651058
86457,560,1276,3,1469654735
86458,560,2129,4,1469652895
86459,560,1279,4,1469652446
86460,560,2350,2,1469654805
86461,560,239,4,1469647816
86462,560,8786,4,1469675592
86463,560,7648,3,1469655537
86464,560,1912,4,1469647975
86465,560,1056,4,1469648050
86466,560,3081,2,1469649136
86467,560,1286,4,1469648082
86468,560,240,3,1469653998
86469,560,2064,4,1469654726
86470,560,2377,3,1469654837
86471,560,3083,4,1469654814
86472,560,1916,3,1469648399
86473,560,1058,3,1469648372
86474,560,914,2,1469649199
86475,560,2066,3,1469654746
86476,560,1293,4,1469652581
86477,560,8117,3,1469655653
86478,560,3156,4,1469655329
86479,560,241,4,1469652473
86480,560,1059,4,1469652491
86481,560,8787,4,1469675758
86482,560,916,3,1469647904
86483,560,4327,4,1469655340
86484,560,2991,4,1469648812
86485,560,1299,4,1469649400
86486,560,1061,4,1469648001
86487,560,1062,2,1469654817
86488,560,1301,4,1469651767
86489,560,5981,3,1469655347
86490,560,922,3,1469747474
86491,560,928,3,1469654714
86492,560,6935,4,1469675570
86493,560,8788,3,1469747707
86494,560,243,3,1469648061
86495,560,1307,4,1469652612
86496,560,1312,3,1469648128
86497,560,4541,3,1469655261
86498,560,931,0,1469655031
86499,560,245,4,1469647819
86500,560,1318,2,1469654725
86501,560,1153,4,1469652928
86502,560,3624,2,1478041012
86503,560,8789,2,1469675874
86504,560,1933,4,1469657590
86505,560,1935,1,1469655294
86506,560,1155,4,1469654732
86507,560,1064,3,1469648482
86508,560,3847,3,1469648956
86509,560,1065,2,1469649072
86510,560,1066,3,1469747238
86511,560,2132,3,1469657505
86512,560,2528,3,1478040747
86513,560,1939,3,1469648381
86514,560,1330,4,1469648568
86515,560,1941,3,1469649100
86516,560,3487,3,1469653027
86517,560,5277,4,1469653923
86518,560,6528,3,1469655838
86519,560,6078,4,1469653896
86520,560,6529,4,1469769190
86521,560,8724,3,1469652062
86522,560,1068,3,1469649014
86523,560,250,3,1469647985
86524,560,1943,3,1478040820
86525,560,251,4,1469652577
86526,560,945,3,1469647914
86527,560,4783,4,1469651753
86528,560,1945,3,1469649145
86529,560,3491,3,1469652710
86530,560,1070,3,1469648750
86531,560,8790,3,1469677624
86532,560,4734,3,1469673947
86533,560,1340,2,1478040713
86534,560,1954,3,1469648870
86535,560,252,3,1469648007
86536,560,2735,3,1469657722
86537,560,6938,4,1478040864
86538,560,2133,3,1469649006
86539,560,1348,1,1469649211
86540,560,1968,2,1478040909
86541,560,8791,3,1469677496
86542,560,1971,3,1469657518
86543,560,2736,4,1469648578
86544,560,253,4,1469648763
86545,560,3105,3,1469654016
86546,560,3106,2,1478040775
86547,560,1981,4,1469648960
86548,560,8792,4,1469675837
86549,560,962,4,1469652903
86550,560,254,3,1469652912
86551,560,8793,4,1469653462
86552,560,1076,3,1469648012
86553,560,255,3,1469657571
86554,560,1077,4,1469648505
86555,560,1079,4,1469649016
86556,560,2539,4,1469652434
86557,560,1362,3,1469648537
86558,560,4383,3,1470702691
86559,560,258,4,1469648716
86560,560,1081,4,1469647302
86561,560,4797,3,1469677869
86562,560,1082,3,1469647296
86563,560,2542,3,1469647417
86564,560,8794,3,1469653146
86565,560,6481,2,1469647568
86566,560,4803,4,1469649529
86567,560,1085,4,1469647282
86568,560,1086,3,1469647901
86569,560,2850,3,1469647551
86570,560,969,2,1469647583
86571,560,1373,2,1469647349
86572,560,2855,4,1469647338
86573,560,8795,4,1469653431
86574,560,8796,3,1469675690
86575,560,2862,3,1469647718
86576,560,8797,2,1469647730
86577,560,1379,4,1469647293
86578,560,8798,4,1469649386
86579,560,1088,4,1469647368
86580,560,8799,4,1470252660
86581,560,7068,3,1469647379
86582,561,1,4,1491094681
86583,561,482,4,1491094318
86584,561,484,3,1491094488
86585,561,3,4,1491092289
86586,561,260,2,1491094481
86587,561,293,3,1491091981
86588,561,461,2,1491095062
86589,561,463,3,1491091334
86590,561,972,2,1491091620
86591,561,4,4,1491091954
86592,561,5,4,1491090860
86593,561,8,5,1491090875
86594,561,526,3,1491094544
86595,561,540,2,1491094546
86596,561,547,1,1491091780
86597,561,12,2,1491094342
86598,561,466,3,1491092013
86599,561,16,4,1491090699
86600,561,589,4,1491094655
86601,561,17,4,1491092060
86602,561,18,4,1491095581
86603,561,233,5,1491090705
86604,561,600,3,1491095464
86605,561,20,3,1491091021
86606,561,611,4,1491095244
86607,561,21,4,1491094623
86608,561,472,4,1491091015
86609,561,23,2,1491095574
86610,561,619,3,1491095469
86611,561,622,3,1491091127
86612,561,473,3,1491091137
86613,561,634,2,1491094563
86614,561,637,2,1491095417
86615,561,1157,2,1491091398
86616,561,26,4,1491092027
86617,561,643,3,1491095379
86618,561,27,4,1491092073
86619,561,648,2,1491091881
86620,561,29,4,1491094602
86621,561,322,3,1491095473
86622,561,1420,3,1491094671
86623,561,1158,2,1491095308
86624,561,828,3,1491095448
86625,561,479,4,1491090844
86626,561,34,4,1491091082
86627,561,35,4,1491090874
86628,561,36,4,1491091223
86629,561,37,3,1491091023
86630,561,38,3,1491091275
86631,561,1159,3,1491091405
86632,561,40,2,1491091887
86633,561,41,3,1491091091
86634,561,43,4,1491091239
86635,561,2427,1,1491091530
86636,561,1435,3,1491091404
86637,561,1098,4,1491094886
86638,561,45,3,1491094612
86639,561,831,4,1491094791
86640,561,46,4,1491094658
86641,561,724,4,1491094624
86642,561,1135,4,1491090835
86643,561,61,4,1491091962
86644,561,63,3,1491092055
86645,561,66,4,1491090977
86646,561,67,3,1491094668
86647,561,1451,4,1491094710
86648,561,3701,2,1491094494
86649,561,69,5,1491090693
86650,561,70,5,1491090717
86651,561,71,5,1491090690
86652,561,1029,4,1491090838
86653,561,72,2,1491094666
86654,561,74,4,1491090721
86655,561,75,4,1491091964
86656,561,76,4,1491091923
86657,561,79,4,1491090917
86658,561,1106,4,1491094939
86659,561,82,4,1491090845
86660,561,726,4,1491090986
86661,561,355,5,1491094630
86662,561,1107,4,1491094912
86663,561,1454,4,1491095079
86664,561,84,4,1491091945
86665,561,356,4,1491091939
86666,561,268,4,1491094994
86667,561,85,4,1491091969
86668,561,86,4,1491090819
86669,561,87,4,1491092069
86670,561,88,3,1491094620
86671,561,89,4,1491095065
86672,561,90,4,1491090713
86673,561,270,4,1491092243
86674,561,4057,4,1491092201
86675,561,1461,3,1491092046
86676,561,1464,3,1491092382
86677,561,1030,3,1491095460
86678,561,978,3,1491095352
86679,561,271,3,1491095552
86680,561,1469,4,1491092435
86681,561,1167,4,1491090991
86682,561,1140,3,1491092238
86683,561,1471,4,1491092146
86684,561,1472,4,1491095179
86685,561,1474,2,1491095292
86686,561,2147,5,1491090966
86687,561,2420,2,1491090973
86688,561,1475,4,1491092758
86689,561,1476,3,1491095492
86690,561,95,4,1491092929
86691,561,1485,3,1491094455
86692,561,99,3,1491095174
86693,561,1168,2,1491091586
86694,561,100,2,1491091440
86695,561,101,2,1491091349
86696,561,102,3,1491091035
86697,561,103,4,1491091147
86698,561,984,2,1491094346
86699,561,1504,4,1491092134
86700,561,834,3,1491094748
86701,561,729,3,1491092233
86702,561,234,4,1491092036
86703,561,988,3,1491091198
86704,561,109,5,1491091144
86705,561,110,3,1491094324
86706,561,730,3,1491095059
86707,561,991,3,1491091460
86708,561,116,4,1491094627
86709,561,117,4,1491094878
86710,561,382,4,1491091984
86711,561,1538,2,1491094372
86712,561,4062,3,1491094504
86713,561,2999,4,1491092235
86714,561,1543,3,1491090989
86715,561,2905,3,1491092023
86716,561,118,3,1491090997
86717,561,1034,3,1491091209
86718,561,1544,3,1491092203
86719,561,119,4,1491091982
86720,561,120,3,1491095163
86721,561,122,4,1491091932
86722,561,997,4,1491095391
86723,561,134,3,1491092103
86724,561,385,4,1491092245
86725,561,135,4,1491092110
86726,561,1570,3,1491092160
86727,561,140,3,1491095348
86728,561,1572,3,1491092274
86729,561,386,3,1491095454
86730,561,141,3,1491095000
86731,561,142,4,1491092111
86732,561,1141,4,1491092052
86733,561,145,4,1491090897
86734,561,146,2,1491091236
86735,561,273,4,1491091941
86736,561,147,4,1491091960
86737,561,1593,2,1491094477
86738,561,1594,3,1491091155
86739,561,392,3,1491091936
86740,561,148,3,1491091952
86741,561,1601,3,1491095398
86742,561,1604,3,1491094328
86743,561,5720,2,1491094568
86744,561,1606,3,1491094410
86745,561,1862,3,1491095250
86746,561,154,4,1491092474
86747,561,1863,4,1491091365
86748,561,1864,4,1491092025
86749,561,2576,3,1491094421
86750,561,1610,3,1491092367
86751,561,1173,4,1491095048
86752,561,1174,3,1491095236
86753,561,1175,3,1491091293
86754,561,1611,4,1491094705
86755,561,1612,3,1491095556
86756,561,1177,4,1491091107
86757,561,1178,2,1491094498
86758,561,1614,4,1491094687
86759,561,1618,3,1491092259
86760,561,3029,4,1491092163
86761,561,161,4,1491092281
86762,561,163,4,1491094817
86763,561,1625,3,1491094487
86764,561,165,4,1491094696
86765,561,167,4,1491090825
86766,561,399,3,1491095345
86767,561,171,3,1491091347
86768,561,172,2,1491091395
86769,561,173,4,1491094722
86770,561,174,4,1491092247
86771,561,1641,3,1491095209
86772,561,181,5,1491090969
86773,561,735,3,1491095178
86774,561,1648,3,1491095117
86775,561,402,4,1491091986
86776,561,403,2,1491094507
86777,561,405,4,1491091978
86778,561,2490,3,1491092430
86779,561,2588,3,1491095548
86780,561,183,4,1491091059
86781,561,1653,4,1491094988
86782,561,1655,3,1491091592
86783,561,5580,3,1491094413
86784,561,185,3,1491092031
86785,561,188,3,1491092175
86786,561,1180,4,1491094644
86787,561,193,4,1491092018
86788,561,194,4,1491091073
86789,561,198,3,1491092283
86790,561,199,4,1491092118
86791,561,1142,3,1491092141
86792,561,1183,3,1491095248
86793,561,1685,4,1491092294
86794,561,2193,4,1491095056
86795,561,736,3,1491090961
86796,561,277,4,1491092364
86797,561,209,3,1491091066
86798,561,418,4,1491095414
86799,561,1700,3,1491094466
86800,561,1185,4,1491092413
86801,561,1011,3,1491094426
86802,561,419,4,1491092471
86803,561,214,4,1491095041
86804,561,3236,4,1491095186
86805,561,215,3,1491094775
86806,561,1722,4,1491091958
86807,561,218,3,1491092317
86808,561,1039,3,1491092114
86809,561,1732,3,1491095203
86810,561,219,5,1491090995
86811,561,2606,4,1491094707
86812,561,1042,3,1491094374
86813,561,220,5,1491091995
86814,561,738,2,1491091665
86815,561,1747,3,1491092392
86816,561,224,4,1491094969
86817,561,225,4,1491092016
86818,561,1750,3,1491092099
86819,561,227,5,1491092033
86820,561,1016,4,1491095567
86821,561,229,3,1491095221
86822,561,230,4,1491094697
86823,561,1872,4,1491092148
86824,561,739,3,1491092213
86825,561,1797,2,1491094330
86826,561,742,4,1491094393
86827,561,432,3,1491094981
86828,561,1022,4,1491092061
86829,561,743,2,1491091597
86830,561,437,4,1491094633
86831,561,1876,4,1491091018
86832,561,3140,3,1491092177
86833,561,442,3,1491092403
86834,561,3177,4,1491094769
86835,561,744,3,1491092415
86836,561,447,1,1491094383
86837,561,1191,4,1491094974
86838,561,1817,2,1491091843
86839,561,1877,3,1491092161
86840,561,3243,3,1491095205
86841,561,2641,3,1491095233
86842,561,1878,3,1491092076
86843,561,1146,4,1491092172
86844,561,2647,4,1491095084
86845,561,454,4,1491094639
86846,561,3321,2,1491094320
86847,561,2650,4,1491092352
86848,561,1825,4,1491095289
86849,561,1195,3,1491094484
86850,561,1829,2,1491095296
86851,561,1125,5,1491092421
86852,561,752,4,1491090971
86853,561,753,3,1491095181
86854,561,1832,5,1491092450
86855,561,2404,3,1491095342
86856,561,754,5,1491090821
86857,561,2220,3,1491095142
86858,561,3326,3,1491092410
86859,561,2222,4,1491095570
86860,561,1198,1,1491091858
86861,561,2699,1,1491094442
86862,561,2701,2,1491094367
86863,561,757,3,1491091129
86864,561,758,2,1491091331
86865,561,1199,4,1491090933
86866,561,759,3,1491091089
86867,561,761,3,1491094510
86868,561,2702,4,1491094683
86869,561,3329,4,1491092262
86870,561,1849,2,1491094460
86871,561,2046,3,1491092520
86872,561,1205,3,1491094572
86873,561,2231,3,1491094719
86874,561,765,5,1491090823
86875,561,857,3,1491095137
86876,561,766,3,1491092299
86877,561,1853,1,1491091752
86878,561,3189,3,1491092276
86879,561,769,2,1491091242
86880,561,876,3,1491092137
86881,561,1210,2,1491091296
86882,561,1046,4,1491092116
86883,561,2235,3,1491091655
86884,561,771,4,1491095038
86885,561,6228,3,1491092050
86886,561,2047,3,1491095082
86887,561,3259,2,1491091289
86888,561,8800,3,1491094376
86889,561,235,4,1491092193
86890,561,773,1,1491091549
86891,561,2243,4,1491092941
86892,561,2967,3,1491095134
86893,561,774,4,1491091119
86894,561,1218,3,1491095304
86895,561,775,5,1491090706
86896,561,7133,3,1491094449
86897,561,1130,3,1491092287
86898,561,1222,3,1491091359
86899,561,3144,4,1491092191
86900,561,1048,4,1491090900
86901,561,777,3,1491095586
86902,561,886,4,1491091452
86903,561,779,3,1491091200
86904,561,1226,3,1491091748
86905,561,2753,2,1491091554
86906,561,782,3,1491094567
86907,561,887,2,1491094535
86908,561,2972,3,1491095152
86909,561,2264,3,1491095475
86910,561,783,3,1491091172
86911,561,1049,2,1491091285
86912,561,784,4,1491092427
86913,561,786,3,1491094570
86914,561,1228,3,1491095129
86915,561,236,3,1491095447
86916,561,2266,4,1491092279
86917,561,1230,3,1491092361
86918,561,795,3,1491091031
86919,561,796,2,1491091569
86920,561,798,3,1491091316
86921,561,891,3,1491095287
86922,561,1237,2,1491094518
86923,561,3150,3,1491092477
86924,561,807,3,1491091214
86925,561,1239,3,1491091402
86926,561,808,3,1491092971
86927,561,2286,3,1491095376
86928,561,809,3,1491091167
86929,561,895,1,1491091463
86930,561,810,4,1491090888
86931,561,812,2,1491091574
86932,561,813,2,1491091518
86933,561,1242,4,1491092230
86934,561,4994,2,1491091785
86935,561,1249,4,1491095164
86936,561,1895,3,1491091230
86937,561,2300,3,1491094476
86938,561,1251,3,1491090915
86939,561,1252,2,1491091058
86940,561,1896,3,1491091484
86941,561,3383,2,1491091652
86942,561,817,2,1491091372
86943,561,1256,3,1491092480
86944,561,2055,3,1491095202
86945,561,1050,3,1491092951
86946,561,1133,1,1491091028
86947,561,238,4,1491091045
86948,561,1052,3,1491095101
86949,561,824,3,1491090965
86950,561,2320,3,1491091051
86951,561,1053,3,1491092372
86952,561,2326,4,1491091160
86953,561,5957,1,1491091704
86954,561,1262,3,1491095285
86955,561,900,3,1491095443
86956,561,2056,2,1491095167
86957,561,1263,3,1491091645
86958,561,2979,2,1491091648
86959,561,1905,2,1491092304
86960,561,1907,3,1491094388
86961,561,5964,2,1491094424
86962,561,903,4,1491091001
86963,561,2058,3,1491092180
86964,561,2338,2,1491092982
86965,561,1054,2,1491094550
86966,561,2129,3,1491094463
86967,561,1277,3,1491095535
86968,561,239,5,1491090831
86969,561,1055,3,1491090880
86970,561,1912,2,1491091077
86971,561,1282,2,1491091710
86972,561,1283,3,1491091151
86973,561,1284,3,1491091458
86974,561,1056,5,1491090872
86975,561,2130,4,1491092121
86976,561,1916,4,1491090979
86977,561,1057,2,1491094533
86978,561,1058,3,1491092326
86979,561,3452,2,1491091634
86980,561,3084,3,1491094699
86981,561,241,3,1491090904
86982,561,1152,4,1491090882
86983,561,1918,2,1491091613
86984,561,916,4,1491090847
86985,561,1920,1,1491091848
86986,561,1061,3,1491091203
86987,561,1063,2,1491091250
86988,561,242,4,1491091174
86989,561,927,3,1491095290
86990,561,928,4,1491095357
86991,561,243,3,1491094828
86992,561,1311,2,1491091838
86993,561,1312,3,1491091177
86994,561,1313,3,1491095562
86995,561,3088,3,1491091716
86996,561,1314,3,1491091606
86997,561,1134,4,1491091085
86998,561,3476,3,1491091746
86999,561,245,3,1491091990
87000,561,4174,2,1491091743
87001,561,1316,2,1491094332
87002,561,1317,2,1491091659
87003,561,1153,4,1491092356
87004,561,246,3,1491095396
87005,561,1932,2,1491091206
87006,561,3091,3,1491091474
87007,561,3479,3,1491092196
87008,561,1322,2,1491095423
87009,561,3481,3,1491094542
87010,561,1065,2,1491094539
87011,561,3851,1,1491091589
87012,561,1325,4,1491095546
87013,561,1328,3,1491091180
87014,561,1330,4,1491091291
87015,561,1331,3,1491091312
87016,561,1941,4,1491091377
87017,561,1067,4,1491091070
87018,561,2821,3,1491091189
87019,561,1333,2,1491091694
87020,561,1068,3,1491094834
87021,561,250,4,1491091008
87022,561,1943,2,1491091339
87023,561,1334,4,1491095388
87024,561,2827,2,1491091879
87025,561,2530,3,1491090750
87026,561,1069,2,1491091469
87027,561,4704,2,1491091851
87028,561,947,2,1491091216
87029,561,6089,3,1491091778
87030,561,949,3,1491094439
87031,561,3494,2,1491091728
87032,561,951,3,1491091196
87033,561,4733,4,1491095350
87034,561,4734,2,1491092756
87035,561,1954,4,1491090740
87036,561,953,3,1491095239
87037,561,252,3,1491091040
87038,561,6101,2,1491091791
87039,561,1071,2,1491091428
87040,561,1346,2,1491091325
87041,561,2133,2,1491094361
87042,561,1347,3,1491091225
87043,561,3101,3,1491091500
87044,561,1960,3,1491094355
87045,561,956,2,1491091733
87046,561,1352,3,1491092388
87047,561,8801,2,1491091604
87048,561,1074,3,1491095489
87049,561,3104,2,1491091525
87050,561,959,3,1491091100
87051,561,3106,4,1491095149
87052,561,1980,1,1491091543
87053,561,1981,3,1491090744
87054,561,962,3,1491092270
87055,561,254,3,1491091013
87056,561,1987,2,1491091565
87057,561,6115,4,1491091696
87058,561,1076,1,1491091102
87059,561,1991,3,1491091303
87060,561,4741,3,1491091622
87061,561,4795,3,1491091357
87062,561,1078,4,1491090848
87063,561,3112,3,1491091534
87064,561,1998,3,1491090869
87065,561,1363,2,1491090763
87066,561,6034,1,1491091688
87067,561,258,4,1491091283
87068,561,1081,4,1491090863
87069,561,1367,3,1491091319
87070,561,1082,2,1491095067
87071,561,1369,3,1491095413
87072,561,1083,2,1491095400
87073,561,3938,1,1491091721
87074,561,1085,3,1491092329
87075,561,1086,3,1491090885
87076,561,1372,3,1491091121
87077,561,969,2,1491094553
87078,561,2543,2,1491091855
87079,561,2021,4,1491094445
87080,561,1373,3,1491092337
87081,561,2746,3,1491095479
87082,561,2864,3,1491091520
87083,561,1387,2,1491091498
87084,561,1391,3,1491090772
87085,561,1092,4,1491095045
87086,561,8802,3,1491095811
87087,562,1,4,1368893997
87088,562,5,4,1368894758
87089,562,8,4,1368893870
87090,562,464,3,1368893697
87091,562,547,3,1368892062
87092,562,13,4,1368893897
87093,562,17,5,1368894104
87094,562,233,5,1368892201
87095,562,604,4,1368893775
87096,562,21,5,1368893853
87097,562,472,5,1368893720
87098,562,640,4,1368890774
87099,562,657,4,1368893715
87100,562,29,4,1368892205
87101,562,975,4,1368893705
87102,562,322,4,1368896612
87103,562,323,4,1368897501
87104,562,479,4,1368894027
87105,562,33,2,1368893701
87106,562,35,5,1368892330
87107,562,324,3,1368897333
87108,562,1096,4,1368893963
87109,562,264,3,1368890777
87110,562,3169,4,1368892969
87111,562,720,3,1368890740
87112,562,66,3,1368897641
87113,562,1451,3,1368890742
87114,562,69,3,1368892199
87115,562,70,5,1368894019
87116,562,1029,4,1368892357
87117,562,76,4,1368892355
87118,562,77,4,1368892373
87119,562,82,5,1368895343
87120,562,726,5,1368893899
87121,562,2083,4,1368890735
87122,562,84,4,1368892368
87123,562,356,5,1368894067
87124,562,85,4,1368894053
87125,562,2177,4,1368890721
87126,562,87,5,1368897584
87127,562,1456,4,1368895240
87128,562,3706,4,1368895353
87129,562,1457,3,1368895351
87130,562,270,4,1368897582
87131,562,866,5,1368893691
87132,562,1461,4,1368892546
87133,562,1030,5,1368893710
87134,562,2147,3,1368892428
87135,562,2420,3,1368897253
87136,562,1479,4,1368896677
87137,562,98,4,1368893683
87138,562,1031,4,1368893851
87139,562,106,4,1368893687
87140,562,1032,4,1368893717
87141,562,729,5,1368893987
87142,562,234,5,1368893932
87143,562,730,5,1368893694
87144,562,1536,3,1368894071
87145,562,1171,5,1368893918
87146,562,3503,4,1368897596
87147,562,382,5,1368893928
87148,562,4062,4,1368897217
87149,562,2999,5,1368893519
87150,562,1543,4,1368895349
87151,562,2905,3,1368892691
87152,562,118,5,1368896421
87153,562,1544,4,1368897653
87154,562,119,5,1368895208
87155,562,122,3,1368894738
87156,562,124,4,1368895367
87157,562,1569,4,1368896065
87158,562,1572,4,1368897249
87159,562,386,4,1368896616
87160,562,2184,4,1368897521
87161,562,1580,5,1368892973
87162,562,1584,5,1368890726
87163,562,145,4,1368893860
87164,562,273,4,1368892473
87165,562,1601,4,1368897524
87166,562,2913,3,1368896190
87167,562,1607,3,1368890751
87168,562,154,3,1368894742
87169,562,1609,4,1368897359
87170,562,155,4,1368895364
87171,562,1177,5,1368892042
87172,562,274,4,1368896541
87173,562,159,4,1368897337
87174,562,1000,5,1368897018
87175,562,1115,3,1368892044
87176,562,167,5,1368892301
87177,562,168,4,1368897729
87178,562,1632,3,1368890760
87179,562,174,3,1368890765
87180,562,176,3,1368892423
87181,562,177,4,1368893078
87182,562,2925,3,1368892482
87183,562,179,4,1368894730
87184,562,735,3,1368892047
87185,562,402,4,1368894025
87186,562,183,4,1368895346
87187,562,1653,1,1368894108
87188,562,185,5,1368893988
87189,562,2592,4,1368890767
87190,562,3298,4,1368892060
87191,562,2189,4,1368897579
87192,562,188,4,1368897594
87193,562,1180,5,1368893976
87194,562,2713,4,1368896101
87195,562,193,4,1368892280
87196,562,194,4,1368896060
87197,562,2041,3,1368890729
87198,562,1183,3,1368893437
87199,562,2193,4,1368897330
87200,562,204,4,1368893862
87201,562,277,4,1368897212
87202,562,1185,3,1368893866
87203,562,215,4,1368897319
87204,562,1723,4,1368892850
87205,562,423,4,1368893927
87206,562,1039,4,1368892543
87207,562,1040,4,1368892051
87208,562,220,3,1368893983
87209,562,4085,4,1368892928
87210,562,1764,4,1368896649
87211,562,1019,4,1368892053
87212,562,429,4,1368894011
87213,562,278,5,1368894021
87214,562,743,3,1368892056
87215,562,1804,3,1368897215
87216,562,440,4,1368895142
87217,562,3177,4,1368893252
87218,562,5337,3,1368896218
87219,562,8803,5,1368896069
87220,562,6716,4,1368893335
87221,562,5764,4,1368896096
87222,562,745,5,1368893923
87223,562,2636,4,1368896067
87224,562,1878,5,1368896071
87225,562,1879,4,1368896195
87226,562,1044,4,1368892832
87227,562,1825,4,1368897486
87228,562,3323,5,1368896762
87229,562,752,4,1368894005
87230,562,5168,4,1368896058
87231,562,753,4,1368893936
87232,562,755,5,1368893959
87233,562,2124,4,1368897010
87234,562,4108,5,1368892856
87235,562,3648,4,1368897026
87236,562,1842,3,1368896539
87237,562,870,4,1368896535
87238,562,763,4,1368892289
87239,562,871,3,1368896976
87240,562,1202,4,1368897638
87241,562,2772,5,1368896062
87242,562,766,4,1368893948
87243,562,2478,3,1368892935
87244,562,2958,4,1368893132
87245,562,876,4,1368894014
87246,562,1046,4,1368892352
87247,562,771,3,1368893993
87248,562,4127,3,1368893500
87249,562,6231,3,1368896055
87250,562,1148,5,1368894017
87251,562,235,4,1368895081
87252,562,2777,3,1368892479
87253,562,3142,5,1368892359
87254,562,8345,4,1368896437
87255,562,1218,4,1368895092
87256,562,2720,4,1368897230
87257,562,883,4,1368896722
87258,562,2708,3,1368896544
87259,562,7606,4,1368896103
87260,562,3200,3,1368892977
87261,562,2264,3,1368895369
87262,562,784,3,1368894089
87263,562,2266,2,1368892382
87264,562,8804,4,1368893516
87265,562,8805,3,1368893557
87266,562,4144,4,1368892933
87267,562,8806,3,1368892965
87268,562,2050,4,1368893846
87269,562,891,3,1368893945
87270,562,807,4,1368896424
87271,562,2286,4,1368893832
87272,562,811,2,1368897031
87273,562,2127,3,1368896664
87274,562,1244,3,1368894060
87275,562,2486,5,1368896464
87276,562,1133,4,1368896435
87277,562,826,3,1368896701
87278,562,6280,4,1368893067
87279,562,2057,3,1368893084
87280,562,1269,4,1368896222
87281,562,1271,4,1368893858
87282,562,3427,3,1368892469
87283,562,1276,5,1368892938
87284,562,2521,3,1368896670
87285,562,905,4,1368896913
87286,562,5685,3,1368892485
87287,562,906,5,1368896661
87288,562,239,4,1368892215
87289,562,2523,5,1368893523
87290,562,1916,5,1368896462
87291,562,914,4,1368896716
87292,562,4192,3,1368896938
87293,562,915,3,1368896766
87294,562,3517,3,1368896911
87295,562,241,4,1368896444
87296,562,2392,3,1368896353
87297,562,1302,5,1368894112
87298,562,8807,3,1368893339
87299,562,4332,4,1368895140
87300,562,1134,4,1368896472
87301,562,245,3,1368892297
87302,562,1317,4,1368896281
87303,562,3624,4,1368892858
87304,562,3477,4,1368896707
87305,562,3626,4,1368893526
87306,562,937,3,1368896726
87307,562,3479,4,1368892693
87308,562,939,3,1368896795
87309,562,2410,4,1368895358
87310,562,1330,3,1368894042
87311,562,942,5,1368896635
87312,562,1333,4,1368896280
87313,562,2530,5,1368892476
87314,562,2532,4,1368896632
87315,562,4561,4,1368893076
87316,562,8808,4,1368893497
87317,562,8809,3,1368893445
87318,563,482,2,1447185161
87319,563,461,2,1441846213
87320,563,1401,3,1440800284
87321,563,21,4,1439932401
87322,563,323,4,1439933439
87323,563,324,4,1439933444
87324,563,481,4,1440793757
87325,563,674,4,1441846371
87326,563,693,4,1441846374
87327,563,331,4,1439933049
87328,563,336,4,1439932492
87329,563,265,4,1439932656
87330,563,2997,4,1439932454
87331,563,45,4,1448636460
87332,563,3281,3,1441846378
87333,563,863,4,1441846393
87334,563,54,3,1441846389
87335,563,2667,3,1441846398
87336,563,1775,5,1439932577
87337,563,61,4,1439932649
87338,563,864,4,1440793700
87339,563,70,3,1439932378
87340,563,865,3,1439933351
87341,563,86,3,1439932502
87342,563,1468,3,1440800312
87343,563,2147,4,1439932655
87344,563,2455,3,1440793768
87345,563,1493,3,1441846480
87346,563,376,3,1448749252
87347,563,382,5,1441846326
87348,563,1556,4,1440800279
87349,563,1778,4,1448749363
87350,563,3288,2,1448749287
87351,563,1572,4,1441846331
87352,563,1584,3,1439933376
87353,563,392,4,1439932334
87354,563,1600,3,1448749484
87355,563,3642,1,1448749299
87356,563,1000,3,1441845661
87357,563,1001,3,1441846344
87358,563,1180,3,1439932518
87359,563,3299,2,1447185397
87360,563,2162,3,1441846261
87361,563,867,3,1448749323
87362,563,431,4,1439933766
87363,563,2715,2,1448749307
87364,563,2042,3,1448749431
87365,563,1805,4,1441845937
87366,563,1809,4,1440800288
87367,563,447,3,1446856488
87368,563,868,4,1446590008
87369,563,749,3,1441845014
87370,563,869,4,1441845188
87371,563,4501,3,1441845137
87372,563,763,4,1441846640
87373,563,872,3,1441845815
87374,563,767,3,1441846705
87375,563,874,3,1441845806
87376,563,875,3,1441845793
87377,563,877,2,1441846132
87378,563,3662,3,1449288362
87379,563,5004,3,1441845905
87380,563,8313,5,1441846651
87381,563,2719,3,1446589987
87382,563,3673,3,1441846425
87383,563,3674,3,1441846110
87384,563,882,3,1441845897
87385,563,5006,2,1447185409
87386,563,3343,2,1441846050
87387,563,884,3,1441845672
87388,563,4243,3,1441845645
87389,563,2517,3,1446590037
87390,563,885,3,1447030816
87391,563,888,3,1439933426
87392,563,4244,3,1441845019
87393,563,787,3,1440800328
87394,563,3353,2,1447186144
87395,563,889,3,1441845709
87396,563,892,3,1441845835
87397,563,5008,3,1440800305
87398,563,806,3,1446863383
87399,563,5244,2,1441845921
87400,563,5245,3,1441845201
87401,563,5920,3,1441845890
87402,563,811,2,1441845849
87403,563,896,4,1439933323
87404,563,1894,3,1448077082
87405,563,5935,3,1441846021
87406,563,8810,3,1441845078
87407,563,8811,3,1441845639
87408,563,3510,3,1446863357
87409,563,3385,4,1441845093
87410,563,1256,2,1439932548
87411,563,3511,2,1441845910
87412,563,5194,4,1441844944
87413,563,8812,2,1447185311
87414,563,3512,2,1446863305
87415,563,826,3,1449288484
87416,563,5595,2,1441844997
87417,563,8576,1,1446856803
87418,563,3403,3,1441846461
87419,563,3407,3,1447291848
87420,563,4249,3,1447185375
87421,563,6680,3,1447186264
87422,563,3413,1,1449288408
87423,563,7645,3,1441846041
87424,563,5689,3,1448591058
87425,563,904,3,1439933308
87426,563,2521,3,1441845031
87427,563,905,3,1441845839
87428,563,3595,3,1449187552
87429,563,3433,2,1441845727
87430,563,1911,2,1448253752
87431,563,3437,2,1446590047
87432,563,907,3,1441845997
87433,563,909,3,1441846685
87434,563,8813,2,1441845203
87435,563,911,1,1448253837
87436,563,8814,2,1441845162
87437,563,913,1,1441846302
87438,563,4530,3,1441845064
87439,563,3517,2,1449288397
87440,563,916,3,1439933079
87441,563,1297,2,1448253786
87442,563,6052,3,1441845089
87443,563,919,3,1446856624
87444,563,920,3,1446589980
87445,563,4729,3,1441844957
87446,563,8815,2,1446590097
87447,563,4535,3,1446856757
87448,563,924,2,1441845631
87449,563,1922,4,1448076673
87450,563,926,4,1441846473
87451,563,8816,3,1441845841
87452,563,3469,3,1441845712
87453,563,4332,4,1448076867
87454,563,929,2,1446856646
87455,563,8817,3,1441845621
87456,563,6551,3,1441844928
87457,563,3522,3,1446856690
87458,563,8818,3,1441845624
87459,563,8819,3,1441845070
87460,563,5010,3,1441846114
87461,563,931,3,1441845635
87462,563,7819,3,1446841054
87463,563,933,3,1441846170
87464,563,8569,3,1441845209
87465,563,8820,3,1441845757
87466,563,3477,3,1446856666
87467,563,1933,4,1450727682
87468,563,934,2,1446589999
87469,563,935,4,1439932436
87470,563,8821,3,1441844890
87471,563,939,2,1446856627
87472,563,6064,3,1441845115
87473,563,3629,3,1441845233
87474,563,940,3,1441845041
87475,563,3485,4,1446841046
87476,563,2132,4,1439933384
87477,563,942,3,1439933450
87478,563,1940,3,1446590016
87479,563,3855,3,1448253813
87480,563,943,4,1439932597
87481,563,7838,3,1441846310
87482,563,8822,3,1441845106
87483,563,944,1,1441845654
87484,563,1068,3,1447185628
87485,563,5818,2,1446856793
87486,563,945,3,1439932328
87487,563,8823,4,1441844896
87488,563,8824,3,1448253611
87489,563,5819,4,1447291859
87490,563,1336,4,1446841063
87491,563,2412,4,1439933255
87492,563,8825,3,1441845567
87493,563,2532,3,1439933370
87494,563,954,1,1441845651
87495,563,8826,4,1441845760
87496,563,3528,3,1441846144
87497,563,3103,3,1446856197
87498,563,7900,4,1441845128
87499,563,1970,4,1448076923
87500,563,2736,3,1439932623
87501,563,1354,3,1441845102
87502,563,1976,3,1440793732
87503,563,961,4,1441846405
87504,563,1980,3,1441844916
87505,563,3530,3,1441845717
87506,563,6531,2,1448253809
87507,563,4571,3,1446856661
87508,563,1988,3,1440786189
87509,563,1989,3,1441845972
87510,563,2536,3,1441846410
87511,563,255,4,1448077006
87512,563,3533,3,1447185509
87513,563,7933,3,1448568155
87514,563,3109,3,1446856280
87515,563,3496,3,1446856637
87516,563,8827,3,1448058565
87517,563,1364,3,1446856259
87518,563,2001,3,1439932810
87519,563,1365,3,1448076517
87520,563,7952,4,1440800320
87521,563,967,4,1446840998
87522,563,2010,3,1441844933
87523,563,8828,3,1448253520
87524,563,3935,3,1448058689
87525,563,2134,3,1448058604
87526,563,2014,4,1446840975
87527,563,2015,4,1446840989
87528,563,1086,4,1439932791
87529,563,2019,3,1439932776
87530,563,8829,3,1448243169
87531,564,463,3,1478453734
87532,564,519,3,1478452443
87533,564,233,3,1478451708
87534,564,21,3,1478453684
87535,564,28,4,1478453510
87536,564,322,3,1478453926
87537,564,85,5,1478454060
87538,564,86,4,1478453735
87539,564,866,5,1478453666
87540,564,729,1,1481817399
87541,564,379,4,1478452430
87542,564,382,4,1478453742
87543,564,836,4,1478453896
87544,564,120,4,1478454533
87545,564,146,3,1478453618
87546,564,1001,3,1478453983
87547,564,732,3,1478453675
87548,564,1179,4,1478452404
87549,564,221,4,1478452366
87550,564,1797,4,1478453930
87551,564,447,3,1481817623
87552,564,2699,3,1478453640
87553,564,1842,3,1478453697
87554,564,870,4,1481817601
87555,564,874,3,1478451840
87556,564,3189,4,1478451457
87557,564,772,3,1478454818
87558,564,3195,3,1478451488
87559,564,878,4,1478453639
87560,564,2516,3,1478454410
87561,564,1219,4,1478452268
87562,564,3344,3,1478452420
87563,564,885,5,1481817677
87564,564,782,4,1481817566
87565,564,1227,4,1478451503
87566,564,3351,4,1478453692
87567,564,799,3,1478454152
87568,564,893,3,1478453642
87569,564,1892,4,1478451497
87570,564,2127,3,1478451790
87571,564,3780,4,1478452419
87572,564,4513,4,1478453959
87573,564,3509,3,1478454544
87574,564,3385,3,1478454535
87575,564,237,4,1478451527
87576,564,2055,2,1478451493
87577,564,3512,4,1478453898
87578,564,2316,3,1478451804
87579,564,826,3,1478451970
87580,564,8830,3,1478451577
87581,564,1903,3,1478454035
87582,564,1905,3,1478451784
87583,564,1269,2,1478454154
87584,564,2058,4,1478451778
87585,564,4521,3,1478454040
87586,564,1279,3,1478454272
87587,564,906,3,1478452272
87588,564,6515,5,1481817767
87589,564,2351,3,1481817469
87590,564,1911,4,1478451779
87591,564,4189,3,1478454845
87592,564,240,5,1478451501
87593,564,2130,3,1478451779
87594,564,2131,1,1478451781
87595,564,1288,3,1478451787
87596,564,4529,4,1478453985
87597,564,1290,1,1478454274
87598,564,914,3,1478451786
87599,564,2524,4,1481817439
87600,564,3450,3,1478451796
87601,564,3084,5,1481817716
87602,564,3517,4,1478452259
87603,564,1297,3,1478451778
87604,564,3518,4,1481817625
87605,564,917,5,1478451902
87606,564,1060,4,1478452323
87607,564,919,4,1478454859
87608,564,4533,4,1481817648
87609,564,242,3,1478453967
87610,564,6358,4,1481817666
87611,564,1924,3,1478454010
87612,564,3472,4,1478451898
87613,564,3523,3,1478453894
87614,564,2814,2,1481817422
87615,564,4542,3,1481817711
87616,564,1316,4,1478453901
87617,564,933,4,1478451933
87618,564,3090,3,1478452256
87619,564,3477,3,1481817613
87620,564,3841,4,1478454008
87621,564,934,3,1478453924
87622,564,937,3,1478452271
87623,564,939,3,1478451897
87624,564,4546,4,1478454021
87625,564,1066,3,1478454273
87626,564,3485,2,1478453623
87627,564,2528,3,1478451800
87628,564,942,5,1478451935
87629,564,1940,5,1478451675
87630,564,7833,3,1478454024
87631,564,3855,4,1481817713
87632,564,3856,3,1481817663
87633,564,3096,3,1478452264
87634,564,3630,2,1478451897
87635,564,2820,4,1478454018
87636,564,4552,3,1478453978
87637,564,2827,2,1478451905
87638,564,1945,4,1478451779
87639,564,7851,3,1478454425
87640,564,1947,5,1478454841
87641,564,1336,3,1478451803
87642,564,951,3,1478451939
87643,564,3495,4,1481817831
87644,564,2532,3,1478452252
87645,564,3100,2,1478453893
87646,564,1956,4,1478451528
87647,564,1348,4,1478451778
87648,564,1958,3,1478453944
87649,564,1966,4,1481817687
87650,564,1967,5,1478451808
87651,564,957,4,1478452231
87652,564,7903,2,1478452434
87653,564,253,3,1478453646
87654,564,1975,3,1478453956
87655,564,3105,3,1478451527
87656,564,1979,4,1478454407
87657,564,7917,3,1478454422
87658,564,4571,2,1478451907
87659,564,1988,4,1478453899
87660,564,1989,4,1478454858
87661,564,2536,1,1481817397
87662,564,1993,4,1478452257
87663,564,3897,3,1478453971
87664,564,1998,1,1481817394
87665,564,2003,5,1481817706
87666,564,7951,3,1478454426
87667,564,2006,4,1481817709
87668,564,967,4,1478451929
87669,564,3538,5,1481817955
87670,564,3935,3,1478454813
87671,564,3539,4,1481817852
87672,564,2014,3,1478452356
87673,564,2018,3,1478453981
87674,564,4597,4,1478452276
87675,564,2021,3,1478452262
87676,564,971,3,1481817415
87677,564,3971,4,1481817674
87678,564,8006,3,1478454848
87679,564,1379,3,1478454171
87680,564,3993,4,1478451528
87681,564,1380,3,1478454172
87682,564,8023,4,1478454407
87683,564,4817,3,1478452425
87684,564,4602,2,1478453940
87685,564,1384,3,1481817691
87686,564,1386,4,1478452345
87687,564,4612,3,1478454414
87688,565,493,3,846533399
87689,565,292,3,846533399
87690,565,293,5,846533428
87691,565,461,4,846533367
87692,565,4,4,846533338
87693,565,5,5,846533399
87694,565,464,3,846533209
87695,565,465,2,846533245
87696,565,532,3,846533245
87697,565,14,3,846533273
87698,565,17,5,846533209
87699,565,470,4,846533367
87700,565,233,4,846533292
87701,565,471,3,846533245
87702,565,21,4,846533292
87703,565,314,4,846533428
87704,565,23,3,846533338
87705,565,622,4,846533338
87706,565,473,4,846533209
87707,565,1414,3,846533428
87708,565,26,4,846533273
87709,565,475,4,846533485
87710,565,320,4,846533485
87711,565,29,5,846533428
87712,565,322,3,846533399
87713,565,323,3,846533245
87714,565,33,5,846533209
87715,565,34,2,846533209
87716,565,481,3,846533367
87717,566,482,4,849005893
87718,566,485,4,849006845
87719,566,487,3,849005345
87720,566,488,5,849005826
87721,566,492,5,849006000
87722,566,292,4,849005643
87723,566,496,2,849006116
87724,566,293,4,849005720
87725,566,463,4,849005720
87726,566,5,5,849005642
87727,566,2652,3,849006827
87728,566,8,5,849005345
87729,566,525,5,849006000
87730,566,2545,3,849006827
87731,566,464,3,849005096
87732,566,9,4,849006044
87733,566,531,4,849005345
87734,566,532,3,849005206
87735,566,2424,4,849006776
87736,566,550,1,849005345
87737,566,557,4,849006887
87738,566,14,2,849005257
87739,566,15,2,849006071
87740,566,561,4,849005968
87741,566,569,4,849006044
87742,566,466,5,849005495
87743,566,571,3,849006157
87744,566,467,5,849006113
87745,566,308,5,849006157
87746,566,468,4,849005793
87747,566,588,3,849005292
87748,566,17,4,849005100
87749,566,470,3,849005614
87750,566,18,4,849005257
87751,566,233,5,849005292
87752,566,600,3,849005292
87753,566,604,3,849006000
87754,566,310,3,849006827
87755,566,311,4,849006808
87756,566,20,3,849005257
87757,566,611,2,849006113
87758,566,21,5,849005256
87759,566,314,3,849005720
87760,566,472,2,849005578
87761,566,23,4,849005578
87762,566,315,4,849006071
87763,566,622,4,849005495
87764,566,473,3,849005103
87765,566,633,2,849005826
87766,566,634,2,849005292
87767,566,1157,4,849005893
87768,566,639,5,849005494
87769,566,26,4,849005206
87770,566,644,3,849006808
87771,566,27,4,849005292
87772,566,654,4,849006808
87773,566,28,4,849005578
87774,566,320,4,849005893
87775,566,29,5,849005642
87776,566,322,4,849005642
87777,566,1095,4,849008838
87778,566,1420,1,849006071
87779,566,31,4,849006845
87780,566,32,1,849005968
87781,566,671,3,849005614
87782,566,323,3,849005206
87783,566,33,4,849005088
87784,566,34,3,849005083
87785,566,481,3,849005614
87786,566,38,4,849006157
87787,566,326,3,849006776
87788,566,42,4,849006000
87789,566,43,3,849006044
87790,566,2446,2,849008838
87791,567,1,3,1525286001
87792,567,461,2,1525288053
87793,567,5,1,1525282012
87794,567,7,3,1525287210
87795,567,16,2,1525288368
87796,567,2435,2,1525287779
87797,567,21,3,1525287534
87798,567,472,2,1525288073
87799,567,27,2,1525288258
87800,567,1095,3,1525286579
87801,567,38,2,1525287900
87802,567,40,2,1525288534
87803,567,723,3,1525287719
87804,567,1438,0,1525289892
87805,567,724,1,1525289415
87806,567,49,2,1525288267
87807,567,69,2,1525288379
87808,567,70,2,1525287953
87809,567,71,2,1525287993
87810,567,352,4,1525283592
87811,567,74,1,1525288690
87812,567,77,2,1525287875
87813,567,2080,3,1525286520
87814,567,1108,4,1525285646
87815,567,2084,0,1525289645
87816,567,1032,3,1525287107
87817,567,234,3,1525287317
87818,567,376,1,1525288648
87819,567,378,5,1525282174
87820,567,1536,3,1525287268
87821,567,1035,1,1525289117
87822,567,4066,4,1525283741
87823,567,1580,1,1525289082
87824,567,392,3,1525285783
87825,567,1601,2,1525288091
87826,567,3642,2,1525288389
87827,567,172,0,1525289756
87828,567,2685,3,1525284802
87829,567,3606,2,1525288148
87830,567,1181,1,1525289031
87831,567,1118,1,1525289351
87832,567,736,3,1525286028
87833,567,5073,3,1525287625
87834,567,1786,2,1525288528
87835,567,3612,5,1525282236
87836,567,1719,4,1525284084
87837,567,223,4,1525283186
87838,567,6200,5,1525282299
87839,567,4273,0,1525289964
87840,567,229,2,1525288011
87841,567,742,4,1525285491
87842,567,443,4,1525283516
87843,567,445,3,1525282023
87844,567,2944,1,1525289098
87845,567,7284,3,1525285862
87846,567,1125,3,1525282268
87847,567,754,3,1525287066
87848,567,8831,2,1525288406
87849,567,757,2,1525285039
87850,567,758,0,1525289764
87851,567,762,2,1525288592
87852,567,763,2,1525288428
87853,567,2046,3,1525282187
87854,567,3186,4,1525283784
87855,567,765,3,1525287070
87856,567,1045,2,1525288422
87857,567,1854,0,1525289867
87858,567,3190,3,1525283375
87859,567,4853,3,1525287035
87860,567,768,2,1525288012
87861,567,876,3,1525285046
87862,567,770,0,1525289936
87863,567,4979,3,1525286207
87864,567,6543,5,1525282316
87865,567,6233,4,1525283971
87866,567,775,3,1525287071
87867,567,7319,3,1525285847
87868,567,1220,2,1525288106
87869,567,1130,5,1525282255
87870,567,8832,3,1525286677
87871,567,8833,3,1525285729
87872,567,8834,5,1525282230
87873,567,783,3,1525286408
87874,567,2266,2,1525288164
87875,567,795,3,1525286051
87876,567,5237,5,1525282215
87877,567,8835,0,1525290050
87878,567,7349,1,1525289038
87879,567,4489,0,1525289879
87880,567,8836,0,1525285883
87881,567,8837,2,1525286951
87882,567,1132,4,1525283295
87883,567,3150,4,1525284026
87884,567,805,2,1525290760
87885,567,4310,0,1525289661
87886,567,2801,3,1525286393
87887,567,809,1,1525289052
87888,567,810,2,1525285041
87889,567,812,1,1525289571
87890,567,1241,1,1525289430
87891,567,8838,5,1525282197
87892,567,3383,2,1525290720
87893,567,817,2,1525288510
87894,567,2805,3,1525287340
87895,567,1133,3,1525286819
87896,567,1052,3,1525286462
87897,567,3796,2,1525364715
87898,567,3395,2,1525288037
87899,567,5257,1,1525289600
87900,567,7219,2,1525288047
87901,567,1053,4,1525283874
87902,567,2985,1,1525289538
87903,567,2326,3,1525287228
87904,567,8839,3,1525286804
87905,567,2979,2,1525286418
87906,567,1269,2,1525288487
87907,567,2061,5,1525282041
87908,567,8840,4,1525285549
87909,567,4319,3,1525287742
87910,567,4763,4,1525283351
87911,567,239,4,1525285588
87912,567,1055,3,1525287103
87913,567,1282,1,1525289467
87914,567,1283,2,1525287840
87915,567,1284,1,1525288699
87916,567,1056,3,1525374553
87917,567,3441,0,1525289795
87918,567,2379,3,1525286181
87919,567,1057,2,1525287943
87920,567,4324,2,1525288207
87921,567,3447,2,1525288232
87922,567,5265,2,1525288358
87923,567,4194,0,1525290703
87924,567,1296,1,1525289195
87925,567,1152,1,1525289368
87926,567,916,3,1525286751
87927,567,1920,1,1525289502
87928,567,8841,1,1525288641
87929,567,1061,3,1525287517
87930,567,8842,1,1525289512
87931,567,4730,0,1525289748
87932,567,4173,3,1525287082
87933,567,1302,5,1525282287
87934,567,6549,2,1525287973
87935,567,3824,1,1525288974
87936,567,927,1,1525289335
87937,567,8142,0,1525289812
87938,567,6809,3,1525286106
87939,567,1926,2,1525287804
87940,567,1311,0,1525289854
87941,567,1313,2,1525288518
87942,567,1134,2,1525288289
87943,567,5984,1,1525289458
87944,567,932,0,1525289639
87945,567,245,3,1525287376
87946,567,1153,3,1525286310
87947,567,8843,2,1525290415
87948,567,936,2,1525288296
87949,567,3091,2,1525288000
87950,567,8844,0,1525289916
87951,567,3842,0,1525290084
87952,567,1321,1,1525289554
87953,567,3850,1,1525288990
87954,567,1325,1,1525289201
87955,567,2132,1,1525289297
87956,567,941,2,1525287842
87957,567,1328,2,1525288008
87958,567,2410,1,1525288914
87959,567,3094,1,1525289545
87960,567,1938,1,1525289160
87961,567,4549,0,1525290105
87962,567,1331,1,1525289212
87963,567,7224,0,1525289699
87964,567,1941,1,1525289245
87965,567,1067,4,1525285523
87966,567,249,2,1525288125
87967,567,5279,1,1525290790
87968,567,3097,2,1525287938
87969,567,4208,0,1525289931
87970,567,6360,1,1525289442
87971,567,2822,1,1525290149
87972,567,4209,1,1525288906
87973,567,1068,1,1525289376
87974,567,1943,2,1525288114
87975,567,1944,2,1525287911
87976,567,8845,1,1525289218
87977,567,8846,0,1525289793
87978,567,6949,1,1525289189
87979,567,3526,1,1525289067
87980,567,6083,1,1525289475
87981,567,3491,3,1525284813
87982,567,4704,2,1525287854
87983,567,947,2,1525288540
87984,567,949,2,1525288566
87985,567,5281,3,1525287496
87986,567,951,3,1525287359
87987,567,3870,1,1525289179
87988,567,1954,2,1525288182
87989,567,953,2,1525288214
87990,567,3099,2,1525287767
87991,567,4214,5,1525282224
87992,567,8847,3,1525286640
87993,567,6099,1,1525289486
87994,567,8848,2,1525287867
87995,567,4564,2,1525290802
87996,567,6101,1,1525288898
87997,567,1071,1,1525289257
87998,567,8849,2,1525288435
87999,567,1346,3,1525287139
88000,567,1347,2,1525288448
88001,567,8850,2,1525288131
88002,567,7891,0,1525289735
88003,567,1348,2,1525288273
88004,567,3101,2,1525288223
88005,567,1959,2,1525287824
88006,567,1072,1,1525289250
88007,567,955,0,1525290033
88008,567,1962,1,1525288670
88009,567,7409,0,1525289777
88010,567,1350,2,1525288499
88011,567,7229,0,1525289820
88012,567,7230,0,1525289697
88013,567,8851,1,1525289023
88014,567,1073,1,1525289264
88015,567,3885,3,1525285909
88016,567,8852,3,1525285966
88017,567,8801,2,1525288306
88018,567,1074,3,1525286920
88019,567,3104,2,1525288477
88020,567,1353,1,1525289144
88021,567,1354,2,1525287756
88022,567,1972,0,1525289887
88023,567,960,0,1525289874
88024,567,4215,4,1525283911
88025,567,3106,3,1525286772
88026,567,7910,1,1525288999
88027,567,1980,0,1525289973
88028,567,4707,0,1525289685
88029,567,6110,0,1525289675
88030,567,1981,4,1525283667
88031,567,1982,1,1525288941
88032,567,962,5,1525282277
88033,567,254,3,1525287553
88034,567,7062,0,1525289716
88035,567,5447,2,1525288314
88036,567,8853,0,1525289901
88037,567,1075,3,1525286435
88038,567,6910,0,1525290015
88039,567,1987,1,1525289562
88040,567,8854,0,1525290024
88041,567,7920,1,1525288965
88042,567,4710,0,1525289743
88043,567,3107,1,1525289328
88044,567,1357,3,1525287093
88045,567,6115,1,1525289167
88046,567,1076,2,1525287963
88047,567,1991,2,1525287910
88048,567,1994,2,1525287832
88049,567,2538,0,1525289860
88050,567,6532,1,1525289127
88051,567,1360,4,1525283411
88052,567,255,3,1525286265
88053,567,4795,2,1525288584
88054,567,1078,3,1525285306
88055,567,6533,1,1525288949
88056,567,3534,1,1525289382
88057,567,8855,3,1525286082
88058,567,1995,1,1525289609
88059,567,8856,1,1525288715
88060,567,8857,1,1525314283
88061,567,8858,3,1525286614
88062,567,1998,2,1525288606
88063,567,1362,3,1525286857
88064,567,2001,2,1525288550
88065,567,8859,3,1525287604
88066,567,4715,3,1525285929
88067,567,5449,0,1525289976
88068,567,6015,2,1525288557
88069,567,7949,2,1525288328
88070,567,7952,1,1525289397
88071,567,967,3,1525286707
88072,567,6034,1,1525288931
88073,567,8860,0,1525289785
88074,567,258,4,1525283831
88075,567,8861,0,1525289924
88076,567,1366,2,1525288574
88077,567,2843,2,1525288625
88078,567,1367,3,1525287128
88079,567,5450,1,1525285295
88080,567,2135,3,1525282047
88081,567,2136,3,1525285052
88082,567,1368,3,1525286124
88083,567,1369,2,1525287982
88084,567,1083,3,1525287154
88085,567,1084,1,1525289135
88086,567,1370,4,1525284111
88087,567,6873,3,1525286237
88088,567,4799,0,1525289970
88089,567,6481,2,1525288139
88090,567,8862,1,1525289520
88091,567,1085,3,1525287673
88092,567,2846,4,1525283474
88093,567,8863,0,1525289725
88094,567,1086,2,1525284843
88095,567,2016,1,1525289234
88096,567,4592,1,1525289436
88097,567,8864,3,1525287014
88098,567,4593,1,1525288957
88099,567,2017,0,1525289276
88100,567,1372,2,1525287932
88101,567,2019,0,1525290039
88102,567,2020,1,1525289494
88103,567,969,1,1525289344
88104,567,8865,2,1525288459
88105,567,2543,1,1525289271
88106,567,2021,3,1525287186
88107,567,1373,3,1525287401
88108,567,2855,3,1525286553
88109,567,2742,3,1525287476
88110,567,8866,0,1525290011
88111,567,8795,3,1525286842
88112,567,6975,3,1525286967
88113,567,2858,2,1525287922
88114,567,1376,2,1525288188
88115,567,8867,2,1525287886
88116,567,3118,1,1525289285
88117,567,6118,4,1525283150
88118,567,1087,1,1525289405
88119,567,8010,1,1525289058
88120,567,2745,1,1525288886
88121,567,2746,3,1525286374
88122,567,1379,3,1525287694
88123,567,8798,5,1525282206
88124,567,2864,2,1525287844
88125,567,8868,2,1525288247
88126,567,8023,0,1525289652
88127,567,4815,2,1525288343
88128,567,8869,0,1525289907
88129,567,8870,0,1525290000
88130,567,8871,1,1525289151
88131,567,1088,3,1525287438
88132,567,7239,0,1525289708
88133,567,1089,2,1525288098
88134,567,8872,3,1525282879
88135,567,7068,3,1525286154
88136,567,8873,4,1525283448
88137,567,2866,0,1525289987
88138,567,6584,0,1525289771
88139,567,8043,2,1525288352
88140,567,4002,1,1525289076
88141,567,1386,1,1525289321
88142,567,1387,1,1525288657
88143,567,1091,2,1525288321
88144,567,1388,0,1525289956
88145,567,4828,3,1525287236
88146,567,1390,1,1525289360
88147,567,2748,3,1525286890
88148,567,1391,4,1525284805
88149,567,2033,3,1525287647
88150,567,5461,3,1525286994
88151,567,4625,0,1525288081
88152,567,8874,1,1525289450
88153,567,1092,1,1525289624
88154,567,3121,2,1525287859
88155,567,2749,2,1525288399
88156,567,8875,3,1525286691
88157,567,4627,3,1525285822
88158,567,3122,2,1525288599
88159,567,1393,4,1525283936
88160,567,4630,2,1525288615
88161,567,8876,3,1525286512
88162,567,2879,3,1525285048
88163,567,2137,5,1525282063
88164,567,8877,3,1525287581
88165,567,4027,1,1525282058
88166,567,5473,3,1525285951
88167,567,8878,1,1525290389
88168,567,8879,1,1525288705
88169,567,8880,1,1525289006
88170,567,3131,2,1525285301
88171,567,5667,4,1525284143
88172,567,5476,1,1525285297
88173,567,5681,1,1525289422
88174,567,5682,3,1525282061
88175,567,6125,0,1525289944
88176,568,5,5,1243576177
88177,568,2165,3,1243575917
88178,568,17,4,1253767257
88179,568,21,5,1253767272
88180,568,27,3,1253767289
88181,568,35,5,1253767280
88182,568,691,3,1243575872
88183,568,347,5,1243575835
88184,568,2428,5,1243575815
88185,568,1454,4,1243575853
88186,568,91,5,1243575828
88187,568,375,4,1243575954
88188,568,3173,5,1243575821
88189,568,395,4,1243575794
88190,568,5066,5,1243575892
88191,568,202,4,1243575993
88192,568,2929,4,1243575805
88193,568,2602,3,1243575983
88194,568,2403,4,1243575788
88195,568,6656,3,1243576121
88196,568,2311,4,1243575999
88197,568,5264,4,1243576098
88198,568,4192,2,1243576105
88199,569,487,4,849190709
88200,569,5,3,849190709
88201,569,465,5,849190609
88202,569,532,5,849190610
88203,569,540,4,849190739
88204,569,14,3,849190632
88205,569,17,5,849190587
88206,569,18,4,849190633
88207,569,600,5,849190653
88208,569,471,4,849190609
88209,569,20,4,849190632
88210,569,21,3,849190633
88211,569,622,5,849190709
88212,569,473,3,849190587
88213,569,634,4,849190654
88214,569,27,4,849190653
88215,569,323,4,849190610
88216,569,33,4,849190587
88217,569,34,3,849190587
88218,569,324,4,849190632
88219,570,1,4,1181476989
88220,570,482,3,1181477805
88221,570,487,3,1181477300
88222,570,488,3,1181477768
88223,570,496,4,1181477537
88224,570,293,4,1181477032
88225,570,461,3,1181477210
88226,570,463,3,1181477492
88227,570,4,3,1181477162
88228,570,516,2,1181477499
88229,570,8,3,1181476971
88230,570,1094,3,1181477646
88231,570,525,2,1181477496
88232,570,464,4,1181476644
88233,570,465,2,1181477153
88234,570,530,2,1181478331
88235,570,531,3,1181477445
88236,570,532,4,1181477140
88237,570,540,2,1181477457
88238,570,541,0,1181476009
88239,570,550,2,1181477417
88240,570,14,2,1181477261
88241,570,466,3,1181477393
88242,570,16,3,1181476632
88243,570,584,3,1181476033
88244,570,588,3,1181477327
88245,570,589,3,1181477740
88246,570,18,3,1181477202
88247,570,233,4,1181476497
88248,570,600,3,1181477294
88249,570,604,3,1181478074
88250,570,310,2,1181476376
88251,570,311,1,1181476070
88252,570,20,4,1181477180
88253,570,611,3,1181478188
88254,570,21,4,1181478668
88255,570,314,4,1181477356
88256,570,472,3,1181477198
88257,570,23,1,1181477275
88258,570,622,3,1181477087
88259,570,473,3,1181476996
88260,570,474,2,1181477824
88261,570,634,2,1181477380
88262,570,1157,2,1181477934
88263,570,639,3,1181477413
88264,570,26,4,1181476678
88265,570,657,3,1181477862
88266,570,320,3,1181477969
88267,570,660,1,1181475874
88268,570,29,4,1181477018
88269,570,828,2,1181477545
88270,570,671,3,1181477306
88271,570,479,4,1181476984
88272,570,481,4,1181477238
88273,570,37,4,1181477061
88274,570,38,3,1181477128
88275,570,1159,3,1181478315
88276,570,326,3,1181478055
88277,570,41,3,1181477232
88278,570,42,4,1181477192
88279,570,1160,4,1181477946
88280,570,43,3,1181477002
88281,570,1431,2,1181477844
88282,570,2444,3,1181476053
88283,570,1028,3,1181477206
88284,570,1438,2,1181476059
88285,570,337,2,1181478283
88286,570,46,2,1181478196
88287,570,1135,4,1181554299
88288,570,343,4,1181477899
88289,570,62,3,1181478028
88290,570,66,4,1181477282
88291,570,725,3,1181477909
88292,570,67,4,1181478234
88293,570,1102,3,1181477509
88294,570,69,4,1181555518
88295,570,70,4,1181477363
88296,570,71,4,1181476551
88297,570,351,3,1181555828
88298,570,1029,4,1181555711
88299,570,72,3,1181477917
88300,570,74,4,1181478655
88301,570,76,3,1181477531
88302,570,3221,3,1181554558
88303,570,77,3,1181478116
88304,570,354,3,1181477974
88305,570,2079,3,1181476002
88306,570,1139,2,1181475984
88307,570,82,3,1181477372
88308,570,726,3,1181478093
88309,570,84,3,1181478000
88310,570,2145,3,1181476623
88311,570,85,4,1181477469
88312,570,86,4,1181477168
88313,570,89,3,1181476081
88314,570,90,4,1181478635
88315,570,866,3,1181477719
88316,570,977,3,1181475957
88317,570,1469,3,1181476107
88318,570,1167,3,1181478220
88319,570,1471,3,1181476048
88320,570,2147,3,1181477831
88321,570,362,2,1181478294
88322,570,2420,3,1181477711
88323,570,94,4,1181554605
88324,570,1476,2,1181478176
88325,570,1485,3,1181478252
88326,570,1031,4,1181478981
88327,570,101,2,1181478144
88328,570,102,4,1181477315
88329,570,727,4,1181477850
88330,570,728,3,1181477814
88331,570,106,4,1181478692
88332,570,1032,4,1181478355
88333,570,834,3,1181476125
88334,570,729,3,1181478046
88335,570,234,3,1181477652
88336,570,988,3,1181477324
88337,570,730,4,1181477774
88338,570,731,3,1181477881
88339,570,379,3,1181477657
88340,570,1171,3,1181477628
88341,570,382,4,1181477873
88342,570,118,3,1181478351
88343,570,836,3,1181478154
88344,570,120,3,1181478042
88345,570,122,4,1181477215
88346,570,126,2,1181478297
88347,570,135,4,1181478097
88348,570,138,3,1181554524
88349,570,150,3,1181475838
88350,570,167,4,1181477188
88351,570,2187,3,1181554465
88352,570,172,3,1181477428
88353,570,173,3,1181478347
88354,570,400,2,1181477690
88355,570,1179,3,1181477870
88356,570,1643,2,1181478013
88357,570,181,3,1181477555
88358,570,402,4,1181477285
88359,570,403,3,1181556000
88360,570,405,3,1181478165
88361,570,183,3,1181478023
88362,570,2188,4,1181555992
88363,570,185,4,1181477172
88364,570,2593,3,1181476130
88365,570,188,3,1181477985
88366,570,193,4,1181477595
88367,570,195,3,1181477783
88368,570,198,3,1181477633
88369,570,411,2,1181478965
88370,570,201,3,1181475833
88371,570,736,3,1181477835
88372,570,204,4,1181554309
88373,570,423,3,1181475862
88374,570,220,4,1181478670
88375,570,229,4,1181477729
88376,570,429,3,1181478229
88377,570,742,3,1181554638
88378,570,435,3,1181556014
88379,570,1043,4,1181554622
88380,570,445,4,1181478033
88381,570,745,4,1181477611
88382,570,1125,4,1181555671
88383,570,752,3,1181478215
88384,570,754,4,1181554077
88385,570,757,4,1181478738
88386,570,759,4,1181478127
88387,570,856,4,1181555767
88388,570,766,3,1181476668
88389,570,2958,4,1181554615
88390,570,768,4,1181478682
88391,570,771,3,1181479344
88392,570,878,4,1181555808
88393,570,2244,4,1181555781
88394,570,775,3,1181478106
88395,570,1047,4,1181554585
88396,570,1130,4,1181555666
88397,570,783,3,1181478721
88398,570,810,3,1181476562
88399,570,1255,4,1181479329
88400,570,899,4,1181478710
88401,570,238,3,1181476479
88402,570,2317,3,1181476483
88403,570,1051,4,1181555686
88404,570,1052,3,1181476515
88405,570,824,4,1181476664
88406,570,2320,3,1181476472
88407,570,2331,3,1181555656
88408,570,3153,3,1181555723
88409,570,1264,3,1181479289
88410,571,1400,1,966901337
88411,571,6,2,966900368
88412,571,7126,2,966900418
88413,571,466,5,966900555
88414,571,1408,2,966900228
88415,571,618,2,966900601
88416,571,632,3,966900601
88417,571,1422,4,966900555
88418,571,1426,3,966900460
88419,571,3169,5,966900461
88420,571,6367,2,966900512
88421,571,69,3,966900054
88422,571,76,2,966900180
88423,571,77,4,966900180
88424,571,84,5,966900368
88425,571,1455,3,966900003
88426,571,86,4,966900003
88427,571,88,4,966900180
88428,571,1458,2,966901472
88429,571,6590,2,966901381
88430,571,1459,1,966901423
88431,571,6591,2,966901472
88432,571,3222,2,966901253
88433,571,6186,5,966900601
88434,571,6592,1,966901472
88435,571,7252,2,966901061
88436,571,8881,2,966900418
88437,571,1461,4,966900228
88438,571,5015,2,966900512
88439,571,1462,4,966900555
88440,571,4059,3,966900275
88441,571,8078,3,966900723
88442,571,1464,4,966900315
88443,571,92,3,966900180
88444,571,2903,5,966900275
88445,571,1466,1,966900054
88446,571,2147,5,966900228
88447,571,3015,2,966901166
88448,571,1476,5,966900418
88449,571,8882,2,966901166
88450,571,107,3,966900860
88451,571,1512,3,966900650
88452,571,1170,5,966901105
88453,571,5112,3,966900650
88454,571,1539,2,966901010
88455,571,1540,3,966900772
88456,571,1541,2,966900368
88457,571,2569,3,966901209
88458,571,7255,3,966901061
88459,571,8624,3,966901337
88460,571,5113,3,966901337
88461,571,8883,2,966901288
88462,571,4063,3,966901381
88463,571,835,3,966900940
88464,571,1542,4,966900512
88465,571,6189,2,966901337
88466,571,6190,2,966901288
88467,571,1543,3,966900368
88468,571,6372,1,966900972
88469,571,6003,1,966901472
88470,571,2906,1,966900688
88471,571,7435,1,966901423
88472,571,6378,2,966900650
88473,571,4065,3,966901105
88474,571,1573,2,966900772
88475,571,6488,1,966901381
88476,571,2040,4,966900180
88477,571,6379,1,966900418
88478,571,143,3,966900054
88479,571,1591,2,966900860
88480,571,273,2,966900228
88481,571,5830,2,966901061
88482,571,151,3,966900275
88483,571,5121,3,966900772
88484,571,2916,2,966900512
88485,571,4069,4,966901010
88486,571,1621,2,966901381
88487,571,1625,5,966900688
88488,571,6194,3,966900601
88489,571,1628,2,966901288
88490,571,2759,2,966900315
88491,571,1634,1,966901209
88492,571,175,4,966900228
88493,571,177,3,966900275
88494,571,8884,2,966901253
88495,571,181,3,966900228
88496,571,8885,1,966901166
88497,571,1648,3,966900512
88498,571,6601,3,966900772
88499,571,5126,3,966900650
88500,571,4075,1,966901253
88501,571,1651,2,966900860
88502,571,1661,5,966900180
88503,571,4077,1,966901167
88504,571,8625,2,966901253
88505,571,840,2,966900555
88506,571,6390,2,966900940
88507,571,8886,2,966901472
88508,571,1672,2,966900601
88509,571,4080,1,966900368
88510,571,8887,2,966901209
88511,571,276,1,966900860
88512,571,1683,5,966900054
88513,571,1699,1,966900418
88514,571,1039,4,966900228
88515,571,1736,2,966900512
88516,571,8771,1,966900894
88517,571,6201,2,966900650
88518,571,1752,1,966900003
88519,571,1753,2,966900772
88520,571,6708,1,966900811
88521,571,4088,1,966901209
88522,572,1,4,945892484
88523,572,492,5,945888053
88524,572,292,5,945890765
88525,572,505,4,945890338
88526,572,1094,4,945889997
88527,572,464,4,945889951
88528,572,531,3,946482678
88529,572,16,5,945888912
88530,572,470,4,945890267
88531,572,233,5,945889361
88532,572,605,3,945888400
88533,572,310,2,945888197
88534,572,21,4,946482678
88535,572,314,4,945888155
88536,572,26,5,945893822
88537,572,27,4,945888702
88538,572,29,5,945889382
88539,572,322,5,945893475
88540,572,33,5,945888641
88541,572,35,4,945886790
88542,572,37,4,945889414
88543,572,38,2,945888747
88544,572,42,2,945888467
88545,572,723,5,946482912
88546,572,697,3,945888431
88547,572,702,4,945890853
88548,572,706,3,945886771
88549,572,1028,5,945889215
88550,572,332,4,945886771
88551,572,333,5,946482960
88552,572,334,5,945889414
88553,572,336,5,945889250
88554,572,724,5,945889997
88555,572,1444,5,945893455
88556,572,2395,5,945889698
88557,572,2143,5,945888912
88558,572,2447,2,979923751
88559,572,720,5,945890338
88560,572,342,5,945892394
88561,572,343,5,945892394
88562,572,345,5,946485273
88563,572,267,4,945891017
88564,572,1451,1,945889017
88565,572,68,4,979923820
88566,572,1006,1,946486723
88567,572,348,1,979923721
88568,572,349,5,945890139
88569,572,1102,5,945889361
88570,572,69,5,945888912
88571,572,71,4,945888912
88572,572,2396,5,945888912
88573,572,73,5,945889382
88574,572,74,5,945888944
88575,572,76,4,979922376
88576,572,78,2,979923391
88577,572,1137,5,945889273
88578,572,354,5,945889414
88579,572,1138,4,979923914
88580,572,1106,5,945892234
88581,572,2079,5,946482626
88582,572,1139,5,945892338
88583,572,2900,5,945892463
88584,572,865,5,945890036
88585,572,355,5,945889361
88586,572,1107,5,946482912
88587,572,356,4,945888944
88588,572,2145,5,945888944
88589,572,85,1,979923721
88590,572,1110,5,946483073
88591,572,269,5,945889951
88592,572,1111,5,945892272
88593,572,2146,5,945888944
88594,572,360,5,945890284
88595,572,90,4,945888944
88596,572,3283,5,945892234
88597,572,3000,4,945889722
88598,572,1113,4,945889441
88599,572,361,5,945892272
88600,572,866,5,945892426
88601,572,1166,4,945888747
88602,572,1167,4,945888975
88603,572,2147,5,946483138
88604,572,2420,4,945888086
88605,572,94,4,945891664
88606,572,95,3,945888306
88607,572,2669,4,979923914
88608,572,1494,4,946486946
88609,572,728,5,946485894
88610,572,366,4,945892369
88611,572,1504,4,945892484
88612,572,2460,4,945890565
88613,572,834,4,945890565
88614,572,729,3,979924065
88615,572,987,3,979922241
88616,572,234,5,945890206
88617,572,370,4,945890097
88618,572,1532,3,945888431
88619,572,731,3,945888784
88620,572,2401,5,945889698
88621,572,4899,5,945890206
88622,572,2038,5,945889676
88623,572,2039,5,946483213
88624,572,116,4,945890267
88625,572,3225,5,945890452
88626,572,4175,4,945893475
88627,572,1171,5,946485151
88628,572,6177,5,945890408
88629,572,1777,3,945888197
88630,572,5199,1,945887535
88631,572,3060,5,946484991
88632,572,122,5,945889361
88633,572,386,2,979923914
88634,572,1581,5,945890206
88635,572,1583,4,945891616
88636,572,3027,3,979923863
88637,572,1594,4,945892539
88638,572,7258,3,945890452
88639,572,1597,3,979923864
88640,572,393,5,945887008
88641,572,2575,5,945892426
88642,572,1601,5,945893736
88643,572,1608,3,945887535
88644,572,1609,4,945887555
88645,572,155,3,945888975
88646,572,274,3,945888197
88647,572,2577,3,979923471
88648,572,3029,4,946487152
88649,572,2578,2,945888531
88650,572,1627,4,979922293
88651,572,7443,4,946481317
88652,572,5578,5,945887555
88653,572,732,4,945887904
88654,572,181,3,945887008
88655,572,1865,4,979923960
88656,572,182,4,945887030
88657,572,403,4,955024909
88658,572,1650,5,945892511
88659,572,4908,5,946485345
88660,572,3032,5,946485101
88661,572,6017,4,945889698
88662,572,195,2,945887727
88663,572,4911,3,945890658
88664,572,2157,5,945890388
88665,572,5501,5,946484969
88666,572,1683,4,945892448
88667,572,8888,5,945890887
88668,572,3233,5,946486066
88669,572,4913,5,945890357
88670,572,1687,5,945888975
88671,572,736,4,945887660
88672,572,8200,3,979923721
88673,572,5075,4,945890499
88674,572,2195,4,945889273
88675,572,1718,3,979922465
88676,572,2606,4,954964409
88677,573,1,5,1186722182
88678,573,482,4,1187044862
88679,573,3,4,1248842019
88680,573,487,4,1186722464
88681,573,4,5,1186589586
88682,573,5,5,1248841981
88683,573,519,5,1187044894
88684,573,8,5,1186589227
88685,573,464,3,1186722115
88686,573,465,1,1186722291
88687,573,11,5,1186589409
88688,573,532,5,1186722398
88689,573,540,3,1186722546
88690,573,14,5,1186590109
88691,573,16,5,1186589669
88692,573,589,5,1186804237
88693,573,17,5,1186589250
88694,573,18,4,1186722532
88695,573,233,4,1299222415
88696,573,19,5,1340518808
88697,573,21,4,1186589781
88698,573,472,4,1186722302
88699,573,23,3,1186590087
88700,573,622,5,1186722390
88701,573,473,4,1248841976
88702,573,26,4,1186589725
88703,573,27,5,1186722173
88704,573,28,5,1186590149
88705,573,828,5,1186590114
88706,573,323,4,1186722460
88707,573,479,5,1186722180
88708,573,34,4,1186722177
88709,573,35,4,1248842982
88710,573,324,4,1248841986
88711,573,38,4,1341798453
88712,573,1159,3,1248842588
88713,573,41,4,1248842423
88714,573,42,4,1186722420
88715,573,1097,4,1248839793
88716,573,43,5,1186722183
88717,573,1431,4,1187044868
88718,573,2662,3,1341798492
88719,573,1028,5,1415676012
88720,573,45,4,1186722604
88721,573,1135,5,1186589677
88722,573,61,4,1186722412
88723,573,62,4,1186721839
88724,573,63,4,1186589585
88725,573,64,3,1186589654
88726,573,67,0,1186589379
88727,573,68,4,1186589741
88728,573,1099,2,1186590373
88729,573,1100,5,1186590015
88730,573,1102,4,1248842434
88731,573,69,5,1186589671
88732,573,70,3,1186721805
88733,573,71,5,1186589562
88734,573,1029,4,1248842041
88735,573,74,5,1186589710
88736,573,75,4,1186589246
88737,573,76,4,1248842008
88738,573,1137,3,1248842030
88739,573,354,4,1248842066
88740,573,82,4,1186722390
88741,573,356,4,1186589712
88742,573,86,4,1186590311
88743,573,1111,4,1186589239
88744,573,88,4,1187044980
88745,573,90,5,1186589585
88746,573,978,4,1187044988
88747,573,93,4,1187045095
88748,573,2147,4,1186722617
88749,573,362,1,1187044930
88750,573,1476,4,1187044917
88751,573,4051,3,1186588695
88752,573,1485,5,1186590089
88753,573,99,4,1186722587
88754,573,1031,4,1248842035
88755,573,1492,0,1187045088
88756,573,101,4,1248842087
88757,573,102,4,1187044783
88758,573,106,4,1341798424
88759,573,988,1,1186722299
88760,573,2672,5,1186590112
88761,573,2463,4,1186722133
88762,573,731,3,1186722488
88763,573,379,4,1186722513
88764,573,119,5,1340518841
88765,573,836,4,1248842092
88766,573,122,5,1186589564
88767,573,1562,4,1186591250
88768,573,131,2,1186588677
88769,573,135,5,1186722096
88770,573,1575,4,1187045010
88771,573,148,5,1186589533
88772,573,1608,3,1186588724
88773,573,1864,4,1371063458
88774,573,163,4,1186804251
88775,573,166,5,1248842567
88776,573,167,5,1186589585
88777,573,171,5,1186722658
88778,573,172,3,1248840104
88779,573,173,4,1186722632
88780,573,400,4,1248839896
88781,573,180,4,1187044924
88782,573,734,0,1186590042
88783,573,1179,4,1186590180
88784,573,1645,0,1341798508
88785,573,182,5,1341798420
88786,573,402,4,1248842677
88787,573,405,5,1186590189
88788,573,185,2,1186590377
88789,573,188,4,1186589423
88790,573,1180,5,1248842595
88791,573,1182,4,1186590059
88792,573,193,5,1186589334
88793,573,194,4,1341798711
88794,573,1142,4,1341798636
88795,573,736,5,1186722557
88796,573,1692,5,1187045093
88797,573,217,1,1186588769
88798,573,219,5,1341798750
88799,573,220,3,1186589637
88800,573,221,4,1341798771
88801,573,1187,4,1186722469
88802,573,1757,4,1186590092
88803,573,1016,4,1186722646
88804,573,1188,4,1186590098
88805,573,229,4,1186721991
88806,573,429,3,1187044921
88807,573,1797,4,1186590130
88808,573,432,0,1187044844
88809,573,1802,4,1341798498
88810,573,1022,4,1248841842
88811,573,1043,3,1186722443
88812,573,2620,5,1250142501
88813,573,3140,4,1186589353
88814,573,445,5,1186589556
88815,573,446,5,1248841942
88816,573,1191,5,1186589260
88817,573,745,4,1248842418
88818,573,1816,3,1186722144
88819,573,3319,4,1186590066
88820,573,1823,4,1186721936
88821,573,1044,4,1341797633
88822,573,1825,4,1186589362
88823,573,1195,5,1370377568
88824,573,1125,4,1186589732
88825,573,752,4,1186590247
88826,573,1832,4,1186589404
88827,573,754,5,1248840083
88828,573,2220,5,1186589716
88829,573,2124,4,1186589675
88830,573,2498,2,1186590055
88831,573,1838,5,1299222399
88832,573,756,4,1186590168
88833,573,1840,4,1186589230
88834,573,757,5,1186589361
88835,573,758,3,1248840109
88836,573,759,4,1186722529
88837,573,762,3,1248842682
88838,573,1204,5,1186589773
88839,573,765,4,1248840084
88840,573,857,3,1186589399
88841,573,766,4,1186589235
88842,573,3189,4,1341797605
88843,573,2233,4,1187045074
88844,573,768,4,1248842394
88845,573,769,4,1186722424
88846,573,1209,4,1186590106
88847,573,876,4,1186589779
88848,573,1210,4,1186722628
88849,573,1046,4,1341797680
88850,573,771,5,1186589649
88851,573,3661,4,1186721947
88852,573,3259,4,1186722140
88853,573,235,4,1186589696
88854,573,773,3,1248842649
88855,573,774,4,1186589794
88856,573,775,5,1248841816
88857,573,883,2,1186590127
88858,573,1219,4,1186721965
88859,573,3200,4,1186589356
88860,573,4508,4,1187045109
88861,573,777,4,1186589739
88862,573,1149,4,1186589341
88863,573,779,3,1248842413
88864,573,1226,4,1186722130
88865,573,3146,0,1186590175
88866,573,782,4,1186590174
88867,573,783,4,1248842404
88868,573,1227,5,1341797599
88869,573,784,4,1186722440
88870,573,786,2,1186722125
88871,573,236,4,1186722613
88872,573,2266,4,1186590206
88873,573,1230,5,1186589795
88874,573,793,4,1186589257
88875,573,795,4,1186589698
88876,573,3357,4,1187045013
88877,573,4300,5,1341798755
88878,573,891,3,1186589572
88879,573,807,4,1186589651
88880,573,808,4,1248840052
88881,573,809,4,1186722418
88882,573,810,4,1186589567
88883,573,1892,5,1186590163
88884,573,1242,3,1186589704
88885,573,2127,5,1186589993
88886,573,1244,4,1248841923
88887,573,3600,4,1186589258
88888,573,2300,4,1186722589
88889,573,2976,4,1186721974
88890,573,5684,4,1186589244
88891,573,1252,0,1186722101
88892,573,1254,4,1186589544
88893,573,817,3,1248842633
88894,573,1255,5,1186590165
88895,573,7629,4,1248841907
88896,573,1050,4,1186589457
88897,573,2316,5,1248839914
88898,573,1133,4,1186589454
88899,573,238,5,1186589538
88900,573,1051,4,1341798462
88901,573,1052,5,1341797729
88902,573,824,4,1248842715
88903,573,2320,4,1186589535
88904,573,2323,3,1186589452
88905,573,2326,4,1186721758
88906,573,900,4,1186589183
88907,573,2328,4,1186589470
88908,573,3405,3,1248842600
88909,573,5962,0,1248842748
88910,573,2979,2,1248839872
88911,573,1905,5,1186589297
88912,573,3153,4,1248842370
88913,573,1264,4,1186589308
88914,573,1267,2,1186589311
88915,573,1268,4,1186589294
88916,573,1269,3,1254442494
88917,573,1270,4,1186589296
88918,573,2058,5,1248839984
88919,573,239,5,1248839758
88920,573,1911,4,1370377729
88921,573,1055,4,1248840031
88922,573,1912,4,1248841897
88923,573,1284,4,1248840039
88924,573,1056,4,1248841824
88925,573,3081,4,1248843015
88926,573,1286,5,1248841902
88927,573,2130,5,1248839993
88928,573,2377,4,1250142496
88929,573,1288,4,1341798326
88930,573,1058,4,1248842144
88931,573,1151,5,1248841804
88932,573,2066,4,1248840022
88933,573,3450,4,1299222397
88934,573,241,5,1341798215
88935,573,1296,2,1248842163
88936,573,1152,4,1254442476
88937,573,3454,4,1248841782
88938,573,916,4,1248842153
88939,573,1297,4,1248839741
88940,573,4531,3,1254442510
88941,573,2991,4,1341797607
88942,573,1920,1,1254442497
88943,573,3459,4,1248840009
88944,573,1061,5,1254442288
88945,573,242,4,1370377744
88946,573,927,5,1370377625
88947,573,243,4,1340518809
88948,573,1312,4,1340518850
88949,573,1134,5,1299222433
88950,573,245,5,1299222424
88951,573,1153,5,1370377624
88952,573,1066,4,1340518813
88953,573,1325,4,1341797590
88954,573,248,5,1370377714
88955,573,3484,5,1370377725
88956,573,1328,5,1340518827
88957,573,1330,4,1340518797
88958,573,1331,4,1341797581
88959,573,1941,4,1341797629
88960,573,1067,5,1340518834
88961,573,250,5,1370377585
88962,573,1944,4,1341797602
88963,573,251,2,1370377572
88964,573,3163,5,1370377724
88965,573,2530,4,1341797699
88966,573,1069,4,1341797587
88967,573,951,5,1370377579
88968,573,1070,5,1370377587
88969,573,1343,5,1370377439
88970,573,252,5,1370377598
88971,573,1346,5,1370377430
88972,573,1347,5,1370377430
88973,573,254,5,1415675757
88974,573,1357,5,1415675786
88975,573,1078,4,1415675776
88976,574,4,5,834634527
88977,574,8,5,834634504
88978,574,464,4,834634383
88979,574,465,3,834634408
88980,574,531,4,834634464
88981,574,540,2,834634481
88982,574,558,4,834634527
88983,574,14,5,834634443
88984,574,588,4,834634464
88985,574,17,3,834634383
88986,574,470,3,834634504
88987,574,18,4,834634443
88988,574,233,5,834634443
88989,574,600,4,834634443
88990,574,605,4,834634464
88991,574,471,5,834634408
88992,574,473,4,834634383
88993,574,474,2,834634504
88994,574,634,4,834634464
88995,574,323,5,834634408
88996,574,34,3,834634383
88997,574,35,5,834634504
88998,574,324,4,834634443
88999,575,17,5,926510724
89000,575,8889,5,926510655
89001,575,356,5,926510687
89002,575,5548,3,926510546
89003,575,1624,3,926510262
89004,575,2578,3,926510475
89005,575,2579,1,926510444
89006,575,2471,3,926510262
89007,575,2683,3,926510311
89008,575,2580,3,926510311
89009,575,6597,4,926510350
89010,575,8890,1,926510444
89011,575,1627,3,926510403
89012,575,1010,3,926510403
89013,575,166,5,926510262
89014,575,1628,1,926510444
89015,575,1631,3,926510475
89016,575,3293,3,926510444
89017,575,6001,1,926510546
89018,575,3294,4,926510311
89019,575,2581,4,926510514
89020,575,167,4,926510261
89021,575,1001,2,926510403
89022,575,2582,3,926510375
89023,575,168,4,926510350
89024,575,1002,4,926510311
89025,575,398,4,926510262
89026,575,2920,2,926510262
89027,575,2583,4,926510311
89028,575,399,4,926510403
89029,575,1632,3,926510475
89030,575,1633,2,926510375
89031,575,171,3,926510311
89032,575,1635,5,926510546
89033,575,8891,1,926510597
89034,575,8892,3,926510597
89035,576,2069,3,1358151482
89036,576,599,2,1358151538
89037,576,1410,1,1358151493
89038,576,263,3,1358151483
89039,576,264,1,1358151491
89040,576,350,1,1358151539
89041,576,1105,4,1358151540
89042,576,2416,2,1358151530
89043,576,1109,3,1358151531
89044,576,4057,4,1358151532
89045,576,1464,4,1358151485
89046,576,1030,1,1358151533
89047,576,1470,1,1358151535
89048,576,1484,5,1358151494
89049,576,3027,5,1358151542
89050,576,168,4,1358151487
89051,576,174,2,1358151488
89052,576,1117,4,1358151490
89053,576,184,4,1358151536
89054,576,1684,4,1358151480
89055,577,3,4,945967415
89056,577,463,3,945964946
89057,577,512,3,945968259
89058,577,8,4,945966190
89059,577,525,3,945964977
89060,577,16,5,945965658
89061,577,18,2,945965886
89062,577,233,5,945966689
89063,577,600,3,945965866
89064,577,20,3,945967541
89065,577,21,5,945966456
89066,577,315,4,945967371
89067,577,622,3,945967371
89068,577,473,4,945965845
89069,577,635,3,945967219
89070,577,26,4,945967303
89071,577,27,5,945967458
89072,577,653,3,945967440
89073,577,29,5,945966109
89074,577,1095,3,945966819
89075,577,33,5,945965737
89076,577,34,2,945967440
89077,577,35,4,945966689
89078,577,37,3,945966702
89079,577,41,3,945967541
89080,577,43,3,945966506
89081,577,1028,5,945966632
89082,577,334,5,945966653
89083,577,336,5,945966109
89084,577,45,3,945966744
89085,577,337,5,945966158
89086,577,46,3,945966617
89087,577,724,3,945966819
89088,577,5496,4,945965795
89089,577,2143,4,945965658
89090,577,714,3,945965795
89091,577,3281,3,945965283
89092,577,3282,4,945967093
89093,577,55,3,945965825
89094,577,1135,3,945965283
89095,577,342,3,945967015
89096,577,64,3,945966476
89097,577,346,2,945966158
89098,577,3170,3,945978402
89099,577,66,4,945967031
89100,577,725,4,945967480
89101,577,67,3,945967219
89102,577,1451,4,945967093
89103,577,349,4,945966456
89104,577,69,3,945966131
89105,577,70,3,945965683
89106,577,71,4,945965283
89107,577,1029,3,945966456
89108,577,352,4,945966653
89109,577,74,4,945965737
89110,577,75,4,945966718
89111,577,76,4,945966986
89112,577,78,4,945967371
89113,577,1137,4,945966674
89114,577,79,4,945966432
89115,577,354,4,945966653
89116,577,2416,5,945978383
89117,577,2079,3,945966674
89118,577,82,4,945967015
89119,577,355,5,945966109
89120,577,2176,4,945966760
89121,577,356,3,945965683
89122,577,2145,5,945965629
89123,577,268,4,945966432
89124,577,86,5,945966986
89125,577,269,5,945966158
89126,577,87,4,945965886
89127,577,2146,5,945965717
89128,577,360,3,945978383
89129,577,90,4,945965737
89130,577,3000,4,945978364
89131,577,2178,4,945965683
89132,577,361,3,945967287
89133,577,2751,3,945967243
89134,577,5015,2,945967115
89135,577,1166,3,945965866
89136,577,1167,3,945965795
89137,577,1140,3,945967243
89138,577,2147,5,945967287
89139,577,362,2,945966525
89140,577,94,4,945967031
89141,577,101,3,945967093
89142,577,102,3,945965825
89143,577,727,4,945967015
89144,577,2670,3,945965771
89145,577,834,3,945978364
89146,577,1510,3,945967220
89147,577,1033,4,945967196
89148,577,5196,4,945965717
89149,577,2400,5,945966158
89150,577,116,4,945967351
89151,577,4175,3,945978474
89152,577,3502,4,945978449
89153,577,2092,3,945966432
89154,577,1171,4,945978437
89155,577,382,3,945978474
89156,577,118,4,945967440
89157,577,5199,3,945967440
89158,577,3060,4,945978416
89159,577,837,4,945967458
89160,577,122,5,945966132
89161,577,124,3,945965771
89162,577,126,3,945965886
89163,577,127,3,945967415
89164,577,384,3,945978437
89165,577,131,5,945965845
89166,577,4146,4,945978546
89167,577,135,3,945965866
89168,577,4064,3,945967093
89169,577,386,3,945978520
89170,577,2570,4,945978570
89171,577,141,2,945965825
89172,577,1141,4,945967317
89173,577,1583,4,945978520
89174,577,1584,4,945978416
89175,577,7438,2,945978669
89176,577,273,4,945967115
89177,577,151,3,945965717
89178,577,1605,4,945978546
89179,577,155,4,945965771
89180,577,1174,3,945978570
89181,577,1175,3,945978669
89182,577,8893,3,945978669
89183,577,1177,3,945978546
89184,577,999,2,945978570
89185,577,1783,3,945965717
89186,577,1618,2,945967220
89187,577,160,3,945965944
89188,577,5307,3,945978474
89189,577,3029,3,945966506
89190,577,5500,3,945967093
89191,577,164,4,945967196
89192,577,165,5,945967015
89193,577,6600,3,945978520
89194,577,173,4,945965795
89195,577,174,3,945967243
89196,577,178,1,945967055
89197,577,1653,4,945966653
89198,577,5580,2,945966559
89199,577,188,3,945965771
89200,577,2713,2,945978570
89201,577,189,4,945966432
89202,577,190,5,945967393
89203,577,192,4,945967415
89204,577,3299,4,945978676
89205,577,194,3,945967115
89206,577,195,4,945965807
89207,577,1676,5,945966158
89208,577,203,3,945966456
89209,577,2491,4,945966190
89210,577,1683,3,945964977
89211,577,8197,4,945978571
89212,577,8894,3,945966525
89213,577,4081,5,945965717
89214,577,205,2,945965629
89215,577,232,4,945966132
89216,578,2442,3,1300989672
89217,578,699,4,1300989485
89218,578,1624,4,1300995952
89219,578,3675,4,1300989860
89220,578,3745,3,1300990600
89221,578,4478,4,1300996140
89222,578,8895,2,1300990921
89223,578,3266,1,1300989746
89224,578,1221,4,1300989914
89225,578,8896,4,1300996571
89226,578,888,5,1300996817
89227,578,819,5,1300996257
89228,578,3385,4,1300996651
89229,578,3396,5,1300996376
89230,578,7639,4,1300991167
89231,578,8897,4,1300996756
89232,578,3595,4,1300996719
89233,578,8597,4,1300996671
89234,578,5982,4,1300996741
89235,578,924,3,1300990637
89236,578,928,5,1300996791
89237,578,8898,2,1300995271
89238,578,1312,4,1300996806
89239,578,5010,4,1300991370
89240,578,7817,0,1300991503
89241,578,2816,5,1300996352
89242,578,935,5,1300996688
89243,579,1,4,958881146
89244,579,488,3,958879371
89245,579,492,5,977364909
89246,579,461,3,958880089
89247,579,1401,4,958881238
89248,579,8,5,958881746
89249,579,549,5,967961786
89250,579,21,5,958879296
89251,579,472,5,958881192
89252,579,23,4,958879861
89253,579,27,4,958881789
89254,579,28,5,958880001
89255,579,29,5,958880791
89256,579,321,3,977365958
89257,579,324,5,958881086
89258,579,36,3,958881212
89259,579,481,5,958882246
89260,579,43,5,958881895
89261,579,702,5,958880131
89262,579,329,5,977366005
89263,579,1774,4,958881146
89264,579,57,3,958881047
89265,579,362,3,958882026
89266,579,1168,3,958882002
89267,579,1494,5,958880188
89268,579,101,5,958881915
89269,579,102,4,958881895
89270,579,1496,4,958880102
89271,579,984,5,958882188
89272,579,1032,5,958881825
89273,579,1114,5,958882152
89274,579,1508,4,958881146
89275,579,4669,5,958882123
89276,579,1524,3,958882002
89277,579,376,4,958881277
89278,579,1033,4,958881825
89279,579,731,4,958881915
89280,579,379,5,958882329
89281,579,121,3,958881086
89282,579,122,3,958879593
89283,579,1557,3,958882061
89284,579,128,2,958881146
89285,579,1780,3,958881192
89286,579,132,4,958881192
89287,579,392,4,958879827
89288,579,1601,4,958881146
89289,579,152,1,958879901
89290,579,1608,3,958881277
89291,579,1609,5,959490014
89292,579,2682,4,958879861
89293,579,3292,4,958879503
89294,579,1000,3,958882297
89295,579,1624,4,958879901
89296,579,167,5,958881789
89297,579,399,5,958879901
89298,579,6982,3,964390559
89299,579,1640,5,958881212
89300,579,1865,4,958882219
89301,579,402,3,958881622
89302,579,403,4,966069314
89303,579,8899,2,966069266
89304,579,200,3,958881192
89305,579,1684,4,958881671
89306,579,736,5,958881086
89307,579,1121,3,958879827
89308,579,206,5,958882104
89309,579,210,4,958879325
89310,579,7072,4,966069287
89311,579,422,5,958880702
89312,579,7073,2,958880864
89313,579,1791,3,958880724
89314,579,738,4,960115660
89315,579,1015,4,961621938
89316,580,1,3,1167792349
89317,580,3,4,1167789917
89318,580,487,3,1167792602
89319,580,491,4,1167790725
89320,580,494,4,1167861702
89321,580,496,4,1167789966
89322,580,293,5,1167790855
89323,580,461,2,1167673463
89324,580,4,5,1167791127
89325,580,5,5,1167789884
89326,580,505,2,1167790047
89327,580,6,5,1167673477
89328,580,8,4,1167789859
89329,580,1094,4,1167673449
89330,580,465,2,1167674840
89331,580,1027,3,1167792949
89332,580,550,4,1167792953
89333,580,13,3,1168085202
89334,580,557,3,1167861761
89335,580,14,2,1167673475
89336,580,16,4,1167860858
89337,580,588,3,1167790141
89338,580,589,5,1167783708
89339,580,17,5,1167789886
89340,580,18,4,1167792723
89341,580,233,5,1167673438
89342,580,599,2,1167675000
89343,580,600,4,1167792894
89344,580,604,4,1167792413
89345,580,609,3,1167790084
89346,580,611,4,1167791478
89347,580,21,4,1167789921
89348,580,472,3,1167673486
89349,580,23,3,1167674978
89350,580,635,2,1167792804
89351,580,1157,3,1167673472
89352,580,26,3,1167791336
89353,580,27,4,1167791767
89354,580,648,2,1167673481
89355,580,657,4,1167790028
89356,580,29,3,1167790845
89357,580,662,2,1167861849
89358,580,1095,5,1167789987
89359,580,1158,2,1167791291
89360,580,671,1,1167790100
89361,580,323,2,1167673410
89362,580,479,4,1167790721
89363,580,33,4,1167862031
89364,580,34,3,1167674576
89365,580,35,4,1167790851
89366,580,37,4,1167789994
89367,580,1159,3,1167792598
89368,580,6707,3,1167860938
89369,580,2172,3,1167792398
89370,580,263,3,1167791099
89371,580,42,3,1167792613
89372,580,1097,4,1167791058
89373,580,1160,5,1167791131
89374,580,43,3,1167792634
89375,580,703,4,1167675005
89376,580,264,3,1167860718
89377,580,1028,4,1167789986
89378,580,334,1,1167790960
89379,580,336,0,1167790940
89380,580,45,2,1167673498
89381,580,724,3,1167673406
89382,580,3543,1,1167790992
89383,580,5496,3,1167862027
89384,580,1135,4,1167673418
89385,580,59,2,1167792605
89386,580,343,4,1167790020
89387,580,62,5,1167791269
89388,580,63,5,1167789893
89389,580,64,4,1167791222
89390,580,66,3,1167860946
89391,580,6311,3,1176755689
89392,580,67,4,1167791486
89393,580,68,5,1167673425
89394,580,1100,3,1167790849
89395,580,349,4,1167862034
89396,580,1102,4,1167789891
89397,580,69,4,1167673444
89398,580,71,4,1167673435
89399,580,351,4,1167792861
89400,580,1029,4,1167789904
89401,580,1103,4,1167791046
89402,580,352,0,1167790938
89403,580,72,4,1167790316
89404,580,1104,0,1167790977
89405,580,73,3,1167790956
89406,580,74,4,1167673442
89407,580,75,4,1167790635
89408,580,76,4,1167792663
89409,580,1137,4,1167790632
89410,580,79,5,1167783691
89411,580,354,4,1167790551
89412,580,1139,2,1167790962
89413,580,82,3,1167790561
89414,580,726,4,1168086971
89415,580,2083,3,1167791257
89416,580,355,0,1167791001
89417,580,3012,0,1167790990
89418,580,1108,0,1167790943
89419,580,2145,0,1167790959
89420,580,268,3,1167862021
89421,580,357,4,1167790682
89422,580,86,3,1167792864
89423,580,90,4,1167792469
89424,580,361,3,1167673414
89425,580,2751,4,1167792750
89426,580,1462,4,1167790573
89427,580,1166,4,1167793016
89428,580,994,4,1167791395
89429,580,1167,4,1167793056
89430,580,1471,3,1167860932
89431,580,93,3,1167674837
89432,580,1474,3,1167790133
89433,580,362,3,1167792768
89434,580,1475,4,1167790872
89435,580,95,3,1167792617
89436,580,1479,3,1167792405
89437,580,1484,3,1167792610
89438,580,1031,4,1167791482
89439,580,1168,3,1167860692
89440,580,102,4,1167792444
89441,580,727,3,1167792660
89442,580,1007,3,1167860711
89443,580,1499,3,1167860694
89444,580,104,4,1167791109
89445,580,106,4,1167790419
89446,580,1032,4,1167792842
89447,580,108,4,1167673492
89448,580,729,4,1167791409
89449,580,234,4,1167673423
89450,580,988,4,1167790146
89451,580,1169,4,1167790740
89452,580,109,4,1167790706
89453,580,730,4,1167861239
89454,580,371,3,1167791229
89455,580,996,3,1167861188
89456,580,2091,5,1167792415
89457,580,1033,4,1167792732
89458,580,731,3,1167860614
89459,580,1536,4,1167861749
89460,580,379,4,1167790046
89461,580,2092,3,1167790719
89462,580,1171,4,1167790390
89463,580,3138,3,1167792797
89464,580,117,3,1167792480
89465,580,3023,3,1167860886
89466,580,836,3,1167792880
89467,580,120,3,1167860620
89468,580,2183,4,1167792885
89469,580,122,5,1167673436
89470,580,134,3,1167793417
89471,580,135,3,1167792434
89472,580,4064,4,1167793054
89473,580,2907,2,1167861707
89474,580,5116,1,1167792625
89475,580,1575,4,1167673470
89476,580,388,0,1167790965
89477,580,1141,2,1167790702
89478,580,1593,4,1167792359
89479,580,2152,3,1167792681
89480,580,148,4,1167789610
89481,580,5499,3,1167861056
89482,580,1601,3,1167792353
89483,580,3548,4,1167673700
89484,580,1607,3,1167861043
89485,580,1610,3,1167792704
89486,580,397,3,1168086579
89487,580,5500,2,1167861087
89488,580,164,2,1167861020
89489,580,165,3,1167860772
89490,580,2154,2,1167861198
89491,580,1627,2,1167861820
89492,580,166,4,1167791192
89493,580,167,5,1167783678
89494,580,3549,4,1167791217
89495,580,4154,4,1167793421
89496,580,172,4,1167792623
89497,580,173,3,1167674843
89498,580,174,2,1167674994
89499,580,732,4,1167790106
89500,580,400,3,1167673458
89501,580,2094,3,1167790567
89502,580,179,4,1167790334
89503,580,181,4,1167861590
89504,580,5123,4,1167790743
89505,580,402,4,1167791226
89506,580,1650,4,1167791184
89507,580,184,4,1167790120
89508,580,2590,3,1167792802
89509,580,185,5,1167789898
89510,580,188,4,1167793020
89511,580,1180,1,1167673421
89512,580,1181,5,1167783687
89513,580,193,5,1167783675
89514,580,194,3,1167792899
89515,580,5129,3,1167860791
89516,580,1675,3,1167793062
89517,580,201,3,1167792439
89518,580,1682,2,1167792687
89519,580,1183,4,1167792385
89520,580,3550,0,1167790997
89521,580,736,3,1167792356
89522,580,204,3,1167791294
89523,580,1038,2,1167861201
89524,580,416,2,1167792674
89525,580,206,4,1167861810
89526,580,2599,4,1167861757
89527,580,417,3,1167790447
89528,580,4083,4,1167791444
89529,580,1185,4,1167674188
89530,580,1011,4,1167793407
89531,580,1722,4,1167792783
89532,580,423,4,1167791351
89533,580,3065,2,1167790554
89534,580,219,3,1167792670
89535,580,1041,3,1167861783
89536,580,1737,2,1167790557
89537,580,2122,5,1167673452
89538,580,220,4,1167674171
89539,580,738,3,1167792571
89540,580,6200,2,1167790097
89541,580,1145,3,1167859516
89542,580,1871,3,1167792771
89543,580,1747,3,1167861040
89544,580,1748,2,1167861048
89545,580,224,4,1167791489
89546,580,225,4,1167791461
89547,580,1188,2,1167792974
89548,580,229,4,1167674398
89549,580,230,2,1167861817
89550,580,1020,3,1167861771
89551,580,278,3,1167791078
89552,580,1799,4,1167861091
89553,580,742,4,1212343014
89554,580,432,4,1167789997
89555,580,1022,4,1167673981
89556,580,434,4,1167792400
89557,580,437,4,1167791356
89558,580,440,4,1167791310
89559,580,2616,4,1167790109
89560,580,3552,4,1167791341
89561,580,1023,4,1167861836
89562,580,445,5,1167783666
89563,580,2102,4,1167791039
89564,580,446,4,1167792382
89565,580,1191,4,1167789909
89566,580,745,4,1176756045
89567,580,746,3,1167790148
89568,580,1816,4,1167792567
89569,580,747,3,1167860774
89570,580,1193,3,1167861605
89571,580,868,1,1167790134
89572,580,7749,3,1167792807
89573,580,1825,3,1167790752
89574,580,1829,4,1167790007
89575,580,751,4,1167792708
89576,580,1125,4,1167783695
89577,580,1831,4,1212342506
89578,580,753,4,1167791407
89579,580,1126,4,1167790644
89580,580,2717,3,1167673495
89581,580,754,4,1167673962
89582,580,755,3,1167861744
89583,580,756,4,1167673479
89584,580,1840,3,1167674832
89585,580,6134,3,1167790343
89586,580,2225,3,1168087256
89587,580,757,3,1167793008
89588,580,758,4,1167792574
89589,580,5186,3,1167861085
89590,580,1199,4,1167674193
89591,580,3328,3,1167792736
89592,580,759,4,1167674258
89593,580,848,3,1167673460
89594,580,762,4,1167792717
89595,580,5387,2,1167793407
89596,580,1201,4,1212342173
89597,580,2045,4,1167790734
89598,580,1849,4,1167861680
89599,580,1202,4,1167790700
89600,580,1203,4,1167791508
89601,580,8900,3,1168085197
89602,580,1127,2,1167944179
89603,580,2772,2,1167790516
89604,580,764,3,1167792437
89605,580,8901,2,1167673842
89606,580,6364,3,1167790415
89607,580,3187,4,1167790782
89608,580,4483,3,1167792989
89609,580,856,3,1167790698
89610,580,1204,5,1167790409
89611,580,765,4,1167673966
89612,580,3188,4,1167790695
89613,580,767,2,1167790126
89614,580,4504,3,1167860103
89615,580,1147,4,1167673960
89616,580,4118,2,1167674225
89617,580,1207,2,1167861826
89618,580,5409,4,1167789863
89619,580,1208,5,1176755682
89620,580,3596,3,1167860885
89621,580,3565,2,1167860802
89622,580,768,4,1167674182
89623,580,8902,2,1168087319
89624,580,769,5,1167673488
89625,580,876,4,1167792346
89626,580,4122,3,1167791120
89627,580,1046,4,1212343035
89628,580,2235,4,1167792956
89629,580,771,4,1167673988
89630,580,8903,4,1167673679
89631,580,4283,0,1167790898
89632,580,5418,4,1167861051
89633,580,8904,2,1167792078
89634,580,2047,5,1167790369
89635,580,8315,3,1167790427
89636,580,1214,3,1167790640
89637,580,2108,4,1212342957
89638,580,1215,3,1167791285
89639,580,772,3,1167790044
89640,580,235,5,1167673986
89641,580,3337,3,1167790031
89642,580,773,5,1167673490
89643,580,2243,4,1167789955
89644,580,3617,4,1167861830
89645,580,2244,3,1167861479
89646,580,4285,2,1167673721
89647,580,2111,3,1167791469
89648,580,3597,2,1167792780
89649,580,2251,4,1167791262
89650,580,774,4,1167674236
89651,580,775,4,1167673964
89652,580,1047,3,1167861592
89653,580,1220,2,1167790067
89654,580,2781,2,1167673730
89655,580,8905,3,1168085193
89656,580,3200,4,1176756076
89657,580,1130,4,1167790261
89658,580,4287,4,1176756117
89659,580,1222,3,1167674598
89660,580,1048,4,1167673975
89661,580,777,3,1167674245
89662,580,8368,2,1167789721
89663,580,2254,3,1167792838
89664,580,2783,0,1167790968
89665,580,5635,3,1167860282
89666,580,7111,0,1167790953
89667,580,2257,4,1212343012
89668,580,3145,3,1167790863
89669,580,8906,3,1167860701
89670,580,2119,0,1167790945
89671,580,8907,0,1167791433
89672,580,4753,3,1167792395
89673,580,779,4,1176756065
89674,580,1226,3,1167861186
89675,580,2120,4,1167790390
89676,580,2753,5,1212342986
89677,580,3146,1,1167790071
89678,580,8908,1,1167860808
89679,580,8909,0,1167791240
89680,580,783,3,1167860096
89681,580,1049,4,1167792888
89682,580,784,2,1167674242
89683,580,8438,4,1212342561
89684,580,236,4,1167791401
89685,580,8910,4,1212343018
89686,580,8911,3,1168085188
89687,580,3147,4,1167790339
89688,580,792,5,1167789926
89689,580,1230,4,1167789905
89690,580,795,4,1167674561
89691,580,797,2,1167792392
89692,580,2272,4,1167791376
89693,580,5529,0,1167791517
89694,580,8462,0,1167791547
89695,580,8912,2,1167860705
89696,580,5102,4,1176756039
89697,580,2050,4,1167789911
89698,580,891,3,1167790638
89699,580,1237,3,1167792387
89700,580,807,5,1167673994
89701,580,1239,4,1167792883
89702,580,2286,3,1167789914
89703,580,3368,5,1212342504
89704,580,809,5,1167674261
89705,580,810,5,1167673968
89706,580,812,4,1167792727
89707,580,1241,3,1167792563
89708,580,1892,1,1167790507
89709,580,813,4,1167792890
89710,580,1242,5,1167673991
89711,580,2290,4,1167790400
89712,580,1244,3,1167674179
89713,580,5542,2,1167859528
89714,580,6267,3,1167674827
89715,580,1245,4,1167792942
89716,580,2292,3,1176756013
89717,580,1247,4,1167674568
89718,580,814,4,1167790463
89719,580,1249,4,1167791189
89720,580,3782,1,1167792756
89721,580,898,3,1167790869
89722,580,1895,3,1167790027
89723,580,2300,4,1167790038
89724,580,1250,3,1167792560
89725,580,1251,4,1167673983
89726,580,2307,2,1167790310
89727,580,1252,4,1176756099
89728,580,1254,4,1168085305
89729,580,2486,3,1167790491
89730,580,1896,4,1167789677
89731,580,1897,4,1167789865
89732,580,817,4,1176756067
89733,580,819,3,1167861610
89734,580,3385,3,1167789707
89735,580,1255,4,1167789680
89736,580,2805,4,1167791696
89737,580,821,3,1167674588
89738,580,2313,1,1167792291
89739,580,2316,3,1167790396
89740,580,238,4,1167790234
89741,580,1051,5,1212342557
89742,580,824,4,1167791650
89743,580,1260,2,1167791659
89744,580,5957,4,1212343021
89745,580,900,5,1212342492
89746,580,2328,5,1212342499
89747,580,3153,3,1212342979
89748,580,1268,4,1212342527
89749,580,1269,5,1212342502
89750,580,903,5,1212342541
89751,580,1054,4,1212342537
89752,581,233,5,1447007073
89753,581,21,4,1447007134
89754,581,29,5,1447007076
89755,581,234,4,1447007130
89756,581,392,4,1447007086
89757,581,167,3,1447007088
89758,581,402,4,1447007127
89759,581,193,4,1447007154
89760,581,204,5,1447007136
89761,581,278,4,1447007173
89762,581,1043,4,1447007430
89763,581,445,4,1447007261
89764,581,745,4,1447007408
89765,581,752,4,1447007410
89766,581,458,5,1447007435
89767,581,1126,3,1447007158
89768,581,754,4,1447007092
89769,581,755,4,1447007422
89770,581,757,4,1447007420
89771,581,764,5,1447007463
89772,581,765,4,1447007282
89773,581,766,3,1447007433
89774,581,1206,5,1447007147
89775,581,876,4,1447007413
89776,581,1218,3,1447007480
89777,581,775,4,1447007091
89778,581,1130,5,1447007285
89779,581,780,4,1447007472
89780,581,1251,4,1447007453
89781,581,1133,3,1447007231
89782,581,1055,4,1447007469
89783,581,1056,4,1447007150
89784,581,916,4,1447007152
89785,581,245,4,1447007371
89786,581,935,4,1447007148
89787,581,945,4,1447007080
89788,581,254,4,1447007301
89789,581,255,4,1447007302
89790,581,1362,4,1447007183
89791,581,1085,4,1447007291
89792,582,16,4,1446792609
89793,582,35,4,1463474228
89794,582,69,4,1446792616
89795,582,167,5,1446792623
89796,582,193,4,1463474222
89797,582,445,4,1463474240
89798,582,754,3,1446792639
89799,582,763,3,1446794188
89800,582,780,4,1463474261
89801,582,1894,4,1463474262
89802,582,1251,3,1446794200
89803,582,238,4,1446794162
89804,582,1052,3,1446794164
89805,582,824,4,1446794191
89806,582,2519,4,1446794199
89807,582,239,4,1446792626
89808,582,1055,4,1463474268
89809,582,1056,4,1446794147
89810,582,241,4,1446794177
89811,582,1152,4,1463474260
89812,582,916,3,1446794153
89813,582,918,4,1446794183
89814,582,1304,3,1446794064
89815,582,243,4,1446792653
89816,582,1926,4,1446792715
89817,582,1312,2,1446792711
89818,582,1313,2,1446792729
89819,582,932,5,1446792747
89820,582,245,5,1446792651
89821,582,1931,4,1446794067
89822,582,1932,4,1446794070
89823,582,1934,5,1446792704
89824,582,1065,3,1446794073
89825,582,1066,2,1446792736
89826,582,1328,4,1446792720
89827,582,1939,5,1446792703
89828,582,1067,5,1446792664
89829,582,1068,4,1446792725
89830,582,250,4,1446792661
89831,582,1944,4,1446794049
89832,582,251,4,1463474277
89833,582,945,5,1446792718
89834,582,1069,4,1446794052
89835,582,951,4,1446792754
89836,582,1070,2,1446792752
89837,582,1340,3,1446794081
89838,582,1954,3,1446794082
89839,582,252,4,1446792668
89840,582,1346,4,1446794053
89841,582,1073,4,1446792750
89842,582,962,4,1446794154
89843,582,254,4,1446794142
89844,582,1998,3,1446794168
89845,582,1362,3,1463474243
89846,582,1081,4,1463474276
89847,582,1085,4,1446792676
89848,583,463,5,1481474136
89849,583,519,3,1481474437
89850,583,12,4,1481474353
89851,583,563,4,1481474354
89852,583,17,4,1481474161
89853,583,598,4,1481474333
89854,583,21,4,1481474148
89855,583,323,3,1481474263
89856,583,35,2,1481474404
89857,583,480,2,1481474431
89858,583,324,4,1481474427
89859,583,864,3,1481474480
89860,583,1474,3,1481474416
89861,583,1508,3,1481474511
89862,583,988,4,1481474572
89863,583,109,3,1481474236
89864,583,110,3,1481474338
89865,583,376,4,1481474543
89866,583,1778,2,1481474552
89867,583,1000,2,1481474436
89868,583,1010,3,1481474537
89869,583,1001,5,1481474408
89870,583,1640,3,1481474453
89871,583,1003,3,1481474367
89872,583,1179,3,1481474247
89873,583,867,3,1481474504
89874,583,1800,4,1481474513
89875,583,1803,4,1481474190
89876,583,745,3,1481474165
89877,583,871,4,1481474304
89878,583,3189,3,1481474507
89879,583,5004,3,1481474550
89880,583,878,3,1481474175
89881,583,883,4,1481474280
89882,583,885,3,1481474457
89883,583,888,2,1481474433
89884,583,893,2,1481474290
89885,583,2127,3,1481474177
89886,583,3509,3,1481474534
89887,583,1256,3,1481474181
89888,583,240,3,1481474191
89889,583,1288,2,1481474271
89890,583,914,3,1481474183
89891,583,1297,3,1481474158
89892,583,4771,0,1481474325
89893,583,242,3,1481474152
89894,583,1926,4,1481474186
89895,583,933,4,1481474170
89896,583,1940,3,1481474223
89897,583,1953,4,1481474203
89898,583,4561,3,1481474276
89899,583,3872,2,1481474293
89900,583,960,3,1481474420
89901,583,2003,2,1481474297
89902,583,2013,4,1481474578
89903,583,3541,4,1481474358
89904,584,1,5,834987643
89905,584,487,5,834987172
89906,584,493,3,834987751
89907,584,494,4,834988132
89908,584,461,3,834987730
89909,584,463,1,834987810
89910,584,4,5,834987730
89911,584,1401,5,834988006
89912,584,503,5,834988340
89913,584,8,5,834987672
89914,584,464,5,834987019
89915,584,465,3,834987064
89916,584,528,5,834987959
89917,584,530,5,834987810
89918,584,531,5,834987172
89919,584,532,5,834987064
89920,584,1405,4,834987843
89921,584,540,5,834987643
89922,584,541,5,834987912
89923,584,1024,1,834988027
89924,584,545,4,834987890
89925,584,2424,5,834988194
89926,584,547,4,834987933
89927,584,550,4,834987643
89928,584,555,4,834988194
89929,584,558,5,834987730
89930,584,2546,4,834988106
89931,584,14,2,834987145
89932,584,560,2,834988230
89933,584,561,4,834987866
89934,584,562,5,834988106
89935,584,569,4,834987890
89936,584,466,3,834987643
89937,584,571,4,834987959
89938,584,572,5,834988281
89939,584,467,5,834987933
89940,584,580,3,834988063
89941,584,584,5,834987866
89942,584,585,1,834987672
89943,584,588,5,834987172
89944,584,589,3,834987912
89945,584,17,3,834987020
89946,584,470,3,834987672
89947,584,597,5,834987843
89948,584,18,3,834987145
89949,584,598,4,834987730
89950,584,600,4,834987145
89951,584,604,3,834987866
89952,584,1409,4,834988340
89953,584,605,4,834987171
89954,584,471,1,834987064
89955,584,20,5,834987064
89956,584,609,5,834987989
89957,584,21,5,834987866
89958,584,472,5,834987843
89959,584,23,3,834987843
89960,584,622,5,834987989
89961,584,473,5,834987020
89962,584,474,3,834987672
89963,584,1414,4,834987751
89964,584,634,5,834987172
89965,584,635,3,834987843
89966,584,637,5,834987912
89967,584,1157,5,834988006
89968,584,639,5,834987810
89969,584,26,4,834987672
89970,584,475,5,834988194
89971,584,647,4,834988306
89972,584,27,5,834987890
89973,584,28,5,834988045
89974,584,657,5,834988281
89975,584,322,5,834988106
89976,584,2501,3,834988168
89977,584,828,4,834988150
89978,584,671,5,834988132
89979,584,323,4,834987064
89980,584,479,5,834987989
89981,584,33,5,834987019
89982,584,34,3,834987019
89983,584,35,4,834987643
89984,584,324,5,834987145
89985,584,481,3,834988132
89986,584,42,5,834988230
89987,585,491,5,1307417343
89988,585,512,4,1307416427
89989,585,1094,4,1307581719
89990,585,2070,3,1307416442
89991,585,13,4,1307417422
89992,585,17,5,1307418531
89993,585,2167,5,1307416406
89994,585,1156,4,1307417297
89995,585,25,3,1307417349
89996,585,1158,5,1307417497
89997,585,1028,5,1307417181
89998,585,333,4,1307417190
89999,585,63,4,1307417625
90000,585,75,5,1307580821
90001,585,79,4,1307417782
90002,585,1138,5,1307581840
90003,585,995,4,1307416266
90004,585,364,4,1307417768
90005,585,2453,4,1307416351
90006,585,109,4,1307417747
90007,585,113,4,1307416322
90008,585,375,4,1307416504
90009,585,384,4,1307416302
90010,585,148,5,1307417508
90011,585,4492,4,1307416523
90012,585,163,4,1307418304
90013,585,166,5,1307418502
90014,585,185,4,1307581816
90015,585,193,5,1307417775
90016,585,841,4,1307416468
90017,585,2198,4,1307416454
90018,585,1185,4,1307417747
90019,585,2494,4,1307581877
90020,585,1719,4,1307416362
90021,585,2496,4,1307416552
90022,585,1022,5,1307418362
90023,585,446,5,1307417337
90024,585,1191,3,1307417324
90025,585,1146,3,1307416317
90026,585,1825,4,1307417402
90027,585,1125,3,1307418454
90028,585,1837,5,1307418339
90029,585,5378,4,1307417764
90030,585,3188,4,1307418394
90031,585,1147,5,1307417172
90032,585,1047,2,1307417533
90033,585,777,4,1307417588
90034,585,8913,5,1307417208
90035,585,807,4,1307418348
90036,585,238,4,1307581053
90037,585,2058,5,1307417495
90038,585,1275,5,1307418414
90039,585,2059,4,1307581832
90040,585,239,4,1307581703
90041,585,1058,4,1307416497
90042,585,2066,4,1307418433
90043,585,241,5,1307418137
90044,585,243,5,1307417380
90045,585,245,4,1307581711
90046,585,1153,4,1307581851
90047,585,1154,4,1307417546
90048,586,482,4,1529901723
90049,586,8,5,1529899907
90050,586,531,4,1529901379
90051,586,533,3,1529902272
90052,586,540,3,1529902031
90053,586,16,4,1529899127
90054,586,18,4,1529901366
90055,586,233,5,1529899248
90056,586,605,4,1529901743
90057,586,315,4,1529901850
90058,586,473,4,1529901324
90059,586,637,4,1529901610
90060,586,26,4,1529903259
90061,586,29,2,1529899262
90062,586,322,3,1529899992
90063,586,32,4,1529903585
90064,586,671,4,1529901788
90065,586,323,4,1529903478
90066,586,479,5,1529899916
90067,586,41,4,1529899989
90068,586,2427,4,1529901936
90069,586,1435,4,1529899325
90070,586,1028,3,1529899254
90071,586,61,4,1529902581
90072,586,66,4,1529901514
90073,586,69,4,1529899129
90074,586,71,5,1529899130
90075,586,1029,5,1529903306
90076,586,74,4,1529899132
90077,586,1137,3,1529899256
90078,586,85,4,1529899624
90079,586,86,4,1529899793
90080,586,90,4,1529899137
90081,586,1166,4,1529900280
90082,586,1167,5,1529900250
90083,586,1471,4,1529901432
90084,586,1485,4,1529901607
90085,586,102,5,1529900271
90086,586,365,4,1529901496
90087,586,728,4,1529900158
90088,586,1501,3,1529899386
90089,586,234,5,1529901347
90090,586,730,4,1529901920
90091,586,4220,4,1529902009
90092,586,1777,3,1529899164
90093,586,836,5,1529901327
90094,586,122,2,1529899290
90095,586,127,4,1529899373
90096,586,145,3,1529899968
90097,586,150,5,1529899159
90098,586,1607,4,1529901832
90099,586,1115,5,1529899342
90100,586,167,5,1529899309
90101,586,173,3,1529901442
90102,586,402,3,1529899276
90103,586,188,4,1529903482
90104,586,1183,4,1529902606
90105,586,736,4,1529899943
90106,586,204,4,1529899247
90107,586,416,5,1529903239
90108,586,215,4,1529901727
90109,586,220,5,1529899284
90110,586,1016,5,1529899163
90111,586,229,5,1529899951
90112,586,1799,4,1529902021
90113,586,1803,4,1529903269
90114,586,1877,4,1529902640
90115,586,752,5,1529899525
90116,586,2695,4,1529900292
90117,586,753,4,1529899279
90118,586,754,5,1529899282
90119,586,3327,3,1529899494
90120,586,1199,3,1529899263
90121,586,759,4,1529900253
90122,586,760,4,1529901651
90123,586,2752,3,1529899805
90124,586,1205,4,1529901830
90125,586,765,5,1529899142
90126,586,1853,4,1529901464
90127,586,768,5,1529899913
90128,586,769,4,1529901492
90129,586,1209,4,1529901560
90130,586,771,5,1529899560
90131,586,774,3,1529899259
90132,586,775,5,1529899268
90133,586,780,5,1529899519
90134,586,1049,3,1529899272
90135,586,784,5,1529899252
90136,586,3768,4,1529903475
90137,586,809,4,1529901381
90138,586,1240,5,1529899569
90139,586,810,4,1529899382
90140,586,3778,4,1529901615
90141,586,1895,4,1529899645
90142,586,3379,4,1529899958
90143,586,3383,5,1529899617
90144,586,817,5,1529900275
90145,586,818,5,1529903247
90146,586,2128,5,1529899824
90147,586,1053,5,1529903062
90148,586,3403,4,1529899402
90149,586,2519,4,1529899314
90150,586,903,4,1529899650
90151,586,6281,4,1529901399
90152,586,5968,4,1529901595
90153,586,239,4,1529899285
90154,586,1055,5,1529903173
90155,586,1912,5,1529899854
90156,586,3080,4,1529900217
90157,586,1283,5,1529903162
90158,586,1056,5,1529903056
90159,586,3445,5,1529899621
90160,586,1057,5,1529903293
90161,586,2387,4,1529899655
90162,586,3452,4,1529899870
90163,586,241,4,1529899358
90164,586,916,5,1529903132
90165,586,1921,3,1529899629
90166,586,1063,4,1529899553
90167,586,926,3,1529899363
90168,586,927,4,1529900138
90169,586,243,3,1529899949
90170,586,1926,5,1529899334
90171,586,1313,5,1529899964
90172,586,1134,4,1529903138
90173,586,932,5,1529899384
90174,586,4174,4,1529903653
90175,586,935,3,1529899591
90176,586,936,4,1529903135
90177,586,6033,4,1529899985
90178,586,3847,4,1529903393
90179,586,3851,5,1529903472
90180,586,1327,5,1529899912
90181,586,941,5,1529899400
90182,586,7832,4,1529901521
90183,586,1067,4,1529899288
90184,586,1068,3,1529899582
90185,586,250,4,1529899306
90186,586,1944,4,1529899540
90187,586,3526,5,1529901343
90188,586,7166,4,1529903223
90189,586,947,5,1529899341
90190,586,949,4,1529900260
90191,586,951,3,1529899579
90192,586,3098,5,1529903426
90193,586,2829,4,1529899371
90194,586,5013,5,1529899506
90195,586,1343,4,1529899331
90196,586,5646,3,1529901471
90197,586,4564,5,1529899573
90198,586,6101,4,1529903321
90199,586,1346,4,1529899493
90200,586,1347,4,1529899537
90201,586,1959,5,1529899355
90202,586,955,4,1529899328
90203,586,3104,4,1529901385
90204,586,1354,3,1529899511
90205,586,959,5,1529903235
90206,586,960,5,1529899352
90207,586,1981,4,1529903169
90208,586,1075,5,1529899366
90209,586,1986,4,1529901673
90210,586,1357,4,1529899367
90211,586,2536,3,1529899554
90212,586,1991,4,1529899852
90213,586,1078,5,1529899249
90214,586,1363,4,1529899832
90215,586,2004,5,1529899644
90216,586,3114,5,1529899513
90217,586,4716,5,1529900178
90218,586,6034,4,1529901322
90219,586,1081,5,1529899311
90220,586,4797,4,1529903431
90221,586,2009,5,1529899587
90222,586,1367,4,1529899562
90223,586,1082,4,1529899267
90224,586,5450,5,1529899365
90225,586,2135,4,1529899171
90226,586,2136,4,1529899181
90227,586,1368,5,1529899134
90228,586,1369,5,1529899316
90229,586,1083,5,1529899308
90230,586,1084,4,1529903346
90231,586,1370,5,1529899317
90232,586,3938,4,1529899897
90233,586,1085,2,1529899322
90234,586,1086,5,1529903054
90235,586,2016,5,1529899369
90236,586,4593,4,1529899792
90237,586,1372,4,1529899534
90238,586,8914,5,1529899945
90239,586,2864,5,1529903200
90240,586,1089,5,1529903052
90241,586,1387,5,1529899576
90242,586,1390,4,1529903150
90243,586,4625,5,1529899305
90244,586,1092,4,1529899283
90245,586,2749,3,1529903061
90246,586,2035,4,1529899529
90247,586,1393,5,1529899336
90248,586,4630,5,1529900261
90249,586,5037,4,1529899377
90250,586,6901,4,1529899830
90251,586,2137,2,1529899177
90252,586,4027,4,1529899170
90253,586,3131,5,1529899531
90254,586,2139,4,1529899179
90255,586,3136,5,1529899556
90256,587,1,5,953137847
90257,587,488,4,953138510
90258,587,292,4,953138653
90259,587,293,5,953141417
90260,587,5,5,953141366
90261,587,296,5,953141592
90262,587,525,4,953138865
90263,587,465,3,953140530
90264,587,548,3,953138273
90265,587,15,4,953138131
90266,587,561,5,953139541
90267,587,569,4,953140266
90268,587,17,5,953141880
90269,587,600,4,953142126
90270,587,310,4,953138160
90271,587,471,3,953139619
90272,587,311,4,953138446
90273,587,21,4,953138612
90274,587,314,3,953138375
90275,587,1410,4,953139700
90276,587,473,4,953138831
90277,587,633,4,953140502
90278,587,637,4,953138612
90279,587,638,4,953140411
90280,587,654,4,953138510
90281,587,28,5,953139233
90282,587,476,5,953141680
90283,587,478,4,953142295
90284,587,322,4,953138926
90285,587,671,5,953138653
90286,587,33,5,953141749
90287,587,481,4,953139302
90288,587,675,5,953141841
90289,587,3691,4,953139766
90290,587,691,3,953140530
90291,587,699,2,953140292
90292,587,702,4,953138201
90293,587,330,4,953138131
90294,587,335,4,953137911
90295,587,1098,3,953136939
90296,587,1441,4,953138331
90297,587,1444,4,953138201
90298,587,2665,4,953139000
90299,587,863,4,953138012
90300,587,61,4,953138227
90301,587,342,4,953138012
90302,587,343,4,953138446
90303,587,62,4,953137743
90304,587,346,5,953141521
90305,587,3170,5,953141925
90306,587,725,4,953142065
90307,587,3701,4,953140091
90308,587,3499,5,953137693
90309,587,3011,4,953138273
90310,587,1102,5,953136994
90311,587,1106,5,953137777
90312,587,1139,4,953137934
90313,587,2900,4,953137813
90314,587,1453,4,953138576
90315,587,2901,4,953137777
90316,587,83,1,953137693
90317,587,356,4,953137911
90318,587,86,5,953137847
90319,587,3283,4,953138131
90320,587,270,5,953142030
90321,587,866,5,953138160
90322,587,1464,1,953136994
90323,587,1166,4,953142126
90324,587,1468,3,953139907
90325,587,271,4,953142126
90326,587,1469,4,953142126
90327,587,1470,4,953142126
90328,587,1167,4,953142126
90329,587,1140,4,953142126
90330,587,1471,4,953142126
90331,587,1474,3,953138653
90332,587,3224,3,953140384
90333,587,1168,5,953142242
90334,587,102,4,953138475
90335,587,365,4,953141631
90336,587,1500,4,953139233
90337,587,366,4,953138476
90338,587,2088,5,953139541
90339,587,1515,1,953137041
90340,587,2398,4,953140362
90341,587,372,4,953138376
90342,587,5055,4,953138831
90343,587,4175,5,953139541
90344,587,118,4,953138510
90345,587,1034,4,953139113
90346,587,992,4,953139302
90347,587,1777,4,953141998
90348,587,120,4,953140064
90349,587,126,3,953139965
90350,587,272,4,953138576
90351,587,1564,4,953138510
90352,587,1572,4,953138576
90353,587,386,3,953138957
90354,587,2151,5,953139432
90355,587,5057,5,953139907
90356,587,1581,4,953138273
90357,587,5058,3,953139541
90358,587,6381,4,953140719
90359,587,3027,4,953137911
90360,587,838,1,953137813
90361,587,1594,3,953138376
90362,587,392,5,953137813
90363,587,393,5,953142185
90364,587,2575,5,953138082
90365,587,1607,4,953142126
90366,587,1609,5,953137911
90367,587,155,4,953139030
90368,587,1610,4,953139113
90369,587,5548,5,953138900
90370,587,5770,4,953140064
90371,587,160,4,953139030
90372,587,3292,4,953140332
90373,587,1627,1,953139269
90374,587,167,4,953141652
90375,587,2582,1,953140626
90376,587,1632,5,953141716
90377,587,1635,3,953139667
90378,587,178,5,953138576
90379,587,181,5,953138420
90380,587,1865,4,953140266
90381,587,2685,4,953136994
90382,587,8915,4,953139233
90383,587,5065,4,953139828
90384,587,183,5,953138300
90385,587,185,5,953137693
90386,587,1662,3,953138201
90387,587,407,4,953139233
90388,587,1180,4,953137911
90389,587,410,4,953137911
90390,587,198,4,953137847
90391,587,2157,5,953138396
90392,587,1684,5,953142269
90393,587,736,4,953137743
90394,587,5072,4,953140362
90395,587,416,5,953139667
90396,587,4177,4,953139728
90397,587,2202,5,953141970
90398,587,420,3,953139828
90399,587,1706,5,953138576
90400,587,2403,4,953138131
90401,587,2930,3,953137416
90402,587,5611,4,953137569
90403,587,8916,4,953137509
90404,587,5148,5,953137569
90405,587,5735,3,953137197
90406,587,8917,4,953137479
90407,587,1717,5,953137569
90408,587,1718,1,953137149
90409,587,3038,4,953137453
90410,587,1144,4,953137328
90411,587,5567,4,953137328
90412,587,5612,3,953137328
90413,587,215,4,953137328
90414,587,8918,4,953137328
90415,587,216,1,953137416
90416,587,2159,5,953137416
90417,587,5081,4,953137416
90418,587,3506,3,953137453
90419,587,5550,4,953137453
90420,587,1722,4,953137197
90421,588,2,3,839317471
90422,588,3,5,839316454
90423,588,487,3,839316215
90424,588,491,4,839316454
90425,588,3605,2,839317230
90426,588,292,3,839316350
90427,588,494,3,839317568
90428,588,496,3,839316993
90429,588,462,2,839316709
90430,588,5993,3,839316637
90431,588,4,3,839316278
90432,588,5,5,839316659
90433,588,8,5,839316241
90434,588,2165,3,839317076
90435,588,464,3,839316050
90436,588,531,4,839316184
90437,588,11,3,839317316
90438,588,532,4,839316092
90439,588,2070,4,839317272
90440,588,540,1,839316215
90441,588,3001,3,839317286
90442,588,547,2,839317108
90443,588,550,2,839316215
90444,588,554,1,839317437
90445,588,13,5,839317085
90446,588,558,3,839316350
90447,588,14,2,839316145
90448,588,466,2,839316215
90449,588,585,3,839316241
90450,588,588,3,839316184
90451,588,17,5,839316050
90452,588,470,4,839316278
90453,588,18,2,839316145
90454,588,233,5,839316184
90455,588,19,4,839317014
90456,588,471,3,839316092
90457,588,20,4,839316092
90458,588,609,3,839317559
90459,588,21,3,839316241
90460,588,472,3,839316278
90461,588,23,1,839316350
90462,588,473,3,839316050
90463,588,2167,4,839316454
90464,588,1156,3,839316425
90465,588,634,3,839316184
90466,588,639,3,839316278
90467,588,26,5,839316184
90468,588,27,3,839316241
90469,588,29,4,839316637
90470,588,479,3,839316350
90471,588,33,3,839316050
90472,588,34,2,839316049
90473,588,35,5,839316145
90474,588,41,4,839316797
90475,588,4043,3,839316954
90476,588,1160,5,839316600
90477,589,496,5,856038816
90478,589,462,5,856038894
90479,589,1094,5,856043304
90480,589,464,4,856043430
90481,589,531,3,856045612
90482,589,540,3,856045612
90483,589,1024,3,856043369
90484,589,14,4,856046112
90485,589,15,4,856043305
90486,589,2425,5,856043304
90487,589,584,4,856043430
90488,589,17,5,856045408
90489,589,470,3,856043369
90490,589,233,5,856043369
90491,589,604,5,856043369
90492,589,310,4,856042931
90493,589,609,3,856045408
90494,589,21,5,856043369
90495,589,314,4,856042931
90496,589,4893,4,856045612
90497,589,973,5,856038969
90498,589,639,4,856043430
90499,589,2169,4,856045612
90500,589,657,4,856043304
90501,589,320,4,856042931
90502,589,29,5,856043304
90503,589,975,3,856043430
90504,589,477,3,856042931
90505,589,828,3,856046112
90506,589,671,5,856043304
90507,589,33,5,856043304
90508,589,35,5,856045407
90509,589,41,2,856038894
90510,589,42,5,856038815
90511,589,43,5,856038815
90512,589,1431,4,856038969
90513,589,344,4,856045408
90514,589,65,3,856045811
90515,589,66,4,856043430
90516,589,1006,1,856044288
90517,590,1,4,1258420408
90518,590,482,2,1258420835
90519,590,2,3,1258416995
90520,590,484,2,1258421220
90521,590,3,3,1258420706
90522,590,487,3,1258420600
90523,590,488,3,1258419975
90524,590,492,3,1258418302
90525,590,493,2,1258420848
90526,590,293,3,1258420444
90527,590,462,3,1258420766
90528,590,4,3,1258420506
90529,590,5,4,1264910688
90530,590,519,3,1258416985
90531,590,8,4,1258420384
90532,590,1094,4,1260379976
90533,590,464,4,1258416681
90534,590,465,2,1258416677
90535,590,531,4,1258420680
90536,590,11,3,1266472591
90537,590,532,3,1266472448
90538,590,533,3,1258421429
90539,590,541,2,1258419966
90540,590,1024,2,1258422888
90541,590,545,2,1258416975
90542,590,12,2,1258422557
90543,590,14,2,1258420566
90544,590,16,5,1258416665
90545,590,581,3,1258422344
90546,590,17,4,1258420369
90547,590,591,3,1258415303
90548,590,598,3,1258416947
90549,590,233,4,1258416487
90550,590,600,3,1258420604
90551,590,19,2,1258422218
90552,590,605,3,1258420719
90553,590,471,3,1258420495
90554,590,20,3,1258420549
90555,590,609,2,1258416941
90556,590,613,2,1258422287
90557,590,21,5,1258416659
90558,590,617,2,1258418989
90559,590,472,4,1258417725
90560,590,23,3,1258419667
90561,590,315,3,1258420987
90562,590,619,2,1258421164
90563,590,622,3,1258420459
90564,590,1411,2,1258417374
90565,590,473,3,1258420437
90566,590,631,2,1267150909
90567,590,1156,4,1260491595
90568,590,635,2,1266472609
90569,590,637,4,1258416654
90570,590,26,4,1258420419
90571,590,27,4,1258420379
90572,590,653,3,1266472615
90573,590,28,2,1258420556
90574,590,657,4,1258420937
90575,590,660,3,1258419941
90576,590,661,4,1258415247
90577,590,29,5,1258416466
90578,590,1095,4,1258416649
90579,590,1420,3,1266472517
90580,590,31,3,1258421379
90581,590,32,4,1258421079
90582,590,1158,3,1258419936
90583,590,2501,2,1258419931
90584,590,828,3,1258417720
90585,590,323,4,1258416644
90586,590,479,4,1258416631
90587,590,33,3,1258420432
90588,590,34,3,1258420402
90589,590,35,3,1258420374
90590,590,480,5,1258416935
90591,590,324,4,1258420518
90592,590,36,4,1264910831
90593,590,481,3,1258420561
90594,590,37,4,1258420449
90595,590,38,3,1258419662
90596,590,40,3,1258422347
90597,590,41,3,1258420571
90598,590,42,2,1258420533
90599,590,723,4,1258416504
90600,590,690,2,1258422193
90601,590,43,4,1258417707
90602,590,1026,1,1258421121
90603,590,1430,1,1258418262
90604,590,1431,2,1258420884
90605,590,696,2,1258427245
90606,590,2444,3,1258421509
90607,590,701,2,1258427084
90608,590,706,3,1258421549
90609,590,1028,5,1258416477
90610,590,330,4,1258783102
90611,590,1438,4,1258421384
90612,590,333,5,1258419557
90613,590,334,5,1258418252
90614,590,2754,4,1258783119
90615,590,335,5,1258418246
90616,590,336,5,1258416487
90617,590,1098,4,1258421525
90618,590,265,4,1258419920
90619,590,1441,3,1267150894
90620,590,45,5,1258420814
90621,590,337,5,1258416931
90622,590,1442,3,1267152159
90623,590,831,4,1266389913
90624,590,46,4,1258416926
90625,590,724,5,1258420784
90626,590,3543,4,1258416492
90627,590,3053,4,1258783096
90628,590,338,4,1258426687
90629,590,1444,4,1258418959
90630,590,47,5,1258417339
90631,590,3008,4,1258426669
90632,590,3009,4,1264794190
90633,590,2395,5,1258421308
90634,590,49,5,1258418954
90635,590,3010,4,1258418946
90636,590,3169,3,1258415259
90637,590,2143,4,1258418242
90638,590,1770,3,1258426933
90639,590,1771,3,1258417326
90640,590,1161,3,1267238200
90641,590,1774,4,1258422411
90642,590,2446,3,1258416920
90643,590,863,3,1258421323
90644,590,57,4,1258426923
90645,590,1775,4,1258418231
90646,590,1135,4,1258420659
90647,590,61,3,1258420632
90648,590,343,4,1258416915
90649,590,344,4,1258422232
90650,590,345,4,1258423180
90651,590,63,4,1258416629
90652,590,64,3,1258421124
90653,590,65,2,1258421595
90654,590,266,2,1258422694
90655,590,66,4,1258420584
90656,590,725,3,1258420879
90657,590,267,3,1267152152
90658,590,67,3,1265316357
90659,590,68,3,1258419551
90660,590,1100,3,1258419577
90661,590,1102,4,1258416482
90662,590,69,5,1258420454
90663,590,70,4,1258416624
90664,590,71,5,1258416451
90665,590,1029,4,1258420736
90666,590,1103,4,1297830384
90667,590,352,5,1258416446
90668,590,2396,4,1258421500
90669,590,72,3,1258420840
90670,590,1104,5,1258416898
90671,590,73,4,1258416620
90672,590,74,4,1258420427
90673,590,1163,4,1258415372
90674,590,75,4,1258420771
90675,590,76,4,1258420654
90676,590,77,5,1258420975
90677,590,78,4,1258420940
90678,590,1137,5,1258416472
90679,590,1138,3,1258422376
90680,590,2416,4,1258429516
90681,590,2079,4,1258421363
90682,590,1139,4,1258419911
90683,590,82,4,1258420596
90684,590,2397,4,1258419905
90685,590,1165,4,1297830426
90686,590,726,3,1258420954
90687,590,865,4,1258421072
90688,590,2082,4,1258426702
90689,590,355,5,1258421435
90690,590,1107,3,1258418213
90691,590,2176,5,1258415385
90692,590,3012,4,1258417306
90693,590,84,4,1258420875
90694,590,356,3,1264794736
90695,590,2145,4,1258419899
90696,590,85,4,1258416614
90697,590,357,4,1258421353
90698,590,1455,3,1297830317
90699,590,86,4,1258420500
90700,590,269,4,1258415165
90701,590,1111,5,1258416903
90702,590,88,4,1258416893
90703,590,359,5,1258417293
90704,590,2085,3,1258419516
90705,590,2146,4,1258422460
90706,590,360,3,1258421115
90707,590,90,4,1258420639
90708,590,3000,4,1258422330
90709,590,270,4,1258421494
90710,590,2178,3,1258783171
90711,590,361,4,1258416888
90712,590,866,3,1258420830
90713,590,2751,2,1258422116
90714,590,1461,4,1258421620
90715,590,4894,3,1258429542
90716,590,1464,3,1258416883
90717,590,2903,3,1258423190
90718,590,1166,4,1258416609
90719,590,977,4,1258421269
90720,590,1467,2,1258417286
90721,590,1468,3,1266472847
90722,590,271,2,1258419866
90723,590,1469,4,1258421556
90724,590,1470,2,1258415276
90725,590,1167,4,1264910706
90726,590,1140,3,1267238540
90727,590,1471,3,1267238545
90728,590,93,2,1258421469
90729,590,1474,3,1258421067
90730,590,979,3,1258428963
90731,590,2147,4,1258420853
90732,590,2668,3,1258417688
90733,590,362,2,1258421023
90734,590,2420,3,1258420820
90735,590,1476,2,1258421009
90736,590,1483,1,1258417674
90737,590,1485,2,1258422073
90738,590,99,3,1258416603
90739,590,1031,3,1258416593
90740,590,1168,3,1258421215
90741,590,100,3,1258421250
90742,590,1492,2,1258422407
90743,590,1494,2,1258419856
90744,590,102,3,1258420589
90745,590,727,3,1258419657
90746,590,103,3,1258428395
90747,590,365,3,1258419847
90748,590,984,3,1258418193
90749,590,728,4,1258419652
90750,590,104,3,1258420649
90751,590,366,4,1258418182
90752,590,107,2,1267237482
90753,590,1501,3,1258419842
90754,590,1032,3,1258421018
90755,590,1504,3,1258416870
90756,590,108,2,1258421157
90757,590,1510,2,1258421609
90758,590,5998,1,1267150864
90759,590,1512,2,1267151464
90760,590,988,3,1258416578
90761,590,1514,2,1258418177
90762,590,109,4,1258421003
90763,590,110,2,1258419837
90764,590,2399,3,1258417269
90765,590,996,3,1258421482
90766,590,1532,3,1258417264
90767,590,731,2,1258418170
90768,590,379,2,1258418163
90769,590,2401,5,1258417259
90770,590,380,4,1258422552
90771,590,5055,3,1266390340
90772,590,4899,4,1258429294
90773,590,2039,3,1258422397
90774,590,116,4,1258421257
90775,590,3501,4,1260490937
90776,590,1171,4,1258420730
90777,590,3503,4,1258415115
90778,590,6177,3,1267238107
90779,590,4062,2,1267236885
90780,590,2999,4,1258417253
90781,590,2905,4,1258418138
90782,590,118,3,1258418150
90783,590,119,4,1258422295
90784,590,1777,3,1258418127
90785,590,3547,4,1266473216
90786,590,836,3,1258420964
90787,590,120,3,1258420912
90788,590,5199,2,1258420216
90789,590,5303,3,1267152088
90790,590,837,3,1258421624
90791,590,122,4,1258420540
90792,590,127,3,1258416857
90793,590,6450,3,1266390133
90794,590,384,3,1258422526
90795,590,128,4,1258422540
90796,590,272,3,1258426872
90797,590,1035,4,1258416854
90798,590,1560,3,1267152081
90799,590,1779,3,1258418873
90800,590,1036,4,1258422975
90801,590,133,3,1258426941
90802,590,998,3,1258418120
90803,590,135,3,1258416848
90804,590,1569,2,1258417227
90805,590,137,3,1258426881
90806,590,2040,4,1266472913
90807,590,142,2,1258420892
90808,590,5200,3,1267421753
90809,590,2908,3,1258429128
90810,590,388,4,1258783020
90811,590,143,3,1258422436
90812,590,1141,4,1258421129
90813,590,3026,4,1267151163
90814,590,145,4,1258419814
90815,590,146,3,1258419808
90816,590,147,3,1258418105
90817,590,838,4,1267152066
90818,590,2402,3,1258420200
90819,590,1594,4,1258421171
90820,590,1597,3,1258418110
90821,590,392,4,1258421107
90822,590,148,3,1258418095
90823,590,149,1,1258418866
90824,590,3290,3,1258418855
90825,590,1603,3,1258420171
90826,590,1861,1,1258418851
90827,590,153,2,1267236901
90828,590,1607,2,1258415228
90829,590,1609,4,1258417637
90830,590,4147,5,1258417222
90831,590,1864,3,1258417217
90832,590,155,3,1258421185
90833,590,1173,4,1267238430
90834,590,1174,3,1258418825
90835,590,1175,2,1267150842
90836,590,1176,1,1267238449
90837,590,1177,4,1258416841
90838,590,999,3,1258420182
90839,590,1178,2,1258417212
90840,590,274,3,1266472700
90841,590,1618,3,1258416819
90842,590,160,3,1258421475
90843,590,165,5,1258418081
90844,590,2153,3,1258428340
90845,590,1627,3,1258416814
90846,590,1010,2,1258422511
90847,590,166,3,1260995306
90848,590,1784,4,1258417201
90849,590,167,4,1258419539
90850,590,399,3,1258421204
90851,590,1632,3,1258415217
90852,590,171,3,1258418063
90853,590,172,2,1258429919
90854,590,173,4,1258419800
90855,590,174,4,1258415193
90856,590,1636,2,1258418814
90857,590,1637,2,1267150833
90858,590,177,3,1267152630
90859,590,178,3,1258421340
90860,590,3295,4,1258427492
90861,590,2925,3,1267236872
90862,590,400,2,1258416583
90863,590,1003,1,1258422402
90864,590,1641,3,1266472600
90865,590,734,2,1258419789
90866,590,1179,2,1258416588
90867,590,181,4,1258419647
90868,590,735,2,1258422646
90869,590,1865,2,1258418054
90870,590,3296,4,1258418791
90871,590,402,3,1258420545
90872,590,403,3,1258422166
90873,590,405,3,1258419795
90874,590,2587,3,1258420137
90875,590,183,4,1258416809
90876,590,1653,4,1258418048
90877,590,185,3,1258420464
90878,590,2591,3,1258418782
90879,590,5066,4,1258420125
90880,590,2592,3,1258415207
90881,590,2189,3,1258422656
90882,590,1667,3,1260910900
90883,590,188,3,1258420900
90884,590,1180,4,1258420863
90885,590,4880,4,1266390190
90886,590,189,4,1258416807
90887,590,190,4,1258419780
90888,590,191,4,1258427596
90889,590,192,4,1258427610
90890,590,1181,4,1297830387
90891,590,1182,2,1258417186
90892,590,193,3,1258416553
90893,590,194,3,1258421303
90894,590,195,3,1258420825
90895,590,1866,2,1258428252
90896,590,196,3,1258427935
90897,590,197,3,1258418764
90898,590,199,4,1258416797
90899,590,200,3,1258426903
90900,590,1676,4,1258429398
90901,590,1142,3,1266472818
90902,590,201,2,1258418028
90903,590,203,4,1258418759
90904,590,1682,2,1267150813
90905,590,4155,3,1258418754
90906,590,1183,3,1258421450
90907,590,1684,3,1258415140
90908,590,3139,4,1258418748
90909,590,2595,3,1267150772
90910,590,1689,1,1258417167
90911,590,204,4,1258418013
90912,590,2929,3,1258418008
90913,590,416,2,1258421316
90914,590,1788,3,1258426973
90915,590,2687,4,1258429212
90916,590,1696,2,1258417161
90917,590,209,3,1258416785
90918,590,1697,3,1258418735
90919,590,418,4,1258422304
90920,590,2201,4,1264910831
90921,590,1185,4,1258427576
90922,590,3037,3,1297830289
90923,590,2205,4,1258420110
90924,590,1706,4,1258422917
90925,590,2494,3,1258429289
90926,590,2403,3,1260751766
90927,590,421,4,1258429313
90928,590,211,3,1258415288
90929,590,1712,4,1264910840
90930,590,1714,3,1258427027
90931,590,1717,3,1258421463
90932,590,1718,3,1258419759
90933,590,1144,4,1258416498
90934,590,1790,3,1258418710
90935,590,212,2,1258418714
90936,590,216,3,1267150739
90937,590,2159,4,1264194102
90938,590,3506,4,1258429181
90939,590,1722,4,1258421298
90940,590,218,3,1258416757
90941,590,1039,3,1258419754
90942,590,3066,4,1258417154
90943,590,3041,3,1267421732
90944,590,424,4,1258427311
90945,590,2160,3,1258428513
90946,590,219,3,1258416752
90947,590,1737,3,1258418701
90948,590,2606,4,1258422521
90949,590,220,4,1258416547
90950,590,738,2,1258421057
90951,590,1014,3,1258419738
90952,590,1868,3,1258428046
90953,590,1869,3,1258418682
90954,590,1870,2,1258428713
90955,590,222,2,1258427891
90956,590,2161,4,1260490826
90957,590,223,3,1258422316
90958,590,1145,3,1297830301
90959,590,1123,3,1297830428
90960,590,224,3,1258422516
90961,590,225,3,1258419733
90962,590,1750,2,1258423211
90963,590,2764,4,1267421798
90964,590,4273,4,1265316399
90965,590,1187,3,1258419727
90966,590,1016,4,1258416747
90967,590,1795,2,1266472734
90968,590,1188,1,1258422604
90969,590,229,3,1258419642
90970,590,1018,3,1258428886
90971,590,2163,3,1264193749
90972,590,5135,1,1258417588
90973,590,1872,3,1258427888
90974,590,739,2,1258420090
90975,590,6466,4,1258419424
90976,590,429,3,1260995327
90977,590,1797,2,1258421200
90978,590,8213,3,1266390152
90979,590,2512,2,1267150729
90980,590,741,2,1266472548
90981,590,4493,1,1258420084
90982,590,2209,3,1258420078
90983,590,1873,2,1267238654
90984,590,1800,2,1258423185
90985,590,742,2,1258421445
90986,590,432,3,1258420748
90987,590,1022,4,1258421293
90988,590,3310,1,1258417119
90989,590,743,2,1258416770
90990,590,1043,3,1258421047
90991,590,1805,2,1258422505
90992,590,437,4,1258421033
90993,590,2616,4,1258417096
90994,590,2210,4,1258419414
90995,590,2622,1,1258419400
90996,590,7474,2,1267237382
90997,590,445,3,1266472486
90998,590,447,2,1258417984
90999,590,4495,1,1266473088
91000,590,1191,4,1258417972
91001,590,2941,3,1258419369
91002,590,1812,2,1258417967
91003,590,1813,3,1258428638
91004,590,745,4,1258419637
91005,590,746,2,1258422909
91006,590,2628,4,1258415334
91007,590,1814,3,1258428933
91008,590,2634,4,1258422872
91009,590,1816,2,1267150717
91010,590,1817,1,1258420067
91011,590,5156,4,1258429104
91012,590,868,3,1258416741
91013,590,1877,3,1258417084
91014,590,1878,3,1267237856
91015,590,845,3,1258417079
91016,590,1146,3,1258422637
91017,590,3249,3,1258417567
91018,590,2647,4,1258420047
91019,590,748,2,1258422631
91020,590,3321,3,1267151038
91021,590,1880,2,1258418626
91022,590,8919,3,1267237363
91023,590,1823,1,1258416735
91024,590,1825,3,1258419714
91025,590,6006,3,1258417950
91026,590,1195,2,1258417076
91027,590,3323,2,1258417071
91028,590,2123,3,1258427324
91029,590,751,3,1258420052
91030,590,1125,3,1260490920
91031,590,2513,2,1258417063
91032,590,458,3,1258421231
91033,590,4159,3,1258419334
91034,590,753,3,1258417935
91035,590,2696,0,1258417559
91036,590,754,4,1258420625
91037,590,755,4,1258416711
91038,590,2220,3,1258422370
91039,590,1834,3,1264194122
91040,590,3326,3,1265316352
91041,590,2124,3,1258427876
91042,590,3645,3,1258418605
91043,590,4955,3,1258417927
91044,590,1837,3,1267151776
91045,590,756,4,1258417922
91046,590,1198,2,1267150640
91047,590,1842,3,1258417917
91048,590,2701,2,1258418600
91049,590,1843,1,1267151770
91050,590,757,3,1258420945
91051,590,758,3,1258417905
91052,590,1845,3,1267237826
91053,590,6216,1,1258417523
91054,590,1199,3,1258421142
91055,590,3558,3,1267151749
91056,590,759,3,1258420859
91057,590,2477,2,1267151741
91058,590,760,2,1258422488
91059,590,7131,1,1258417885
91060,590,848,1,1258417879
91061,590,762,3,1258422363
91062,590,5870,3,1267150982
91063,590,1203,3,1258422483
91064,590,1850,3,1258418579
91065,590,764,3,1258421536
91066,590,852,2,1258428453
91067,590,1205,2,1258429756
91068,590,765,5,1258416542
91069,590,857,3,1264618888
91070,590,766,3,1258417855
91071,590,1854,2,1267236815
91072,590,1855,2,1267152495
91073,590,3189,2,1258420034
91074,590,5210,1,1258419288
91075,590,2233,2,1258420029
91076,590,1857,2,1258419279
91077,590,768,3,1258421404
91078,590,8292,3,1258430066
91079,590,769,3,1258421238
91080,590,1209,2,1258422955
91081,590,876,3,1258420970
91082,590,1210,3,1258422599
91083,590,4978,4,1258427330
91084,590,770,2,1258420024
91085,590,2235,3,1258422933
91086,590,771,4,1258420924
91087,590,2237,3,1258418488
91088,590,5778,4,1258783162
91089,590,3335,3,1258426928
91090,590,3753,3,1266473634
91091,590,4180,3,1267151315
91092,590,1214,4,1258429186
91093,590,772,3,1258419702
91094,590,1148,4,1258417839
91095,590,235,4,1258421062
91096,590,773,2,1258422247
91097,590,3195,2,1258427137
91098,590,878,3,1266390310
91099,590,2243,3,1258427486
91100,590,2245,2,1258417038
91101,590,4885,3,1264906548
91102,590,5780,4,1258426677
91103,590,4241,3,1258417834
91104,590,5781,4,1266473652
91105,590,8338,3,1258427010
91106,590,5782,3,1264794252
91107,590,4982,3,1258427319
91108,590,3143,4,1258417464
91109,590,774,3,1258422493
91110,590,1218,3,1258422276
91111,590,775,4,1258420756
91112,590,4983,2,1258417454
91113,590,5784,4,1258783214
91114,590,4984,3,1258428124
91115,590,3269,2,1258428917
91116,590,4185,2,1267150964
91117,590,1222,2,1258417031
91118,590,7322,4,1267152394
91119,590,1048,4,1258421245
91120,590,886,3,1267150598
91121,590,1884,3,1258427656
91122,590,1885,2,1258428176
91123,590,1886,2,1266473172
91124,590,8386,4,1258418451
91125,590,3145,4,1264910957
91126,590,8398,4,1258418446
91127,590,779,3,1266472664
91128,590,780,4,1258422259
91129,590,3146,3,1258417026
91130,590,5525,4,1264193605
91131,590,887,2,1267150589
91132,590,783,3,1258421440
91133,590,1049,3,1258422950
91134,590,784,3,1258427665
91135,590,3351,2,1267236744
91136,590,3760,0,1258417797
91137,590,5894,2,1267151625
91138,590,2266,3,1264793942
91139,590,795,4,1258416706
91140,590,796,3,1267150957
91141,590,798,2,1258428245
91142,590,5529,4,1266390184
91143,590,7779,2,1258427173
91144,590,8638,3,1258427109
91145,590,1232,3,1258427557
91146,590,1235,3,1258427631
91147,590,2050,4,1258417789
91148,590,891,4,1267421716
91149,590,1237,3,1258427035
91150,590,2283,4,1258419593
91151,590,893,3,1258419998
91152,590,807,4,1258421584
91153,590,2286,4,1267236684
91154,590,809,3,1258429912
91155,590,1240,3,1258427076
91156,590,810,4,1266472415
91157,590,812,2,1258419993
91158,590,3216,3,1258418367
91159,590,1241,2,1258428482
91160,590,2127,2,1258419697
91161,590,5247,3,1258419135
91162,590,814,3,1267150578
91163,590,1249,3,1260490848
91164,590,2299,3,1267150568
91165,590,1894,3,1267236679
91166,590,897,3,1258429558
91167,590,1895,3,1258423145
91168,590,2300,3,1258428037
91169,590,816,2,1267151273
91170,590,5937,2,1267151260
91171,590,1251,3,1258419680
91172,590,1254,3,1258417010
91173,590,1896,3,1258428259
91174,590,1897,2,1267150562
91175,590,817,2,1258419983
91176,590,818,3,1258426957
91177,590,1255,3,1258428296
91178,590,821,3,1258429022
91179,590,1257,2,1267152337
91180,590,899,3,1258418358
91181,590,2312,4,1258419113
91182,590,1133,3,1258429475
91183,590,238,4,1258422392
91184,590,2317,4,1258429452
91185,590,1052,3,1258418397
91186,590,824,4,1258422594
91187,590,825,3,1258427897
91188,590,2320,3,1267237745
91189,590,1260,3,1258427986
91190,590,2323,4,1258429393
91191,590,2985,2,1258419091
91192,590,900,3,1258427787
91193,590,2328,3,1258427945
91194,590,2056,3,1258427628
91195,590,3403,3,1258427015
91196,590,3404,4,1258417772
91197,590,2979,3,1258417005
91198,590,1264,2,1258428766
91199,590,2335,2,1258419078
91200,590,1268,3,1258427930
91201,590,2519,4,1297830498
91202,590,903,3,1258427542
91203,590,2987,3,1258427751
91204,590,1272,2,1258418344
91205,590,3420,2,1267236968
91206,590,1275,3,1258417000
91207,590,2059,4,1258429234
91208,590,2062,3,1258429594
91209,590,3594,2,1258428983
91210,590,239,4,1258422583
91211,590,1911,3,1258417421
91212,590,1055,3,1266472391
91213,590,1912,3,1258419048
91214,590,1282,3,1258428605
91215,590,1284,3,1258427954
91216,590,1056,4,1258426852
91217,590,1285,3,1258428550
91218,590,1286,3,1258427756
91219,590,2063,4,1258417750
91220,590,2131,3,1258427981
91221,590,2064,3,1267150554
91222,590,2369,3,1267151572
91223,590,1916,4,1258783233
91224,590,912,3,1267238636
91225,590,1058,4,1258417402
91226,590,2409,4,1258419036
91227,590,1151,3,1258429218
91228,590,1290,3,1258417394
91229,590,241,4,1260379967
91230,590,1152,4,1258427299
91231,590,916,4,1258426822
91232,590,1297,3,1267238361
91233,590,2991,4,1266389863
91234,590,918,4,1297830495
91235,590,1061,4,1266473601
91236,590,2068,3,1297830436
91237,590,922,4,1266389819
91238,590,1922,3,1266389832
91239,590,5271,4,1297830394
91240,590,927,3,1264793973
91241,590,3468,4,1266389801
91242,590,1933,4,1297830456
91243,590,1934,4,1297830490
91244,590,1155,4,1297830258
91245,591,495,2,970525102
91246,591,13,4,970524802
91247,591,16,5,970524685
91248,591,21,4,970524486
91249,591,315,5,970525696
91250,591,3169,2,970525046
91251,591,67,3,970524744
91252,591,74,5,970524400
91253,591,1601,4,970524802
91254,591,1608,3,970525102
91255,591,1609,4,970525168
91256,591,1000,3,970525168
91257,591,1115,2,970525057
91258,591,1010,2,970524816
91259,591,167,5,970524610
91260,591,1002,4,970525046
91261,591,172,5,970524685
91262,591,400,5,970524761
91263,591,1003,4,970524787
91264,591,1179,3,970524744
91265,591,401,2,970524881
91266,591,181,3,970524920
91267,591,1646,2,970524816
91268,591,1865,3,970525133
91269,591,182,4,970524956
91270,591,402,4,970524648
91271,591,403,4,970525244
91272,591,404,3,970524787
91273,591,1658,2,970525226
91274,591,2591,4,970524920
91275,591,6909,2,970524956
91276,591,2594,1,970525102
91277,591,2189,2,970524787
91278,591,193,2,970524881
91279,591,1670,1,970524940
91280,591,198,2,970524761
91281,591,1671,3,970524787
91282,591,736,5,970525244
91283,591,415,2,970525001
91284,591,1121,3,970525001
91285,591,206,3,970525226
91286,591,1695,1,970524881
91287,591,422,4,970524881
91288,591,1012,4,970524920
91289,591,1040,3,970524920
91290,591,220,5,970524619
91291,591,1794,3,970524843
91292,591,738,3,970525021
91293,591,1015,4,970524940
91294,591,229,4,970525255
91295,591,1017,5,970524633
91296,591,1020,3,970526475
91297,591,429,3,972086497
91298,591,740,4,970524567
91299,592,482,4,837350242
91300,592,3,3,837350390
91301,592,487,3,837349966
91302,592,490,4,837350747
91303,592,493,4,837350082
91304,592,292,3,837350081
91305,592,495,4,837350801
91306,592,463,4,837350111
91307,592,972,3,837350308
91308,592,515,3,837350801
91309,592,516,3,837350282
91310,592,8,5,837349998
91311,592,521,3,837350598
91312,592,525,3,837354395
91313,592,526,3,837354148
91314,592,464,5,837349827
91315,592,465,3,837349868
91316,592,528,4,837350308
91317,592,530,3,837350111
91318,592,531,4,837349924
91319,592,11,5,837350419
91320,592,532,3,837349867
91321,592,1405,3,837350176
91322,592,536,1,837350786
91323,592,540,3,837349966
91324,592,545,3,837350221
91325,592,3001,5,837350578
91326,592,547,3,837350260
91327,592,550,4,837349966
91328,592,558,3,837354309
91329,592,14,3,837354238
91330,592,564,2,837351074
91331,592,466,4,837349966
91332,592,580,3,837354148
91333,592,581,3,837354148
91334,592,589,4,837350260
91335,592,17,4,837349829
91336,592,591,3,837354179
91337,592,597,2,837350175
91338,592,18,4,837349901
91339,592,598,4,837350080
91340,592,233,4,837349901
91341,592,1407,3,837350907
91342,592,600,3,837354310
91343,592,19,3,837350330
91344,592,605,5,837349966
91345,592,471,4,837349868
91346,592,20,4,837349868
91347,592,611,4,837350372
91348,592,613,3,837350419
91349,592,21,5,837350034
91350,592,472,5,837350033
91351,592,23,4,837350111
91352,592,315,3,837354433
91353,592,622,3,837350148
91354,592,473,5,837349831
91355,592,627,1,837350877
91356,592,629,1,837350705
91357,592,631,3,837350664
91358,592,1414,3,837350082
91359,592,633,3,837350148
91360,592,634,3,837354311
91361,592,635,3,837350148
91362,592,636,3,837350705
91363,592,1157,4,837350283
91364,592,639,3,837353917
91365,592,26,5,837349924
91366,592,27,5,837350083
91367,592,648,3,837350468
91368,592,649,3,837350814
91369,592,650,4,837350892
91370,592,28,5,837350175
91371,592,2509,3,837350705
91372,592,660,2,837350519
91373,592,4055,4,837350770
91374,592,322,5,837350221
91375,592,665,3,837350631
91376,592,1420,1,837350351
91377,592,32,5,837350197
91378,592,828,4,837350242
91379,592,671,4,837350221
91380,592,323,5,837349868
91381,592,479,5,837350111
91382,592,33,4,837349826
91383,592,34,5,837349824
91384,592,35,5,837349925
91385,592,480,3,837350487
91386,592,324,5,837349901
91387,592,481,3,837350242
91388,592,1422,4,837350539
91389,592,38,4,837350451
91390,592,41,5,837350680
91391,592,43,5,837350932
91392,592,1431,3,837351127
91393,593,461,4,1181008004
91394,593,499,4,1181007216
91395,593,5,4,1181007737
91396,593,8,3,1181007627
91397,593,525,4,1181008333
91398,593,464,3,1181008132
91399,593,14,2,1181008058
91400,593,16,5,1181007473
91401,593,233,4,1181007485
91402,593,605,2,1181008420
91403,593,471,1,1181008137
91404,593,21,4,1181007781
91405,593,314,2,1181008304
91406,593,472,3,1181007903
91407,593,622,2,1181007844
91408,593,28,2,1181007988
91409,593,29,3,1181007696
91410,593,322,4,1181008354
91411,593,323,3,1181007645
91412,593,35,4,1181007635
91413,593,324,3,1181008069
91414,593,37,4,1181007597
91415,593,38,3,1181007861
91416,593,42,2,1181007918
91417,593,43,2,1181007449
91418,593,1028,5,1181007913
91419,593,329,4,1181008767
91420,593,336,5,1181008487
91421,593,265,4,1181007078
91422,593,61,2,1181007969
91423,593,345,3,1181007247
91424,593,350,5,1181007098
91425,593,69,5,1181007435
91426,593,70,1,1181008009
91427,593,74,4,1181007601
91428,593,1137,4,1181008279
91429,593,85,2,1181007950
91430,593,1110,4,1181007072
91431,593,3708,5,1181007164
91432,593,2420,4,1181008337
91433,593,4051,4,1181007196
91434,593,363,3,1181007223
91435,593,2453,4,1181007207
91436,593,102,1,1181007882
91437,593,104,4,1181007796
91438,593,234,3,1181008313
91439,593,2088,3,1181007258
91440,593,988,4,1181007536
91441,593,730,3,1181008169
91442,593,379,3,1181007874
91443,593,382,1,1181008094
91444,593,1572,1,1181007122
91445,593,147,3,1181008449
91446,593,393,4,1181007064
91447,593,1601,2,1181008115
91448,593,1609,5,1181007745
91449,593,167,2,1181008043
91450,593,172,2,1181008458
91451,593,400,1,1181007822
91452,593,1179,2,1181008122
91453,593,183,4,1181008240
91454,593,185,4,1181007561
91455,593,193,4,1181007676
91456,593,277,1,1181007149
91457,593,422,4,1181008362
91458,593,220,5,1181007548
91459,593,1016,2,1181008441
91460,593,229,3,1181007661
91461,593,432,4,1181007440
91462,593,440,3,1181007701
91463,593,745,3,1181007676
91464,593,458,2,1181008039
91465,593,753,2,1181007686
91466,593,1126,3,1181007827
91467,593,1832,2,1181008231
91468,593,754,4,1181007493
91469,593,755,4,1181007958
91470,593,1842,1,1181008350
91471,593,758,1,1181007753
91472,593,764,2,1181007928
91473,593,765,4,1181007502
91474,593,766,2,1181008210
91475,593,3191,5,1181007189
91476,593,876,3,1181007457
91477,593,771,1,1181007588
91478,593,2047,2,1181007721
91479,593,7405,4,1181008653
91480,593,2251,4,1181007253
91481,593,775,4,1181007545
91482,593,780,3,1181007997
91483,593,1228,2,1181008267
91484,593,795,3,1181007510
91485,593,4888,3,1181008663
91486,593,2286,4,1181008384
91487,593,809,3,1181007556
91488,593,1892,2,1181008388
91489,593,2127,4,1181008495
91490,593,1895,2,1181008172
91491,593,1251,4,1181007785
91492,593,1255,1,1181007836
91493,593,2316,3,1181008048
91494,593,824,3,1181007776
91495,593,1267,2,1181007732
91496,594,482,4,1109037094
91497,594,2,4,1108798921
91498,594,488,5,1109036973
91499,594,492,4,1108972872
91500,594,2431,4,1108973143
91501,594,463,4,1115885611
91502,594,501,4,1108973615
91503,594,1401,4,1109038257
91504,594,6,3,1108951120
91505,594,8,5,1109036538
91506,594,524,4,1108973651
91507,594,526,4,1108975153
91508,594,464,3,1109036542
91509,594,528,4,1109038350
91510,594,530,5,1108975463
91511,594,532,4,1109036671
91512,594,541,3,1111977569
91513,594,545,4,1108951281
91514,594,547,4,1108975087
91515,594,550,5,1109036873
91516,594,13,4,1109037031
91517,594,569,5,1108973713
91518,594,466,0,1108950825
91519,594,576,4,1108973606
91520,594,578,3,1108951263
91521,594,8920,4,1108975148
91522,594,586,4,1108973497
91523,594,597,4,1108975162
91524,594,18,4,1109036682
91525,594,598,4,1109037119
91526,594,600,4,1109036731
91527,594,605,5,1109036815
91528,594,472,5,1109036722
91529,594,23,4,1109036766
91530,594,315,4,1108798807
91531,594,622,4,1109036660
91532,594,473,4,1108974434
91533,594,4861,4,1108975452
91534,594,1157,5,1108798761
91535,594,26,4,1109036572
91536,594,27,5,1109036565
91537,594,653,5,1108974423
91538,594,654,4,1108798927
91539,594,320,4,1108798641
91540,594,322,5,1109036787
91541,594,31,5,1108975074
91542,594,828,5,1109036952
91543,594,671,5,1109036771
91544,594,323,4,1109036651
91545,594,479,5,1109036592
91546,594,34,4,1109036549
91547,594,35,5,1109036554
91548,594,480,4,1108798815
91549,594,324,5,1109036676
91550,594,481,5,1109035699
91551,594,38,5,1109036667
91552,594,1159,5,1108798882
91553,594,42,4,1109036715
91554,594,690,4,1109038388
91555,594,43,4,1109036527
91556,594,2427,5,1108975343
91557,594,695,0,1108950841
91558,594,703,5,1115885770
91559,594,1028,4,1109036743
91560,594,45,4,1108798681
91561,594,337,4,1109037759
91562,594,5107,4,1108975294
91563,594,1135,5,1109036966
91564,594,864,4,1109035643
91565,594,350,4,1108972669
91566,594,73,3,1108798893
91567,594,74,4,1109036645
91568,594,76,4,1109036961
91569,594,78,4,1108798899
91570,594,354,4,1108798889
91571,594,82,5,1109036906
91572,594,866,5,1108798598
91573,594,2751,3,1108951110
91574,594,978,4,1109037952
91575,594,2420,5,1109037039
91576,594,1476,0,1108950844
91577,594,2429,4,1108975251
91578,594,1481,4,1108973700
91579,594,6187,5,1108975256
91580,594,981,3,1108974530
91581,594,1031,3,1108798565
91582,594,1494,4,1129084140
91583,594,102,4,1109036895
91584,594,7429,4,1108970935
91585,594,984,4,1109038119
91586,594,985,4,1108975328
91587,594,5709,4,1108975372
91588,594,8921,4,1129084112
91589,594,108,4,1109038125
91590,594,986,4,1115886201
91591,594,5998,4,1138587710
91592,594,988,4,1109036893
91593,594,368,5,1108972364
91594,594,730,3,1108798773
91595,594,2567,5,1108973341
91596,594,996,4,1108975155
91597,594,731,4,1109037826
91598,594,379,4,1108798820
91599,594,4062,3,1108951254
91600,594,118,4,1109037941
91601,594,1034,4,1109038393
91602,594,992,5,1108975130
91603,594,122,4,1109036780
91604,594,127,4,1108974431
91605,594,1778,4,1119928082
91606,594,3288,4,1119928062
91607,594,8922,4,1108972335
91608,594,8923,5,1108975245
91609,594,145,4,1109038079
91610,594,2488,5,1109035861
91611,594,3290,4,1119928040
91612,594,154,4,1109038201
91613,594,1609,4,1109036956
91614,594,274,5,1108973832
91615,594,5837,4,1109038810
91616,594,7259,0,1108950689
91617,594,1623,4,1108974035
91618,594,167,5,1109036795
91619,594,8924,3,1108972405
91620,594,171,3,1108951159
91621,594,172,4,1109036951
91622,594,173,4,1109038068
91623,594,732,5,1108973707
91624,594,1179,3,1109037683
91625,594,181,4,1109037014
91626,594,735,4,1108951287
91627,594,1646,4,1108975337
91628,594,402,4,1109036899
91629,594,7669,5,1108975457
91630,594,1655,5,1108975510
91631,594,2594,5,1108974155
91632,594,194,4,1109038355
91633,594,5129,4,1108975379
91634,594,2686,4,1108974028
91635,594,1184,5,1109035817
91636,594,1700,4,1115885662
91637,594,8925,4,1108976033
91638,594,220,4,1109037101
91639,594,5132,4,1108976036
91640,594,229,4,1109037884
91641,594,2611,4,1108976152
91642,594,1797,4,1111976850
91643,594,1805,5,1112163105
91644,594,1807,4,1108976081
91645,594,3312,5,1108976157
91646,594,2623,5,1108976099
91647,594,8926,4,1108975243
91648,594,1812,4,1108951300
91649,594,8927,4,1108976091
91650,594,7077,0,1108950784
91651,594,8928,3,1108951223
91652,594,6211,4,1108975505
91653,594,8929,0,1108950748
91654,594,3323,5,1108976073
91655,594,8930,3,1108951203
91656,594,459,0,1108950708
91657,594,4953,4,1108975876
91658,594,869,5,1108975920
91659,594,8931,0,1108950693
91660,594,2697,4,1108975891
91661,594,1842,3,1108975824
91662,594,2701,5,1129084200
91663,594,1844,4,1109036148
91664,594,7716,4,1108974463
91665,594,5152,4,1108975786
91666,594,871,4,1108976131
91667,594,8932,4,1108975069
91668,594,5519,0,1108950778
91669,594,872,4,1137982066
91670,594,873,5,1108976125
91671,594,3653,5,1108975863
91672,594,8933,0,1108950679
91673,594,8497,2,1108950718
91674,594,874,5,1108976136
91675,594,1207,4,1129084076
91676,594,768,4,1116577272
91677,594,1209,5,1111977531
91678,594,8934,4,1108975136
91679,594,7573,5,1108975928
91680,594,7308,4,1108975494
91681,594,5778,0,1108950782
91682,594,2960,2,1108950857
91683,594,8935,4,1108951169
91684,594,8936,4,1108975062
91685,594,3259,5,1108951175
91686,594,2719,5,1121758916
91687,594,2962,4,1138587645
91688,594,8937,0,1108950675
91689,594,2777,0,1108950724
91690,594,8938,5,1108974288
91691,594,3262,4,1108975500
91692,594,7721,5,1108975143
91693,594,8939,4,1108972356
91694,594,8940,4,1108975081
91695,594,8941,4,1108975139
91696,594,3266,0,1108950838
91697,594,7772,3,1108973662
91698,594,8942,0,1108950852
91699,594,7001,0,1108950752
91700,594,7317,0,1108950665
91701,594,879,4,1121758783
91702,594,882,5,1108975869
91703,594,3343,4,1137982224
91704,594,8943,4,1115885856
91705,594,1222,0,1108950822
91706,594,7324,4,1108975880
91707,594,6157,0,1108950754
91708,594,4135,0,1108950829
91709,594,8944,0,1108950670
91710,594,8945,4,1108974279
91711,594,8388,0,1108950737
91712,594,3204,0,1108950686
91713,594,8946,0,1108950834
91714,594,8947,4,1108975387
91715,594,2260,4,1108974420
91716,594,8530,4,1108974471
91717,594,8422,0,1108950870
91718,594,8427,0,1108950819
91719,594,888,4,1137994867
91720,594,8106,0,1108950741
91721,594,783,5,1137982172
91722,594,4244,5,1108975896
91723,594,8948,2,1108950862
91724,594,8444,4,1108951196
91725,594,3353,4,1108975669
91726,594,889,5,1108976076
91727,594,892,4,1129084042
91728,595,5,5,938807286
91729,595,308,5,938807394
91730,595,4743,4,938869431
91731,595,320,5,938807350
91732,595,43,4,938807441
91733,595,346,4,938807597
91734,595,1101,4,938869225
91735,595,351,5,938806980
91736,595,88,5,938807198
91737,595,1494,2,938807076
91738,595,2088,3,938869189
91739,595,3022,5,938869348
91740,595,381,4,938869272
91741,595,128,4,938807654
91742,595,393,4,938869480
91743,595,150,4,938807484
91744,595,1609,5,938869135
91745,595,172,4,938806929
91746,595,182,5,938807031
91747,595,404,3,938868998
91748,596,1,4,1535709666
91749,596,293,3,1535709749
91750,596,461,4,1535827362
91751,596,463,4,1535827547
91752,596,5,3,1535709301
91753,596,525,3,1535829766
91754,596,464,3,1535827366
91755,596,465,2,1535711533
91756,596,16,4,1535627138
91757,596,600,3,1535827307
91758,596,311,3,1535828653
91759,596,21,3,1535709659
91760,596,472,4,1535709751
91761,596,23,3,1535711660
91762,596,26,3,1535827096
91763,596,657,3,1535828762
91764,596,29,4,1535827023
91765,596,4055,3,1535721426
91766,596,1095,4,1535827006
91767,596,4040,4,1535832664
91768,596,479,3,1535709683
91769,596,34,3,1535709911
91770,596,35,4,1535709555
91771,596,324,4,1535709725
91772,596,674,4,1535827076
91773,596,697,3,1535827820
91774,596,1028,3,1535709558
91775,596,333,4,1535827418
91776,596,45,4,1535826725
91777,596,724,4,1535827439
91778,596,863,4,1535826867
91779,596,1775,4,1535826716
91780,596,1135,4,1535827278
91781,596,340,4,1535832744
91782,596,66,4,1535827243
91783,596,68,4,1535709619
91784,596,3609,4,1535828626
91785,596,69,3,1535627133
91786,596,70,3,1535627162
91787,596,71,3,1535627318
91788,596,1029,3,1535709667
91789,596,74,4,1535627154
91790,596,76,4,1535709656
91791,596,1137,3,1535709743
91792,596,85,3,1535827379
91793,596,86,4,1535709729
91794,596,87,3,1535827327
91795,596,90,3,1535709691
91796,596,270,3,1535827415
91797,596,866,3,1535826939
91798,596,1166,4,1535709677
91799,596,1469,3,1535826862
91800,596,1167,4,1535827026
91801,596,1140,4,1535709715
91802,596,1471,4,1535826910
91803,596,93,3,1535711520
91804,596,980,2,1535834684
91805,596,364,3,1535833939
91806,596,1484,2,1535834079
91807,596,1487,1,1535834913
91808,596,2563,3,1535834077
91809,596,1031,3,1535827368
91810,596,1492,2,1535711554
91811,596,1494,3,1535833946
91812,596,728,3,1535827470
91813,596,1500,3,1535829334
91814,596,107,2,1535834215
91815,596,1032,3,1535827374
91816,596,1508,4,1535827062
91817,596,1510,3,1535833815
91818,596,234,4,1535827513
91819,596,1514,2,1535833476
91820,596,1516,4,1535833817
91821,596,2463,3,1535834689
91822,596,113,3,1535834360
91823,596,1524,2,1535834363
91824,596,2567,3,1535836098
91825,596,996,2,1535833479
91826,596,990,2,1535834073
91827,596,376,4,1535709651
91828,596,1033,3,1535833481
91829,596,1534,3,1535834365
91830,596,3022,3,1535834371
91831,596,1171,3,1535827266
91832,596,382,3,1535827140
91833,596,1035,4,1535827163
91834,596,131,3,1535712071
91835,596,3288,3,1535834910
91836,596,1575,3,1535712287
91837,596,273,5,1535827560
91838,596,1593,3,1535833829
91839,596,3290,3,1535836090
91840,596,3642,3,1535836102
91841,596,1607,4,1535834068
91842,596,1610,4,1535827169
91843,596,274,2,1535833478
91844,596,1615,3,1535834915
91845,596,1000,2,1535834686
91846,596,2471,3,1535834358
91847,596,167,4,1535709487
91848,596,173,3,1535711544
91849,596,174,3,1535711557
91850,596,1636,2,1535711669
91851,596,1637,2,1535711683
91852,596,1640,4,1535827083
91853,596,179,4,1535709485
91854,596,734,1,1535833823
91855,596,1117,3,1535711657
91856,596,402,4,1535709608
91857,596,8949,3,1535830123
91858,596,405,3,1535827105
91859,596,184,3,1535834361
91860,596,2593,3,1535833482
91861,596,1180,3,1535827268
91862,596,193,4,1535709472
91863,596,194,3,1535711572
91864,596,1118,5,1535708657
91865,596,201,4,1535827426
91866,596,8950,4,1535832727
91867,596,736,3,1535709752
91868,596,204,3,1535827380
91869,596,1692,4,1535711665
91870,596,1185,4,1535709625
91871,596,2511,2,1535834679
91872,596,1011,3,1535834071
91873,596,1701,3,1535834369
91874,596,422,3,1535708371
91875,596,1790,3,1535712082
91876,596,213,2,1535712095
91877,596,1041,4,1535833933
91878,596,220,3,1535708234
91879,596,738,2,1535708359
91880,596,1014,3,1535708579
91881,596,1015,2,1535708483
91882,596,1187,2,1535708361
91883,596,1795,2,1535833828
91884,596,1188,2,1535708500
91885,596,3307,4,1535828642
91886,596,229,4,1535708282
91887,596,431,4,1535834067
91888,596,741,3,1535708363
91889,596,742,3,1535709893
91890,596,432,4,1535708322
91891,596,434,3,1535833814
91892,596,3310,2,1535836091
91893,596,743,2,1535708489
91894,596,1043,3,1535708697
91895,596,1805,3,1535833821
91896,596,437,3,1535708710
91897,596,445,4,1535708239
91898,596,745,4,1535708237
91899,596,451,3,1535708422
91900,596,746,1,1535708516
91901,596,8951,4,1535828760
91902,596,1815,4,1535827080
91903,596,747,3,1535708436
91904,596,1044,4,1535708470
91905,596,1125,5,1535708338
91906,596,752,3,1535708252
91907,596,458,3,1535708342
91908,596,753,3,1535708292
91909,596,1126,4,1535708250
91910,596,1832,3,1535709672
91911,596,754,4,1535627335
91912,596,755,3,1535708291
91913,596,756,3,1535708397
91914,596,1840,3,1535712077
91915,596,757,3,1535708298
91916,596,1199,3,1535708323
91917,596,3328,4,1535827295
91918,596,759,3,1535708295
91919,596,760,2,1535708434
91920,596,761,3,1535708589
91921,596,848,2,1535708525
91922,596,762,2,1535708451
91923,596,763,4,1535708620
91924,596,1204,4,1535708568
91925,596,765,3,1535708244
91926,596,857,2,1535708571
91927,596,8275,3,1535832768
91928,596,1045,5,1535708665
91929,596,766,3,1535708327
91930,596,767,3,1535827554
91931,596,1854,1,1535709926
91932,596,768,4,1535709850
91933,596,1128,4,1535709013
91934,596,769,3,1535708712
91935,596,876,4,1535708253
91936,596,1046,4,1535709276
91937,596,770,3,1535711567
91938,596,2235,2,1535708503
91939,596,771,3,1535708248
91940,596,3070,3,1535711674
91941,596,8952,3,1535832802
91942,596,772,3,1535708448
91943,596,1148,3,1535708513
91944,596,235,3,1535708284
91945,596,773,4,1535708402
91946,596,878,3,1535708463
91947,596,775,3,1535627339
91948,596,8953,3,1535832746
91949,596,883,1,1535708553
91950,596,1130,3,1535708285
91951,596,1222,3,1535709909
91952,596,1048,3,1535708325
91953,596,886,2,1535708569
91954,596,8954,4,1535833176
91955,596,1226,1,1535708563
91956,596,2753,3,1535712291
91957,596,783,3,1535709844
91958,596,784,3,1535708358
91959,596,785,1,1535711569
91960,596,2266,4,1535708382
91961,596,795,4,1535708318
91962,596,3211,3,1535832729
91963,596,8955,4,1535832629
91964,596,1131,4,1535827192
91965,596,2050,2,1535708432
91966,596,1237,2,1535708484
91967,596,802,3,1535828324
91968,596,5751,2,1535711558
91969,596,1150,5,1535708584
91970,596,4247,3,1535829580
91971,596,807,3,1535708713
91972,596,8956,3,1535833054
91973,596,809,3,1535708392
91974,596,8957,5,1535829905
91975,596,810,4,1535708299
91976,596,1241,3,1535709914
91977,596,3778,3,1535711644
91978,596,1242,4,1535708498
91979,596,1246,4,1535827431
91980,596,1249,4,1535709072
91981,596,2053,4,1535832818
91982,596,1894,3,1535708394
91983,596,5249,3,1535829343
91984,596,4490,3,1535832732
91985,596,6772,3,1535832748
91986,596,2302,3,1535830404
91987,596,8958,3,1535829337
91988,596,2305,2,1535827831
91989,596,1251,3,1535708699
91990,596,4248,4,1535832742
91991,596,817,1,1535708555
91992,596,821,2,1535711532
91993,596,1052,4,1535709630
91994,596,824,3,1535827494
91995,596,2320,2,1535708487
91996,596,2985,3,1535712073
91997,596,2326,4,1535708452
91998,596,2979,2,1535709918
91999,596,1267,2,1535711551
92000,596,2519,3,1535708457
92001,596,903,4,1535827364
92002,596,8959,3,1535829588
92003,596,1279,5,1535708588
92004,596,239,4,1535627189
92005,596,1055,3,1535627196
92006,596,8960,4,1535828639
92007,596,8961,4,1535833162
92008,596,1283,4,1535827135
92009,596,1284,3,1535709906
92010,596,1056,4,1535708340
92011,596,1286,3,1535708520
92012,596,2064,3,1535709721
92013,596,2726,3,1535828645
92014,596,1290,3,1535708576
92015,596,2066,4,1535709650
92016,596,1292,3,1535711568
92017,596,241,3,1535627202
92018,596,1296,2,1535709837
92019,596,1152,4,1535826934
92020,596,8962,3,1535832661
92021,596,916,3,1535627198
92022,596,8963,3,1535829761
92023,596,918,3,1535708467
92024,596,1061,4,1535708409
92025,596,8964,4,1535832790
92026,596,1062,4,1535827098
92027,596,242,3,1535827216
92028,596,4536,3,1535827352
92029,596,927,3,1535708708
92030,596,928,3,1535708445
92031,596,243,3,1535708406
92032,596,1926,4,1535826865
92033,596,1312,3,1535708549
92034,596,1313,3,1535709827
92035,596,1134,3,1535708446
92036,596,932,3,1535709685
92037,596,245,4,1535627191
92038,596,2730,3,1535832812
92039,596,1318,3,1535709738
92040,596,8594,4,1535830401
92041,596,1153,3,1535708468
92042,596,933,3,1535827269
92043,596,1932,4,1535711563
92044,596,1934,4,1535827220
92045,596,935,3,1535708438
92046,596,1155,3,1535827370
92047,596,1321,3,1535712372
92048,596,1066,3,1535827361
92049,596,1325,3,1535709825
92050,596,1328,3,1535708562
92051,596,6828,3,1535832563
92052,596,1939,3,1535709717
92053,596,1331,4,1535709842
92054,596,1067,3,1535709723
92055,596,2821,3,1535826991
92056,596,250,3,1535708390
92057,596,1334,3,1535827425
92058,596,6949,2,1535711656
92059,596,8965,3,1535828758
92060,596,1945,3,1535827450
92061,596,947,4,1535627502
92062,596,949,3,1535709899
92063,596,951,3,1535709753
92064,596,7859,4,1535827003
92065,596,1953,3,1535709218
92066,596,4733,4,1535709594
92067,596,2412,4,1535627496
92068,596,1340,3,1535827204
92069,596,1954,4,1535826920
92070,596,1341,3,1535827481
92071,596,5013,4,1535827280
92072,596,1343,3,1535708581
92073,596,3099,3,1535828165
92074,596,1346,4,1535709834
92075,596,1347,3,1535827137
92076,596,1348,4,1535627488
92077,596,3101,3,1535709903
92078,596,1350,2,1535709922
92079,596,1353,3,1535709902
92080,596,960,3,1535827238
92081,596,3106,4,1535826040
92082,596,1981,3,1535709681
92083,596,254,3,1535709470
92084,596,1075,5,1535709675
92085,596,1987,2,1535711538
92086,596,1357,3,1535709898
92087,596,1076,4,1535708521
92088,596,1991,3,1535827475
92089,596,8966,3,1535832771
92090,596,8967,4,1535832625
92091,596,2537,3,1535827343
92092,596,1078,3,1535708424
92093,596,8968,4,1535833142
92094,596,7932,4,1535828628
92095,596,1079,4,1535709556
92096,596,1998,4,1535708586
92097,596,1363,3,1535627499
92098,596,967,3,1535627438
92099,596,8969,3,1535832841
92100,596,258,5,1535708481
92101,596,1081,4,1535708493
92102,596,1366,3,1535709830
92103,596,2843,3,1535711652
92104,596,1367,3,1535709687
92105,596,7234,3,1535711574
92106,596,1082,4,1535709074
92107,596,5450,5,1535708624
92108,596,2135,4,1535627215
92109,596,2136,5,1535627433
92110,596,1368,4,1535627355
92111,596,1369,3,1535709553
92112,596,1083,3,1535709443
92113,596,1084,2,1535711539
92114,596,1370,4,1535709021
92115,596,3921,4,1535827489
92116,596,8970,4,1535829345
92117,596,8971,3,1535712538
92118,596,8972,3,1535833188
92119,596,8973,4,1535828766
92120,596,1085,4,1535709440
92121,596,1086,4,1535709490
92122,596,2848,3,1535627421
92123,596,2017,3,1535711661
92124,596,1372,4,1535709626
92125,596,2543,3,1535709925
92126,596,2021,4,1535709739
92127,596,2855,3,1535826710
92128,596,8974,2,1535712067
92129,596,6974,3,1535828623
92130,596,1376,4,1535709525
92131,596,3118,4,1535709024
92132,596,2864,4,1535827378
92133,596,1380,3,1535709519
92134,596,8975,2,1535829586
92135,596,1089,4,1535709488
92136,596,1387,3,1535709735
92137,596,1389,4,1535709670
92138,596,5990,3,1535827429
92139,596,8976,4,1535712607
92140,596,5460,3,1535721423
92141,596,1092,5,1535627386
92142,596,4627,5,1535711673
92143,596,8977,4,1535712421
92144,596,1393,5,1535627159
92145,596,5677,3,1535709223
92146,596,6122,3,1535709730
92147,596,8978,4,1535832868
92148,596,8979,3,1535712663
92149,596,1395,2,1535709612
92150,596,6575,3,1535827432
92151,596,8980,3,1535832645
92152,596,3130,4,1535709079
92153,596,3131,3,1535708663
92154,596,8981,3,1535832847
92155,596,8982,3,1535832710
92156,596,8983,3,1535709593
92157,596,8984,4,1535828629
92158,596,2891,4,1535709468
92159,597,1,4,941557863
92160,597,3,3,940420695
92161,597,485,1,941558874
92162,597,487,3,941729264
92163,597,488,3,941558713
92164,597,492,3,940362409
92165,597,292,5,941559030
92166,597,461,4,940362281
92167,597,463,4,941558116
92168,597,5993,3,941729264
92169,597,294,5,941559030
92170,597,4,4,940361541
92171,597,5,5,940362491
92172,597,295,4,941559030
92173,597,2664,4,941558258
92174,597,6,2,941559139
92175,597,7,5,940361171
92176,597,519,5,941558713
92177,597,8,5,940420585
92178,597,298,4,940361937
92179,597,2545,2,941559554
92180,597,526,2,941729576
92181,597,465,3,941729824
92182,597,529,2,940361870
92183,597,1405,1,941730578
92184,597,302,4,940361416
92185,597,13,3,941558145
92186,597,306,5,941557914
92187,597,15,4,941558002
92188,597,561,2,941559200
92189,597,2425,5,940362409
92190,597,16,5,940420585
92191,597,583,5,941641805
92192,597,585,3,941730541
92193,597,588,4,941729576
92194,597,2436,5,941558002
92195,597,605,3,941559248
92196,597,312,5,941558002
92197,597,20,3,941729483
92198,597,21,5,941557913
92199,597,314,5,941558116
92200,597,315,4,941729483
92201,597,973,4,941729824
92202,597,622,4,941729132
92203,597,473,2,941558116
92204,597,316,4,940361384
92205,597,634,2,941730541
92206,597,637,4,941558405
92207,597,25,5,941559656
92208,597,1157,1,941729405
92209,597,26,5,940362150
92210,597,2553,2,941730578
92211,597,2426,2,941558175
92212,597,475,5,940421094
92213,597,27,5,940421094
92214,597,648,1,941730541
92215,597,650,3,941640160
92216,597,319,4,941558713
92217,597,652,5,940421094
92218,597,28,4,941559656
92219,597,2170,3,941729698
92220,597,1095,4,940362325
92221,597,30,3,941559656
92222,597,1158,5,941728937
92223,597,2440,4,940362491
92224,597,671,4,941559656
92225,597,323,4,941558405
92226,597,479,5,940421094
92227,597,34,4,941639892
92228,597,481,4,941559656
92229,597,1422,4,941729029
92230,597,8985,3,941640505
92231,597,38,4,941729483
92232,597,326,3,941559341
92233,597,41,1,940420917
92234,597,1097,4,941631197
92235,597,1160,5,940362008
92236,597,43,1,941729029
92237,597,1430,3,941559554
92238,597,2427,1,941729984
92239,597,706,2,940361972
92240,597,1028,5,940361738
92241,597,331,4,940362325
92242,597,1438,3,940362409
92243,597,333,5,940361633
92244,597,2754,4,940362198
92245,597,1098,4,940362325
92246,597,45,4,941631197
92247,597,831,5,940362409
92248,597,338,4,941728717
92249,597,1444,5,940361664
92250,597,3008,4,941728834
92251,597,2395,5,940362325
92252,597,716,2,941730312
92253,597,6486,2,941730606
92254,597,55,2,941640746
92255,597,56,4,941640433
92256,597,1135,4,940362197
92257,597,58,4,941558405
92258,597,1449,2,941729229
92259,597,341,4,941559554
92260,597,60,5,941558116
92261,597,61,5,941640238
92262,597,342,4,941640394
92263,597,5051,4,941640314
92264,597,343,5,941641110
92265,597,722,4,941640588
92266,597,344,5,940362281
92267,597,345,5,940362491
92268,597,63,4,940362491
92269,597,64,5,941639399
92270,597,3698,4,941641402
92271,597,66,5,941639399
92272,597,2415,4,940362281
92273,597,976,1,941730312
92274,597,725,5,941729698
92275,597,8986,4,941730273
92276,597,267,5,941639767
92277,597,2998,4,941640278
92278,597,1451,5,941729657
92279,597,3701,4,941641183
92280,597,68,4,941640314
92281,597,1100,5,941557863
92282,597,2175,5,941557863
92283,597,3499,5,941639635
92284,597,348,4,941728764
92285,597,3011,5,941558308
92286,597,3546,4,941639716
92287,597,1101,5,941639892
92288,597,350,4,941558258
92289,597,1102,5,941640888
92290,597,3704,4,941640394
92291,597,69,5,940420585
92292,597,70,5,940420799
92293,597,71,5,941730854
92294,597,1029,5,941729229
92295,597,1103,4,941729264
92296,597,2396,5,941641669
92297,597,72,5,940361870
92298,597,1104,5,940362325
92299,597,73,5,941640239
92300,597,74,5,940420695
92301,597,1163,3,940362409
92302,597,76,5,940420585
92303,597,2076,4,941639635
92304,597,78,4,940420695
92305,597,1137,5,940361738
92306,597,79,5,941639716
92307,597,354,5,941639635
92308,597,1164,4,941639716
92309,597,1138,5,940362491
92310,597,1106,5,940361613
92311,597,2416,5,941639536
92312,597,2079,4,941729029
92313,597,1139,5,940361711
92314,597,2900,5,941640314
92315,597,82,4,940420695
92316,597,2901,5,941640394
92317,597,726,5,941639716
92318,597,865,5,940361695
92319,597,1107,5,941640278
92320,597,1454,5,941641148
92321,597,356,5,941639716
92322,597,268,5,941640278
92323,597,85,5,941557914
92324,597,1110,5,940362325
92325,597,86,5,941641148
92326,597,269,5,941631197
92327,597,87,4,940421094
92328,597,88,5,940362198
92329,597,2085,4,941728717
92330,597,1456,5,941641183
92331,597,360,5,941639716
92332,597,3706,3,941639767
92333,597,90,5,940420695
92334,597,3283,5,941640239
92335,597,3708,5,941639928
92336,597,1457,4,941641148
92337,597,1113,5,941639399
92338,597,270,5,941639635
92339,597,361,5,940362150
92340,597,866,5,941641148
92341,597,4894,4,941728764
92342,597,1464,5,941640433
92343,597,2903,5,941640463
92344,597,978,4,941729657
92345,597,93,3,941730230
92346,597,1474,5,941640505
92347,597,2147,5,940421389
92348,597,5561,3,941557959
92349,597,1475,5,941641183
92350,597,3710,4,940362008
92351,597,363,5,940361972
92352,597,5184,3,941559341
92353,597,2453,4,941559341
92354,597,1484,2,941729825
92355,597,1485,2,941558874
92356,597,98,5,941559341
92357,597,99,5,940361937
92358,597,981,5,941728937
92359,597,1031,4,941729029
92360,597,3224,2,941558560
92361,597,1168,3,941729862
92362,597,1489,1,941559139
92363,597,100,4,941729483
92364,597,1492,1,941730774
92365,597,1494,3,941559139
92366,597,101,3,941729029
92367,597,102,3,941558308
92368,597,5706,2,941558258
92369,597,982,4,941729405
92370,597,365,3,941729657
92371,597,984,3,940420917
92372,597,728,5,940420917
92373,597,1500,4,941559341
92374,597,985,4,941729576
92375,597,104,5,941728717
92376,597,5110,4,941729576
92377,597,3286,5,940362325
92378,597,366,4,941558069
92379,597,1502,4,941559341
92380,597,1504,5,941641183
92381,597,2461,5,940361350
92382,597,834,5,941639480
92383,597,986,2,941730312
92384,597,7389,5,940361972
92385,597,234,5,940361937
92386,597,367,5,941640193
92387,597,988,4,941631197
92388,597,1514,3,941729576
92389,597,109,4,941559248
92390,597,1515,4,941559248
92391,597,1516,3,941728717
92392,597,1517,3,941728937
92393,597,2673,2,941729576
92394,597,110,5,941558116
92395,597,730,4,941557863
92396,597,2462,4,940362491
92397,597,1525,4,940362150
92398,597,372,4,941558002
92399,597,373,4,941557913
92400,597,1533,3,941559341
92401,597,3022,5,940361449
92402,597,378,4,940421094
92403,597,731,1,941730273
92404,597,991,4,941729229
92405,597,379,5,941558175
92406,597,5198,4,940362491
92407,597,2401,4,940362198
92408,597,2039,3,940421094
92409,597,116,5,940421094
92410,597,3501,5,941640505
92411,597,3225,5,940362325
92412,597,4900,4,941639480
92413,597,4175,5,941639480
92414,597,3502,4,941640006
92415,597,1171,5,941639536
92416,597,3503,4,941639536
92417,597,6177,3,941640314
92418,597,3138,4,940362325
92419,597,382,5,940361808
92420,597,2999,5,941640505
92421,597,2905,5,941640314
92422,597,118,5,941639536
92423,597,1034,4,941639767
92424,597,992,2,941558258
92425,597,120,3,941557959
92426,597,5199,3,941640433
92427,597,1546,4,940362281
92428,597,5303,3,941639480
92429,597,837,3,940361738
92430,597,122,5,941730854
92431,597,1553,4,941640873
92432,597,2678,5,941641362
92433,597,6319,3,941641622
92434,597,384,4,941639968
92435,597,1035,4,941641264
92436,597,1561,2,941641472
92437,597,998,4,941641110
92438,597,134,3,941730273
92439,597,1564,4,941557958
92440,597,385,5,941640314
92441,597,1565,5,941641222
92442,597,4146,5,941639635
92443,597,135,3,941729229
92444,597,136,4,941640505
92445,597,5115,2,941730230
92446,597,5056,3,941639928
92447,597,1569,3,941641183
92448,597,1570,4,941641183
92449,597,1572,5,940361829
92450,597,386,4,941639716
92451,597,2570,4,941640006
92452,597,387,4,941641622
92453,597,2571,3,941641751
92454,597,1577,3,941558069
92455,597,142,4,941641110
92456,597,388,5,941728717
92457,597,1141,5,941639635
92458,597,6169,5,941639635
92459,597,6380,5,941641362
92460,597,1581,5,941639635
92461,597,1583,4,941639892
92462,597,5058,4,941641148
92463,597,1584,5,941639536
92464,597,1585,3,941558002
92465,597,6381,5,941641362
92466,597,4176,3,941639767
92467,597,146,4,941729293
92468,597,273,5,941729322
92469,597,3027,5,941557863
92470,597,5059,5,941640048
92471,597,147,4,940362281
92472,597,2402,4,940362409
92473,597,1594,5,941558145
92474,597,7258,3,941640463
92475,597,3173,4,940362281
92476,597,1597,3,941557958
92477,597,6146,4,941640006
92478,597,2575,5,941639480
92479,597,150,2,941729133
92480,597,395,4,941558258
92481,597,151,5,941729029
92482,597,5121,5,941640463
92483,597,1602,3,941641148
92484,597,1603,5,941641622
92485,597,152,4,941559200
92486,597,154,5,940361130
92487,597,1609,5,940419770
92488,597,1863,2,941730201
92489,597,1864,5,941728937
92490,597,2121,4,941729405
92491,597,155,4,940420917
92492,597,1610,4,941641110
92493,597,1173,4,941640394
92494,597,1174,4,941639968
92495,597,1175,2,941640048
92496,597,1611,4,941641264
92497,597,156,4,941729405
92498,597,1612,4,941641362
92499,597,4068,4,941639399
92500,597,1177,4,941639968
92501,597,999,3,941640048
92502,597,1614,2,941641362
92503,597,157,5,941730202
92504,597,2577,3,940362198
92505,597,2470,3,940419770
92506,597,5436,4,941641362
92507,597,1620,4,941641264
92508,597,1622,1,941641362
92509,597,160,4,941641148
92510,597,3292,2,941641222
92511,597,5307,4,941639968
92512,597,4675,4,940420917
92513,597,3029,3,941728937
92514,597,161,3,941641402
92515,597,1115,3,940420695
92516,597,163,4,940419770
92517,597,2683,3,940420270
92518,597,2580,2,940420065
92519,597,6194,3,940362008
92520,597,1626,4,941641264
92521,597,7734,4,941640394
92522,597,4070,5,941640822
92523,597,7735,3,941640433
92524,597,2917,4,941640714
92525,597,165,5,941729293
92526,597,1627,3,940420065
92527,597,1010,3,940419770
92528,597,166,5,940361870
92529,597,4222,4,941639928
92530,597,3294,3,940420065
92531,597,1001,3,940420065
92532,597,168,4,940420065
92533,597,398,4,940361485
92534,597,2583,2,940362052
92535,597,399,5,940361149
92536,597,172,3,940420799
92537,597,6600,4,941639928
92538,597,173,4,941640505
92539,597,400,5,940361972
92540,597,2472,5,941559139
92541,597,179,4,941730854
92542,597,1179,5,941558175
92543,597,1116,3,941728155
92544,597,1643,3,941728155
92545,597,401,3,941814564
92546,597,181,5,941641148
92547,597,735,3,941641264
92548,597,1117,2,940360785
92549,597,5063,3,941640075
92550,597,2489,3,941641402
92551,597,1648,4,941641524
92552,597,4676,4,941640075
92553,597,402,5,940360674
92554,597,404,2,940360913
92555,597,5065,4,941640746
92556,597,405,5,941641622
92557,597,2490,2,941641524
92558,597,2587,5,941641222
92559,597,183,5,941631197
92560,597,1652,3,941730679
92561,597,1653,5,941640113
92562,597,4908,5,941640433
92563,597,185,5,940360674
92564,597,2592,5,941640860
92565,597,186,4,941729322
92566,597,839,4,941640800
92567,597,2593,4,940360759
92568,597,2097,4,940360674
92569,597,1667,5,941641183
92570,597,188,5,941730164
92571,597,1180,5,941631197
92572,597,408,5,941640714
92573,597,7449,3,941640006
92574,597,189,5,941730164
92575,597,190,4,941730164
92576,597,191,5,941729862
92577,597,192,5,941729862
92578,597,3299,3,941640006
92579,597,1181,4,941729405
92580,597,3230,3,941730630
92581,597,5313,4,941640394
92582,597,410,5,941641622
92583,597,194,4,941729264
92584,597,195,5,941728764
92585,597,6456,4,941639892
92586,597,1866,4,941729862
92587,597,196,5,941640800
92588,597,197,4,941729825
92589,597,2503,5,941639767
92590,597,3232,4,941640075
92591,597,199,3,941641472
92592,597,2157,4,941640505
92593,597,1142,5,941641427
92594,597,1677,5,941640800
92595,597,412,4,941559030
92596,597,4845,4,941641622
92597,597,5501,5,941639767
92598,597,4155,3,941640048
92599,597,1683,5,941641427
92600,597,8987,3,941640463
92601,597,232,5,941640278
92602,598,35,0,1430616982
92603,598,70,2,1430617010
92604,598,445,1,1430616896
92605,598,745,1,1430616891
92606,598,753,4,1430616903
92607,598,1199,4,1430616915
92608,598,764,5,1430616936
92609,598,1130,5,1430616909
92610,598,779,1,1430616928
92611,598,1256,5,1430616971
92612,598,2519,5,1430616999
92613,598,904,5,1430616951
92614,598,1916,4,1430616973
92615,598,245,5,1430616930
92616,598,7884,5,1430616844
92617,598,7894,5,1430616819
92618,598,4571,2,1430616788
92619,598,8988,5,1430616765
92620,598,8989,5,1430616754
92621,598,8990,5,1430616773
92622,598,4799,5,1430616732
92623,599,1,3,1498524204
92624,599,482,2,1498514085
92625,599,2,1,1498505071
92626,599,3,4,1498539623
92627,599,485,2,1498514161
92628,599,5018,1,1498504960
92629,599,487,3,1498500281
92630,599,488,2,1498516445
92631,599,1400,1,1519181787
92632,599,490,1,1519239842
92633,599,491,3,1498523389
92634,599,492,3,1498501103
92635,599,2658,3,1498523048
92636,599,493,3,1498524930
92637,599,3605,1,1498504813
92638,599,292,4,1498499235
92639,599,2164,1,1498503332
92640,599,495,2,1498517444
92641,599,497,2,1498518655
92642,599,2069,3,1498500987
92643,599,260,2,1498511120
92644,599,293,3,1498519822
92645,599,463,3,1498525783
92646,599,499,2,1498518847
92647,599,5993,3,1498525483
92648,599,500,3,1519347048
92649,599,972,2,1498517161
92650,599,294,2,1498516640
92651,599,4,4,1498499364
92652,599,5,3,1498500777
92653,599,295,3,1498525392
92654,599,2652,2,1519240604
92655,599,503,2,1519118310
92656,599,504,2,1519327817
92657,599,506,2,1498511235
92658,599,2664,2,1498515243
92659,599,6,3,1498501183
92660,599,4699,3,1519421396
92661,599,5019,1,1519353713
92662,599,508,2,1498518457
92663,599,509,2,1519336237
92664,599,4037,2,1498517265
92665,599,511,0,1519184941
92666,599,512,0,1498533540
92667,599,513,2,1498517086
92668,599,515,1,1498504070
92669,599,516,2,1498510588
92670,599,5290,3,1519120150
92671,599,517,2,1498511085
92672,599,7,2,1498515741
92673,599,519,2,1498516461
92674,599,8,3,1498501202
92675,599,1094,3,1498500979
92676,599,521,5,1498539725
92677,599,525,3,1498523594
92678,599,2545,2,1519343783
92679,599,526,3,1498524108
92680,599,2165,2,1519137306
92681,599,464,2,1498518425
92682,599,465,2,1498511246
92683,599,5554,2,1519366950
92684,599,10,1,1519259638
92685,599,528,1,1519124223
92686,599,529,2,1498513783
92687,599,530,2,1498514053
92688,599,531,3,1498797906
92689,599,11,3,1498501671
92690,599,3607,2,1498514387
92691,599,532,3,1498521550
92692,599,533,1,1498504534
92693,599,534,3,1498525675
92694,599,1027,2,1498510855
92695,599,1405,2,1498514499
92696,599,2070,2,1498517973
92697,599,538,3,1498521352
92698,599,539,1,1519175718
92699,599,540,2,1498514270
92700,599,541,1,1498504452
92701,599,4877,2,1498518504
92702,599,543,1,1519326661
92703,599,1024,1,1519124888
92704,599,544,1,1519142337
92705,599,545,2,1498516327
92706,599,3001,3,1498531881
92707,599,2424,2,1498514928
92708,599,549,2,1519237998
92709,599,550,2,1498516434
92710,599,551,2,1498518003
92711,599,552,2,1519256344
92712,599,304,4,1498539255
92713,599,12,2,1498516455
92714,599,555,2,1498510964
92715,599,13,3,1498500829
92716,599,5556,2,1498518838
92717,599,559,2,1519183528
92718,599,14,3,1498501223
92719,599,4181,3,1519143594
92720,599,560,1,1519353754
92721,599,15,3,1498501034
92722,599,561,2,1498514152
92723,599,562,2,1519342967
92724,599,564,1,1519173207
92725,599,566,1,1519330797
92726,599,567,1,1519331237
92727,599,569,2,1519181428
92728,599,466,3,1519120397
92729,599,571,2,1519146338
92730,599,16,5,1498533468
92731,599,574,2,1519145391
92732,599,575,1,1498503462
92733,599,576,1,1519145669
92734,599,579,1,1498503536
92735,599,580,3,1498523577
92736,599,581,1,1498504462
92737,599,583,3,1498524397
92738,599,584,2,1498511326
92739,599,585,3,1498615482
92740,599,588,3,1519243230
92741,599,589,5,1498456035
92742,599,17,5,1498456867
92743,599,470,3,1498501285
92744,599,591,3,1498542379
92745,599,594,1,1498504298
92746,599,596,2,1519259227
92747,599,18,3,1498521582
92748,599,598,2,1498510689
92749,599,233,4,1498498867
92750,599,2436,3,1498542558
92751,599,1407,1,1498505156
92752,599,599,2,1498515688
92753,599,1408,2,1498516196
92754,599,600,4,1498498979
92755,599,602,1,1519558046
92756,599,19,2,1498516187
92757,599,604,2,1498531957
92758,599,1409,3,1498521342
92759,599,310,2,1498515270
92760,599,471,2,1498514429
92761,599,311,2,1498514948
92762,599,312,3,1498523458
92763,599,20,3,1498521571
92764,599,609,2,1519180068
92765,599,313,2,1519264196
92766,599,611,2,1498517384
92767,599,612,2,1519349590
92768,599,613,1,1498503355
92769,599,21,3,1498797749
92770,599,314,2,1498517885
92771,599,616,2,1498514471
92772,599,617,2,1498517628
92773,599,472,3,1498521329
92774,599,618,1,1519186172
92775,599,23,3,1498525039
92776,599,315,2,1498514705
92777,599,619,2,1498516739
92778,599,620,2,1519244102
92779,599,4893,3,1498524243
92780,599,621,1,1498504515
92781,599,973,2,1498518055
92782,599,622,3,1498523288
92783,599,1411,2,1498513815
92784,599,473,3,1519122884
92785,599,625,1,1519177808
92786,599,626,3,1519125546
92787,599,4861,2,1498517496
92788,599,627,2,1498515796
92789,599,474,2,1498516121
92790,599,628,3,1519125267
92791,599,2548,2,1498518416
92792,599,1413,2,1519346651
92793,599,629,1,1519240711
92794,599,630,2,1498509686
92795,599,631,0,1498502691
92796,599,1414,2,1498510551
92797,599,24,2,1519369225
92798,599,2550,1,1519176167
92799,599,2167,3,1498523452
92800,599,5694,1,1498504055
92801,599,1156,4,1498499346
92802,599,633,1,1498504281
92803,599,634,2,1519140160
92804,599,635,1,1498504405
92805,599,636,1,1519352118
92806,599,5695,2,1519348598
92807,599,637,2,1498518877
92808,599,25,3,1498797892
92809,599,1157,2,1498513993
92810,599,5289,2,1519141325
92811,599,639,3,1498523401
92812,599,640,2,1498511103
92813,599,26,3,1498523638
92814,599,641,2,1519345031
92815,599,2553,1,1519146405
92816,599,642,2,1519346731
92817,599,4054,2,1498510125
92818,599,643,3,1498501360
92819,599,644,2,1498510864
92820,599,2426,2,1498518822
92821,599,646,1,1519150486
92822,599,3002,1,1519334961
92823,599,475,2,1519145474
92824,599,647,2,1519244415
92825,599,8991,2,1498515125
92826,599,27,4,1498498722
92827,599,2169,2,1519179572
92828,599,648,3,1498523544
92829,599,4695,2,1519368091
92830,599,651,3,1498524950
92831,599,319,2,1519139764
92832,599,653,2,1498511333
92833,599,654,3,1498521641
92834,599,28,3,1498525707
92835,599,655,2,1498510560
92836,599,656,1,1519184346
92837,599,657,3,1498523142
92838,599,659,2,1519327445
92839,599,5698,2,1519369295
92840,599,2655,2,1498509664
92841,599,660,3,1498521958
92842,599,661,2,1498511883
92843,599,4487,2,1519350309
92844,599,975,3,1519177674
92845,599,477,3,1519118171
92846,599,4055,2,1498514076
92847,599,3220,3,1498525272
92848,599,321,2,1498518701
92849,599,322,3,1498522956
92850,599,1095,4,1498539290
92851,599,666,2,1519244065
92852,599,30,2,1498518906
92853,599,2487,1,1519256723
92854,599,667,2,1498510911
92855,599,6016,2,1498515395
92856,599,668,1,1519336998
92857,599,1420,3,1498500822
92858,599,31,2,1498510887
92859,599,32,2,1519125493
92860,599,1158,3,1519119955
92861,599,2440,2,1519178517
92862,599,669,1,1519338805
92863,599,670,0,1519144562
92864,599,5994,1,1519347225
92865,599,2441,3,1519351681
92866,599,2501,2,1498511040
92867,599,828,3,1498525239
92868,599,671,2,1498514478
92869,599,323,3,1498523587
92870,599,479,4,1498459510
92871,599,34,3,1498501127
92872,599,35,3,1498519279
92873,599,480,3,1498501494
92874,599,324,3,1498797790
92875,599,36,3,1498797808
92876,599,481,3,1498523500
92877,599,325,3,1498524368
92878,599,2413,2,1498518815
92879,599,37,3,1498798016
92880,599,1422,3,1498797422
92881,599,2414,1,1519186032
92882,599,2442,2,1519343926
92883,599,6183,0,1519349549
92884,599,830,2,1519324953
92885,599,675,3,1498537635
92886,599,5020,1,1519237728
92887,599,677,2,1498509750
92888,599,261,3,1498525425
92889,599,38,3,1498521434
92890,599,1159,2,1498511181
92891,599,2659,2,1519185163
92892,599,680,1,1498504979
92893,599,40,2,1498511842
92894,599,262,1,1519279247
92895,599,681,2,1498513898
92896,599,684,0,1519244746
92897,599,3004,2,1498516167
92898,599,326,2,1519244631
92899,599,688,3,1498525383
92900,599,263,4,1498533832
92901,599,1426,2,1498514607
92902,599,5287,2,1498516000
92903,599,3005,2,1519127436
92904,599,5575,3,1519143060
92905,599,41,3,1498797515
92906,599,42,2,1498518451
92907,599,2660,1,1519238347
92908,599,2073,5,1498457263
92909,599,1427,1,1519236839
92910,599,1428,1,1519181827
92911,599,1097,4,1498533719
92912,599,2996,2,1498511913
92913,599,723,5,1498457219
92914,599,1429,2,1498513915
92915,599,690,2,1498516025
92916,599,5049,3,1498523057
92917,599,1160,3,1498501560
92918,599,43,3,1498542387
92919,599,2897,2,1498515775
92920,599,2556,2,1498514201
92921,599,1026,2,1519239013
92922,599,1430,2,1498515086
92923,599,2427,2,1498511142
92924,599,1431,2,1498515022
92925,599,695,2,1498513840
92926,599,697,2,1498516177
92927,599,8992,1,1498504671
92928,599,5701,1,1519351850
92929,599,698,2,1498510805
92930,599,1435,2,1501801787
92931,599,2661,1,1519330029
92932,599,2662,2,1519237962
92933,599,701,3,1519118230
92934,599,702,3,1519174106
92935,599,704,1,1498505289
92936,599,264,1,1498504969
92937,599,2173,3,1498500868
92938,599,706,2,1498510334
92939,599,1028,4,1498499662
92940,599,3006,4,1498500231
92941,599,708,2,1498516534
92942,599,709,1,1519330758
92943,599,5023,2,1519352190
92944,599,6184,1,1519240065
92945,599,329,3,1498542565
92946,599,4862,3,1519354252
92947,599,330,3,1498501399
92948,599,331,3,1498525221
92949,599,333,3,1498521700
92950,599,335,2,1498516800
92951,599,1440,3,1498519832
92952,599,336,4,1498499327
92953,599,1098,3,1498501240
92954,599,2997,3,1519121049
92955,599,45,3,1498523826
92956,599,337,3,1498523846
92957,599,831,2,1498517318
92958,599,46,4,1498499063
92959,599,724,5,1498456847
92960,599,3053,4,1498528449
92961,599,338,4,1498499295
92962,599,1443,3,1498522201
92963,599,3009,5,1498457229
92964,599,2395,3,1498500837
92965,599,3169,3,1498521415
92966,599,715,3,1519233999
92967,599,2445,3,1519142485
92968,599,716,2,1498511050
92969,599,717,3,1498524359
92970,599,7210,2,1498509633
92971,599,719,2,1519347349
92972,599,1772,1,1519144053
92973,599,1161,2,1519136717
92974,599,1448,1,1519338906
92975,599,1774,3,1498797822
92976,599,2446,3,1498524066
92977,599,863,2,1519120305
92978,599,56,2,1519336486
92979,599,57,3,1498501011
92980,599,4046,2,1519173755
92981,599,1135,4,1498498596
92982,599,58,2,1519139368
92983,599,1449,2,1498516150
92984,599,59,2,1498510952
92985,599,2074,4,1498499111
92986,599,341,2,1519146965
92987,599,1162,3,1498525195
92988,599,60,3,1498501409
92989,599,61,3,1498532211
92990,599,342,3,1519137221
92991,599,343,2,1498516300
92992,599,62,4,1498539317
92993,599,1450,2,1519235869
92994,599,344,3,1498501471
92995,599,864,2,1498515232
92996,599,63,5,1498533764
92997,599,64,3,1498501447
92998,599,3698,1,1498505023
92999,599,266,2,1498517836
93000,599,346,3,1519138628
93001,599,833,4,1498498615
93002,599,66,4,1498498804
93003,599,976,2,1498514146
93004,599,725,2,1519119750
93005,599,347,3,1519120030
93006,599,2428,3,1498526959
93007,599,8993,3,1519241700
93008,599,2174,3,1498501293
93009,599,5705,2,1519183128
93010,599,67,3,1498798139
93011,599,1451,4,1498539528
93012,599,68,4,1498539536
93013,599,1100,4,1498533710
93014,599,2175,3,1498523415
93015,599,4262,5,1519029292
93016,599,349,4,1498499559
93017,599,3546,3,1519136685
93018,599,1101,3,1498524456
93019,599,3608,3,1519123626
93020,599,69,5,1519029372
93021,599,70,3,1498501425
93022,599,71,3,1498500961
93023,599,351,3,1498502277
93024,599,1029,5,1498533615
93025,599,1103,3,1498500787
93026,599,2396,4,1498499166
93027,599,72,4,1498539520
93028,599,73,5,1519029295
93029,599,74,5,1498533608
93030,599,1163,3,1498519663
93031,599,75,4,1498500397
93032,599,76,5,1519029442
93033,599,1452,4,1498539299
93034,599,3221,3,1498521662
93035,599,2077,3,1498797631
93036,599,77,3,1498526185
93037,599,78,3,1498501792
93038,599,1137,4,1498499670
93039,599,79,3,1498798149
93040,599,1105,4,1498533210
93041,599,80,3,1498500971
93042,599,354,4,1519118633
93043,599,81,3,1519139528
93044,599,1138,3,1498500853
93045,599,1106,4,1498499225
93046,599,2416,3,1498501272
93047,599,2078,4,1499318522
93048,599,2079,3,1498797653
93049,599,5834,4,1519102085
93050,599,2080,4,1498498783
93051,599,82,3,1498501551
93052,599,2397,4,1498499098
93053,599,2081,3,1498524988
93054,599,2901,4,1498498967
93055,599,1165,3,1498501121
93056,599,726,4,1498498795
93057,599,865,3,1498539949
93058,599,2082,3,1498500845
93059,599,2083,4,1498762553
93060,599,1107,3,1498797995
93061,599,2176,3,1519125106
93062,599,3012,3,1498523725
93063,599,1454,2,1498511170
93064,599,84,3,1498501732
93065,599,356,3,1498524712
93066,599,1109,3,1498522012
93067,599,268,3,1519119252
93068,599,85,4,1498499477
93069,599,357,3,1498524980
93070,599,3013,2,1519345981
93071,599,86,3,1498501586
93072,599,2177,2,1519140465
93073,599,2084,5,1498457252
93074,599,87,3,1498797704
93075,599,88,3,1498797928
93076,599,89,4,1498498952
93077,599,359,5,1498457288
93078,599,90,4,1498498683
93079,599,1457,2,1498517462
93080,599,91,2,1519125700
93081,599,1113,3,1498521936
93082,599,270,3,1498523111
93083,599,866,3,1498522106
93084,599,2751,3,1498524731
93085,599,1461,3,1519073448
93086,599,1462,2,1498517659
93087,599,1463,2,1498516773
93088,599,2558,2,1519335543
93089,599,1030,2,1498517126
93090,599,2903,2,1498516703
93091,599,7092,2,1519345560
93092,599,7093,2,1519351012
93093,599,1466,3,1519028413
93094,599,1166,3,1498501541
93095,599,994,3,1498521951
93096,599,1467,2,1498513975
93097,599,4050,2,1498514176
93098,599,978,2,1498516042
93099,599,271,3,1498524146
93100,599,1469,3,1498522167
93101,599,1470,3,1498525076
93102,599,1167,3,1498521493
93103,599,1140,3,1498521967
93104,599,1471,3,1498501519
93105,599,93,4,1498539572
93106,599,1472,1,1519179606
93107,599,1474,3,1498524887
93108,599,3284,1,1519180135
93109,599,3223,2,1519236096
93110,599,979,2,1498518115
93111,599,2147,3,1498500815
93112,599,2668,1,1498797236
93113,599,362,3,1498525822
93114,599,2420,4,1498499718
93115,599,1475,3,1498522965
93116,599,94,2,1519145759
93117,599,4895,2,1519337875
93118,599,995,3,1498525418
93119,599,1476,2,1498517178
93120,599,95,4,1498500371
93121,599,1477,1,1519233936
93122,599,4051,4,1498498649
93123,599,8994,1,1519179378
93124,599,2429,4,1498500356
93125,599,2559,0,1519185879
93126,599,5024,1,1498504062
93127,599,980,1,1498503869
93128,599,6498,1,1519423171
93129,599,1479,2,1519172097
93130,599,96,1,1519342490
93131,599,5295,2,1519326936
93132,599,363,3,1498798194
93133,599,1481,2,1498514442
93134,599,2179,1,1498504140
93135,599,1482,2,1498537411
93136,599,2087,3,1519119509
93137,599,4896,2,1519348383
93138,599,364,3,1498521678
93139,599,2561,1,1519351364
93140,599,2453,3,1498501703
93141,599,1484,2,1498510790
93142,599,2180,2,1498514128
93143,599,7428,3,1498521468
93144,599,1485,2,1498516137
93145,599,2454,2,1519136189
93146,599,2562,2,1498518034
93147,599,1487,2,1498510530
93148,599,3285,1,1498503912
93149,599,99,3,1498501811
93150,599,6499,0,1498797185
93151,599,1031,4,1498498913
93152,599,3224,1,1519185319
93153,599,1168,2,1498516489
93154,599,100,3,1498525280
93155,599,1492,1,1498504878
93156,599,101,3,1498542438
93157,599,102,3,1498525900
93158,599,5706,1,1498504566
93159,599,727,2,1498510384
93160,599,103,3,1498797496
93161,599,4667,3,1498524100
93162,599,1007,3,1498523438
93163,599,1497,2,1498514765
93164,599,365,2,1498514400
93165,599,5707,1,1519176067
93166,599,7094,2,1519345745
93167,599,1499,2,1498517436
93168,599,7429,2,1498509759
93169,599,984,2,1498518408
93170,599,7430,2,1498518669
93171,599,728,3,1498522032
93172,599,2670,1,1498503887
93173,599,985,1,1519177518
93174,599,104,3,1498501740
93175,599,1008,3,1498523551
93176,599,8882,2,1498516912
93177,599,106,2,1498517373
93178,599,2458,3,1519327055
93179,599,3286,3,1498521686
93180,599,1009,3,1498501176
93181,599,107,2,1498510574
93182,599,1501,3,1498525684
93183,599,3019,1,1519329707
93184,599,7054,2,1498517151
93185,599,1032,3,1498797939
93186,599,1503,2,1498514209
93187,599,1504,2,1498517424
93188,599,2564,2,1498511874
93189,599,2460,2,1519172040
93190,599,2461,4,1498500190
93191,599,834,2,1498518276
93192,599,108,3,1498521588
93193,599,1507,1,1498504329
93194,599,729,4,1498498834
93195,599,986,1,1498797098
93196,599,1509,1,1519144478
93197,599,1510,3,1498525341
93198,599,987,2,1498517857
93199,599,3718,3,1498525348
93200,599,7389,3,1498521559
93201,599,3287,2,1519346501
93202,599,234,4,1498762601
93203,599,2088,3,1498542549
93204,599,5111,2,1498515373
93205,599,367,3,1519475938
93206,599,988,3,1498524231
93207,599,1514,2,1498517006
93208,599,2565,2,1498517995
93209,599,1169,4,1498498824
93210,599,3719,3,1498521315
93211,599,109,5,1498456250
93212,599,4669,3,1498525475
93213,599,1515,3,1498521360
93214,599,1516,2,1498514119
93215,599,5744,2,1519237175
93216,599,2672,2,1498516497
93217,599,3171,2,1498510248
93218,599,2673,2,1498517362
93219,599,7254,2,1498510833
93220,599,110,2,1498515681
93221,599,1518,2,1498516606
93222,599,730,3,1498501610
93223,599,6176,3,1519244905
93224,599,2399,2,1498514722
93225,599,8995,3,1498521896
93226,599,2462,3,1498615494
93227,599,2463,2,1498518753
93228,599,113,3,1498521512
93229,599,2566,3,1498501484
93230,599,5301,3,1519348902
93231,599,370,3,1498542471
93232,599,2567,2,1519146702
93233,599,989,2,1519178602
93234,599,1525,2,1519119541
93235,599,1527,2,1519102787
93236,599,3021,2,1498516309
93237,599,1528,1,1498504189
93238,599,2675,0,1498502786
93239,599,2904,3,1519234883
93240,599,996,2,1498510406
93241,599,990,2,1498514652
93242,599,372,4,1498499697
93243,599,2091,4,1498498552
93244,599,5836,1,1519331531
93245,599,1532,1,1519180175
93246,599,375,2,1498516050
93247,599,6317,3,1498527177
93248,599,1033,3,1498501213
93249,599,1534,1,1498503473
93250,599,3022,2,1498518804
93251,599,731,3,1498523011
93252,599,991,2,1498513958
93253,599,114,2,1498537401
93254,599,1536,4,1498499397
93255,599,379,3,1498525465
93256,599,2401,4,1498539274
93257,599,380,3,1498523445
93258,599,4899,3,1498500907
93259,599,5547,2,1519146923
93260,599,2038,2,1498532247
93261,599,2039,3,1498539923
93262,599,116,4,1498499381
93263,599,4175,3,1519140568
93264,599,3502,3,1519139634
93265,599,2092,3,1519125880
93266,599,1171,3,1498542397
93267,599,3138,2,1498518287
93268,599,117,5,1519029447
93269,599,382,3,1498501664
93270,599,2999,3,1498524557
93271,599,1542,2,1498510435
93272,599,6189,1,1498504085
93273,599,6190,0,1498502795
93274,599,1543,2,1519119603
93275,599,2905,3,1498798036
93276,599,118,3,1498501618
93277,599,1034,3,1498526499
93278,599,992,2,1498510932
93279,599,1544,3,1498523608
93280,599,1545,3,1498501020
93281,599,119,1,1498532042
93282,599,1777,3,1498523883
93283,599,836,3,1498501595
93284,599,120,1,1519118388
93285,599,121,3,1519120560
93286,599,383,4,1498498925
93287,599,837,2,1498518322
93288,599,122,3,1498537662
93289,599,1551,0,1498502811
93290,599,1556,1,1519122777
93291,599,1557,1,1498505167
93292,599,126,3,1498524093
93293,599,127,3,1498524940
93294,599,1558,2,1498518443
93295,599,2678,4,1519178308
93296,599,7256,3,1519369366
93297,599,997,2,1498511110
93298,599,7257,3,1498525066
93299,599,384,3,1519117839
93300,599,128,3,1519120210
93301,599,272,2,1519122108
93302,599,1035,3,1498521525
93303,599,1560,1,1519150752
93304,599,1779,3,1519124506
93305,599,5163,1,1519183367
93306,599,1780,3,1498797684
93307,599,1561,1,1519148412
93308,599,1562,1,1519122223
93309,599,131,3,1498798122
93310,599,132,2,1519121728
93311,599,133,2,1519358851
93312,599,998,2,1498515759
93313,599,134,3,1498524618
93314,599,135,3,1498501134
93315,599,136,2,1519177403
93316,599,1567,3,1519124983
93317,599,7435,1,1519146564
93318,599,1568,2,1519122150
93319,599,2680,3,1498523602
93320,599,5115,3,1498525186
93321,599,1569,1,1498504918
93322,599,1570,1,1498504388
93323,599,137,2,1519148613
93324,599,1571,3,1498519231
93325,599,1572,3,1498525150
93326,599,386,3,1498525168
93327,599,6594,2,1519350967
93328,599,2040,3,1498523312
93329,599,141,4,1498499195
93330,599,5116,2,1519234167
93331,599,1575,3,1498798219
93332,599,6191,1,1519262930
93333,599,1577,2,1498516482
93334,599,142,3,1498501042
93335,599,388,4,1498499406
93336,599,6980,2,1519234279
93337,599,143,3,1519138694
93338,599,1141,3,1498524487
93339,599,5498,2,1498531979
93340,599,2184,3,1498525539
93341,599,1580,2,1498530787
93342,599,1581,2,1519150429
93343,599,1583,2,1519141139
93344,599,5058,3,1519231255
93345,599,1584,2,1498518221
93346,599,5118,3,1498525615
93347,599,144,2,1498516467
93348,599,1587,1,1519239750
93349,599,2909,2,1498515110
93350,599,145,3,1519122569
93351,599,2488,1,1519146803
93352,599,146,3,1498522144
93353,599,6713,1,1519279622
93354,599,1037,3,1498525432
93355,599,8996,2,1498517222
93356,599,273,3,1519117275
93357,599,3027,3,1498523268
93358,599,147,4,1498498815
93359,599,8997,2,1498514773
93360,599,5745,1,1498503422
93361,599,2573,2,1498515662
93362,599,2402,3,1498522189
93363,599,1594,2,1498532697
93364,599,2574,1,1519173045
93365,599,2152,2,1498518192
93366,599,1597,3,1498501653
93367,599,2910,2,1498515283
93368,599,6321,3,1519237651
93369,599,4221,2,1498518900
93370,599,1598,2,1498511133
93371,599,148,4,1498499284
93372,599,3289,2,1498515358
93373,599,1599,1,1498505035
93374,599,393,3,1498501194
93375,599,8998,1,1519255520
93376,599,6146,3,1498523281
93377,599,2575,3,1498539859
93378,599,150,2,1498516269
93379,599,1601,3,1498521543
93380,599,2911,2,1519147126
93381,599,395,2,1498511902
93382,599,5061,0,1519126141
93383,599,151,3,1519122035
93384,599,1602,3,1498521655
93385,599,1603,2,1498516320
93386,599,1604,1,1498504612
93387,599,1606,2,1519335413
93388,599,1861,2,1519174366
93389,599,6170,2,1519128023
93390,599,1862,2,1498518136
93391,599,2914,1,1498797076
93392,599,3640,1,1498503481
93393,599,5721,1,1498504291
93394,599,3641,0,1519244282
93395,599,152,1,1519185971
93396,599,2469,4,1498499526
93397,599,1607,2,1498516581
93398,599,154,5,1498457236
93399,599,1609,4,1498499005
93400,599,4147,3,1498539882
93401,599,7079,2,1519175795
93402,599,1863,3,1498525738
93403,599,1864,3,1498522024
93404,599,2576,2,1519140287
93405,599,155,2,1498532941
93406,599,1173,3,1498521388
93407,599,1174,3,1498521374
93408,599,1175,3,1502112091
93409,599,1176,2,1498514631
93410,599,1611,3,1498523037
93411,599,1613,2,1519335513
93412,599,1177,4,1498498993
93413,599,999,3,1498615470
93414,599,1178,2,1498509703
93415,599,1614,3,1498522216
93416,599,274,2,1498516969
93417,599,157,5,1498457202
93418,599,1615,3,1498523645
93419,599,2577,3,1498500885
93420,599,6451,2,1498516475
93421,599,6171,2,1519345403
93422,599,4492,2,1498511319
93423,599,6192,1,1498505052
93424,599,158,2,1498509676
93425,599,1618,3,1498521564
93426,599,1619,2,1519180614
93427,599,1621,1,1519115579
93428,599,1622,3,1519237841
93429,599,160,3,1498500254
93430,599,3292,3,1498524830
93431,599,7440,2,1519336156
93432,599,5307,3,1498525658
93433,599,161,2,1498518515
93434,599,1000,2,1498515146
93435,599,1115,3,1501801682
93436,599,1624,2,1498516281
93437,599,2578,1,1498505188
93438,599,2471,2,1498515345
93439,599,163,4,1498499455
93440,599,2580,1,1498504268
93441,599,5724,2,1519470824
93442,599,165,4,1498499309
93443,599,2153,3,1519144738
93444,599,2918,2,1498516229
93445,599,1627,2,1498516012
93446,599,7713,2,1519334384
93447,599,1010,2,1498516262
93448,599,166,3,1498501341
93449,599,7442,1,1519333841
93450,599,3294,2,1519201928
93451,599,167,5,1519029461
93452,599,1001,3,1498522997
93453,599,168,3,1519372753
93454,599,4889,2,1519127737
93455,599,398,2,1519263882
93456,599,8999,0,1498533600
93457,599,3549,2,1519144669
93458,599,8766,2,1498513853
93459,599,2583,2,1519245043
93460,599,399,3,1498519150
93461,599,4154,2,1498527995
93462,599,1632,2,1519174197
93463,599,1633,3,1498525890
93464,599,2921,2,1519234660
93465,599,170,4,1498499127
93466,599,171,3,1498524643
93467,599,1635,2,1519234418
93468,599,4071,1,1498504795
93469,599,172,3,1498524385
93470,599,173,4,1498499019
93471,599,174,4,1498499596
93472,599,1636,1,1498504526
93473,599,1637,1,1498504308
93474,599,178,3,1498521905
93475,599,3295,3,1519125149
93476,599,732,2,1498517984
93477,599,6982,1,1498505241
93478,599,3030,2,1498515819
93479,599,400,3,1498501803
93480,599,5310,2,1498515387
93481,599,179,4,1498459518
93482,599,1003,2,1498518544
93483,599,9000,2,1498530811
93484,599,180,4,1498499488
93485,599,734,1,1519125807
93486,599,1179,2,1498518434
93487,599,1116,3,1498521482
93488,599,1642,2,1498515567
93489,599,1643,2,1498510072
93490,599,181,4,1498539244
93491,599,735,3,1498521926
93492,599,2684,1,1498504000
93493,599,1644,1,1498504444
93494,599,1646,2,1498511227
93495,599,1117,2,1498510240
93496,599,2095,4,1498498746
93497,599,5063,2,1519239414
93498,599,5123,3,1498521919
93499,599,1648,3,1498525700
93500,599,182,3,1519118030
93501,599,402,3,1498501147
93502,599,5065,2,1519150344
93503,599,1650,3,1498521980
93504,599,405,3,1498501027
93505,599,3606,2,1498510825
93506,599,2490,1,1498504661
93507,599,2587,2,1498517601
93508,599,2588,2,1498514714
93509,599,183,3,1498539915
93510,599,4865,2,1498510366
93511,599,5494,1,1498797049
93512,599,3297,2,1519142156
93513,599,1653,2,1498517531
93514,599,1655,2,1498515525
93515,599,5513,2,1498518640
93516,599,4908,2,1498518606
93517,599,1656,2,1498516505
93518,599,184,2,1498516942
93519,599,6182,2,1498514578
93520,599,1657,2,1498511094
93521,599,2188,1,1519177952
93522,599,6195,3,1498501001
93523,599,185,5,1498533774
93524,599,186,3,1498501391
93525,599,839,2,1519125729
93526,599,5043,2,1498517668
93527,599,5044,2,1498516787
93528,599,6909,2,1519335865
93529,599,2593,3,1498797587
93530,599,2097,3,1498798304
93531,599,1667,3,1519124802
93532,599,188,3,1498522121
93533,599,1180,3,1498501316
93534,599,4890,3,1498521505
93535,599,6455,3,1498521672
93536,599,6324,2,1498514249
93537,599,2713,3,1498501256
93538,599,190,4,1498499646
93539,599,191,3,1498523300
93540,599,192,2,1519121895
93541,599,3299,2,1519172579
93542,599,1181,4,1498499083
93543,599,2190,3,1498525581
93544,599,1182,2,1498517617
93545,599,193,5,1498456882
93546,599,3231,3,1498797730
93547,599,1669,3,1498525918
93548,599,5314,3,1498500798
93549,599,194,4,1498499248
93550,599,5129,4,1498499208
93551,599,195,3,1498501533
93552,599,1866,2,1519126652
93553,599,1867,2,1519126336
93554,599,196,2,1498515207
93555,599,197,3,1498523306
93556,599,1670,1,1498504642
93557,599,198,4,1498499514
93558,599,1118,3,1498519053
93559,599,2041,3,1498525859
93560,599,6457,3,1519127220
93561,599,1672,2,1498510491
93562,599,2191,3,1498615503
93563,599,2098,5,1498457210
93564,599,199,4,1498499373
93565,599,5606,3,1519235693
93566,599,1142,3,1519124038
93567,599,1677,2,1519180383
93568,599,3036,3,1498521451
93569,599,201,2,1498517303
93570,599,202,3,1498523905
93571,599,5746,2,1498510920
93572,599,5501,3,1519171960
93573,599,1682,3,1498522052
93574,599,4155,3,1519136253
93575,599,1683,2,1519126223
93576,599,1183,2,1498517947
93577,599,1685,4,1498539306
93578,599,2192,2,1519144004
93579,599,1687,2,1519136536
93580,599,2193,3,1498519808
93581,599,2194,3,1498523653
93582,599,1120,3,1498524052
93583,599,1688,1,1498503839
93584,599,5074,1,1519255706
93585,599,6604,3,1498524319
93586,599,1689,1,1498503434
93587,599,204,3,1498525850
93588,599,2929,3,1498523432
93589,599,415,5,1498457183
93590,599,205,4,1498499273
93591,599,841,2,1498514459
93592,599,1121,3,1498797445
93593,599,416,3,1498522138
93594,599,206,3,1498524124
93595,599,2099,2,1498516724
93596,599,2599,3,1498525868
93597,599,1690,2,1498510303
93598,599,2687,3,1498521774
93599,599,3611,2,1519329881
93600,599,5076,4,1498499335
93601,599,3234,4,1498498562
93602,599,2600,1,1498505199
93603,599,277,3,1498525775
93604,599,1692,2,1498518380
93605,599,6197,2,1498514958
93606,599,8074,2,1519238958
93607,599,207,1,1519179019
93608,599,208,3,1498525510
93609,599,1696,2,1498537420
93610,599,2199,2,1519183074
93611,599,2200,4,1498498942
93612,599,209,2,1498518790
93613,599,1697,2,1498518868
93614,599,418,2,1498516714
93615,599,2201,3,1498798068
93616,599,1184,2,1498510567
93617,599,1698,2,1498514571
93618,599,2601,3,1498521459
93619,599,1143,3,1498523733
93620,599,1699,2,1498518521
93621,599,2100,4,1498498587
93622,599,3612,3,1498798246
93623,599,4083,2,1498510991
93624,599,2689,1,1498504047
93625,599,1700,2,1498514340
93626,599,2492,3,1498501626
93627,599,2203,2,1519262877
93628,599,1185,3,1498521648
93629,599,2603,2,1519201886
93630,599,1011,2,1498517397
93631,599,1701,3,1498525160
93632,599,419,3,1498524720
93633,599,4867,3,1519256975
93634,599,842,3,1498525667
93635,599,3037,4,1498539265
93636,599,4745,2,1519238216
93637,599,737,1,1519146837
93638,599,1705,1,1498504243
93639,599,420,3,1519182403
93640,599,1706,3,1498525086
93641,599,2494,3,1498500920
93642,599,421,3,1498519796
93643,599,9001,4,1498539583
93644,599,2691,1,1519180522
93645,599,211,3,1519122486
93646,599,1708,2,1519279032
93647,599,2930,3,1498525691
93648,599,5734,1,1519240760
93649,599,1712,3,1519138238
93650,599,1713,3,1519182353
93651,599,1714,3,1498522229
93652,599,422,2,1498518125
93653,599,1012,1,1498504596
93654,599,6491,3,1519144088
93655,599,1717,3,1498525113
93656,599,1718,2,1498517966
93657,599,6606,2,1519257917
93658,599,1719,4,1519118955
93659,599,1144,5,1519029386
93660,599,1790,3,1498539934
93661,599,212,3,1498523362
93662,599,213,2,1498513869
93663,599,3236,2,1498515576
93664,599,215,2,1498532568
93665,599,216,2,1498514449
93666,599,3301,3,1498523482
93667,599,1720,2,1498514697
93668,599,3064,2,1519175997
93669,599,3506,4,1498762589
93670,599,1722,3,1519118887
93671,599,1723,4,1498499581
93672,599,6607,2,1519136288
93673,599,217,3,1498523341
93674,599,423,3,1498524073
93675,599,218,3,1498523261
93676,599,1039,2,1498515336
93677,599,1729,2,1519333413
93678,599,2605,3,1498525440
93679,599,5084,4,1498540097
93680,599,1730,2,1498517013
93681,599,1040,2,1498513766
93682,599,6198,0,1498797208
93683,599,5321,2,1498527205
93684,599,5741,2,1519175845
93685,599,219,4,1498498760
93686,599,4685,2,1519432525
93687,599,2606,3,1498525640
93688,599,2122,2,1498517289
93689,599,6018,2,1498515749
93690,599,9002,2,1498511343
93691,599,220,3,1498501113
93692,599,426,2,1498517979
93693,599,5322,2,1498518041
93694,599,2932,2,1519239173
93695,599,221,2,1498515654
93696,599,1014,2,1498517522
93697,599,4270,3,1498800129
93698,599,2161,3,1498522152
93699,599,1004,3,1498525594
93700,599,9003,2,1498513926
93701,599,223,3,1498501432
93702,599,1145,3,1498519787
93703,599,1123,3,1498523275
93704,599,4919,2,1519236545
93705,599,1744,2,1519139115
93706,599,5841,1,1519337653
93707,599,1746,1,1498505267
93708,599,1871,3,1498525448
93709,599,1747,3,1498525531
93710,599,9004,2,1519138478
93711,599,1749,3,1498521886
93712,599,224,3,1498500942
93713,599,225,5,1498457244
93714,599,1750,3,1498798237
93715,599,9005,2,1519236798
93716,599,8145,3,1519234508
93717,599,5616,3,1498521634
93718,599,2764,3,1498522059
93719,599,843,3,1519123018
93720,599,227,4,1498499547
93721,599,1124,4,1498539281
93722,599,1757,1,1498505114
93723,599,1016,2,1498510455
93724,599,1795,2,1498516688
93725,599,1759,3,1498525795
93726,599,2610,2,1498515190
93727,599,3048,0,1519357757
93728,599,2207,3,1498521813
93729,599,1761,2,1519184378
93730,599,1188,2,1498515672
93731,599,2162,2,1519125643
93732,599,229,3,1498500859
93733,599,1017,1,1519180278
93734,599,2933,1,1519178131
93735,599,230,2,1498516032
93736,599,1764,1,1498504820
93737,599,1765,1,1519138884
93738,599,1018,2,1519172218
93739,599,6608,2,1519330920
93740,599,4687,2,1498517478
93741,599,1766,1,1498504775
93742,599,1796,2,1498515698
93743,599,2496,1,1519201786
93744,599,1019,2,1498514066
93745,599,5135,2,1519240351
93746,599,7267,2,1519347108
93747,599,1872,3,1498501439
93748,599,739,3,1498500764
93749,599,6466,3,1498501724
93750,599,867,2,1519243605
93751,599,6912,1,1498504150
93752,599,6714,2,1498516061
93753,599,1189,3,1498524405
93754,599,429,3,1498501634
93755,599,4922,2,1519336732
93756,599,430,2,1498514875
93757,599,5329,2,1519243946
93758,599,2935,3,1498523136
93759,599,3051,1,1519173528
93760,599,6609,1,1498504621
93761,599,5331,3,1498501327
93762,599,1797,2,1498513984
93763,599,278,5,1498457191
93764,599,2208,2,1498518706
93765,599,1021,2,1498511217
93766,599,9006,1,1519258146
93767,599,2512,2,1519241601
93768,599,2715,2,1498516157
93769,599,1798,3,1498799952
93770,599,7687,0,1519335933
93771,599,741,2,1498510483
93772,599,4493,1,1498504366
93773,599,3309,1,1519185458
93774,599,1873,2,1519125997
93775,599,1799,2,1498513907
93776,599,742,2,1498518248
93777,599,432,4,1498498674
93778,599,2475,0,1498502702
93779,599,1874,2,1498515298
93780,599,231,2,1519327986
93781,599,1190,3,1498524502
93782,599,2615,3,1498797606
93783,599,6413,2,1519180481
93784,599,1022,3,1498519789
93785,599,7465,2,1498510275
93786,599,434,2,1498518686
93787,599,3310,2,1498510508
93788,599,2042,2,1498518582
93789,599,1804,2,1519177641
93790,599,1043,2,1498516526
93791,599,437,3,1498501454
93792,599,438,3,1498524417
93793,599,440,2,1498511276
93794,599,2043,2,1498514280
93795,599,4869,2,1498518313
93796,599,1806,2,1498515706
93797,599,1875,1,1519184507
93798,599,6414,3,1519236400
93799,599,2210,3,1519244003
93800,599,4929,3,1498525547
93801,599,2617,1,1519142437
93802,599,4689,2,1519141087
93803,599,2619,3,1498501785
93804,599,1876,3,1498501574
93805,599,1808,3,1519118097
93806,599,3552,3,1519124149
93807,599,2692,2,1519235391
93808,599,3140,3,1498523489
93809,599,4090,1,1519232759
93810,599,8216,2,1519135559
93811,599,442,2,1498516089
93812,599,7470,0,1519124389
93813,599,6610,1,1519350269
93814,599,844,2,1519237498
93815,599,2621,1,1498504430
93816,599,5337,1,1519149718
93817,599,1023,2,1498516336
93818,599,3238,2,1498514261
93819,599,2623,2,1519345480
93820,599,1810,2,1519149765
93821,599,4930,2,1498510211
93822,599,7420,2,1519255336
93823,599,9007,3,1498526542
93824,599,8926,2,1498510112
93825,599,3240,2,1519326504
93826,599,5086,2,1519185512
93827,599,4091,2,1498514758
93828,599,2938,1,1498504377
93829,599,744,2,1498514137
93830,599,445,4,1498762577
93831,599,446,3,1498523071
93832,599,9008,2,1519371214
93833,599,4495,1,1498505211
93834,599,4092,0,1498533385
93835,599,1191,3,1498500892
93836,599,1812,1,1498504543
93837,599,5343,2,1498515139
93838,599,6337,2,1498518884
93839,599,2942,1,1498504415
93840,599,8224,3,1519333392
93841,599,2626,2,1519261866
93842,599,1813,3,1502112182
93843,599,745,2,1498516815
93844,599,451,2,1498511831
93845,599,746,2,1498511310
93846,599,2628,3,1498525815
93847,599,1192,3,1519119428
93848,599,2630,1,1498504574
93849,599,1814,2,1498518262
93850,599,2632,3,1498524542
93851,599,2633,1,1498505102
93852,599,2634,3,1498798167
93853,599,1816,2,1498514093
93854,599,1817,2,1498514977
93855,599,747,2,1498516078
93856,599,1818,3,1498501601
93857,599,3178,3,1498525832
93858,599,3643,1,1519262596
93859,599,3318,3,1519179929
93860,599,3319,1,1498503968
93861,599,7276,2,1498514316
93862,599,9009,1,1519331093
93863,599,3553,2,1519175643
93864,599,5149,2,1498540742
93865,599,7282,4,1498499617
93866,599,2636,2,1498518173
93867,599,6417,2,1498517957
93868,599,1819,1,1498505124
93869,599,5351,2,1498513755
93870,599,4871,4,1498539552
93871,599,6036,2,1498527255
93872,599,2716,1,1519185498
93873,599,2638,1,1519259490
93874,599,6701,1,1498505229
93875,599,2640,3,1498501306
93876,599,1877,3,1498615511
93877,599,9010,2,1498510976
93878,599,6005,2,1519144358
93879,599,2693,1,1519235321
93880,599,9011,1,1519427883
93881,599,6421,3,1519149534
93882,599,2947,3,1519120088
93883,599,2641,1,1519180355
93884,599,9012,2,1519147299
93885,599,1821,2,1519125327
93886,599,6037,2,1519150869
93887,599,5845,3,1498523194
93888,599,1878,3,1498524880
93889,599,4872,3,1498501053
93890,599,845,2,1498516955
93891,599,7285,2,1519253312
93892,599,2644,2,1519179098
93893,599,9013,2,1519363306
93894,599,1146,2,1519122646
93895,599,9014,3,1519337313
93896,599,8230,1,1519339027
93897,599,7211,0,1498530698
93898,599,3247,2,1519178892
93899,599,4096,1,1519138525
93900,599,2948,2,1498514616
93901,599,9015,2,1519336069
93902,599,9016,3,1519142068
93903,599,9017,2,1519345879
93904,599,9018,2,1498518830
93905,599,7492,2,1519141576
93906,599,6617,1,1498505251
93907,599,1879,3,1498525409
93908,599,2647,2,1498514414
93909,599,5634,2,1498531712
93910,599,7212,2,1498515250
93911,599,7493,2,1498509947
93912,599,3320,2,1498510815
93913,599,454,3,1498523380
93914,599,2649,2,1498516130
93915,599,6618,3,1519373552
93916,599,9019,2,1498517430
93917,599,4230,1,1519180740
93918,599,2650,2,1519138007
93919,599,6210,2,1498518559
93920,599,2651,1,1498505281
93921,599,749,2,1519137001
93922,599,1880,2,1498516590
93923,599,1823,1,1498503926
93924,599,4943,1,1519149271
93925,599,1044,2,1498518066
93926,599,1194,2,1498510471
93927,599,4158,1,1519178437
93928,599,1824,2,1498516098
93929,599,6211,1,1498505013
93930,599,4102,1,1498505137
93931,599,1825,3,1498523425
93932,599,2218,2,1519262197
93933,599,5571,2,1519241504
93934,599,4875,2,1519263200
93935,599,7129,2,1498515727
93936,599,6503,0,1498502625
93937,599,1828,2,1519233720
93938,599,1829,4,1519117681
93939,599,5362,3,1498524783
93940,599,2123,3,1498532070
93941,599,6623,2,1519346442
93942,599,4184,3,1498500877
93943,599,751,2,1498516288
93944,599,1125,3,1498501693
93945,599,3498,3,1519240033
93946,599,457,3,1498521747
93947,599,752,2,1498515011
93948,599,3615,2,1498514189
93949,599,2513,2,1498515030
93950,599,458,3,1498525142
93951,599,5365,2,1498517037
93952,599,1831,2,1498516754
93953,599,459,3,1498523741
93954,599,2044,2,1498514884
93955,599,5367,3,1498542577
93956,599,5207,2,1498516824
93957,599,2769,2,1498532256
93958,599,2694,2,1498516518
93959,599,5168,2,1519201688
93960,599,6013,2,1519144322
93961,599,753,4,1498499728
93962,599,2951,2,1519263949
93963,599,1126,5,1498533410
93964,599,2696,2,1498515052
93965,599,2717,3,1498501093
93966,599,5369,3,1498501334
93967,599,1832,3,1498501848
93968,599,2404,2,1519122705
93969,599,3644,2,1498511059
93970,599,2952,1,1498504941
93971,599,754,4,1498499417
93972,599,755,2,1498518536
93973,599,2770,3,1519237412
93974,599,2220,2,1498513889
93975,599,1834,3,1498523103
93976,599,1836,2,1498517878
93977,599,4954,3,1519243183
93978,599,4498,1,1519178655
93979,599,3182,2,1498518094
93980,599,4160,2,1519138146
93981,599,2953,2,1498510999
93982,599,5748,3,1498501263
93983,599,3326,3,1519138140
93984,599,9020,1,1498504397
93985,599,9021,3,1519173619
93986,599,2221,3,1498523944
93987,599,8495,2,1519353546
93988,599,4161,3,1498523240
93989,599,6213,2,1519336916
93990,599,6214,2,1498509713
93991,599,7509,2,1519261970
93992,599,9022,1,1519179435
93993,599,4955,1,1519338943
93994,599,1837,1,1498505177
93995,599,1838,3,1498524335
93996,599,9023,1,1519177111
93997,599,6504,2,1498514642
93998,599,5374,2,1498537456
93999,599,9024,1,1498505061
94000,599,5590,1,1519150831
94001,599,2476,1,1519233290
94002,599,2222,2,1498510219
94003,599,4836,2,1519173830
94004,599,1839,2,1498531165
94005,599,9025,3,1498797867
94006,599,5507,2,1519335299
94007,599,1881,2,1498515351
94008,599,9026,3,1519429458
94009,599,4163,2,1519140809
94010,599,1840,3,1498501417
94011,599,6629,2,1498517168
94012,599,3251,2,1498511817
94013,599,1198,2,1498515721
94014,599,9027,2,1498513796
94015,599,2699,2,1498517488
94016,599,3184,4,1519119132
94017,599,5376,2,1498514435
94018,599,4477,4,1498498853
94019,599,2701,3,1498798055
94020,599,4478,2,1498510179
94021,599,6134,2,1498517539
94022,599,2103,3,1498521518
94023,599,7757,2,1498509616
94024,599,7522,3,1498525455
94025,599,757,3,1498501062
94026,599,6630,2,1519345226
94027,599,4499,1,1498504169
94028,599,870,2,1498518745
94029,599,758,3,1498524440
94030,599,1845,2,1498518357
94031,599,1199,3,1498525228
94032,599,5382,3,1498525804
94033,599,6426,0,1498502739
94034,599,9028,2,1519368183
94035,599,759,2,1498517900
94036,599,4481,2,1519233000
94037,599,6217,2,1498510097
94038,599,1847,2,1498517351
94039,599,761,3,1498525258
94040,599,7530,1,1519338127
94041,599,848,1,1498504585
94042,599,762,2,1498510901
94043,599,2955,2,1498514731
94044,599,4848,3,1498527016
94045,599,7532,2,1498515544
94046,599,2703,2,1498517909
94047,599,5153,2,1498515133
94048,599,5511,2,1519149935
94049,599,3329,3,1498524311
94050,599,3252,2,1519141620
94051,599,3330,2,1519240703
94052,599,6218,1,1498504037
94053,599,2704,2,1519173358
94054,599,1200,3,1498523150
94055,599,2227,3,1498525287
94056,599,2705,2,1498515488
94057,599,2706,1,1519235266
94058,599,9029,1,1519184880
94059,599,9030,1,1519137907
94060,599,9031,2,1498516880
94061,599,2045,2,1498518712
94062,599,763,2,1498532092
94063,599,3276,3,1498525177
94064,599,1849,2,1498518648
94065,599,5284,2,1498514669
94066,599,5393,2,1519238712
94067,599,1202,4,1498539325
94068,599,2046,3,1498798159
94069,599,7539,2,1519238465
94070,599,1203,2,1519125400
94071,599,7541,2,1519244174
94072,599,9032,2,1519343729
94073,599,3186,2,1519117382
94074,599,1850,2,1519135016
94075,599,6637,2,1519259308
94076,599,9033,3,1498525766
94077,599,4165,3,1498525375
94078,599,2772,2,1498514407
94079,599,764,3,1498525316
94080,599,850,2,1519172849
94081,599,851,1,1519255844
94082,599,4483,2,1498515328
94083,599,856,3,1498523712
94084,599,1204,2,1498514024
94085,599,1205,2,1498517342
94086,599,2231,1,1498504990
94087,599,765,3,1498523254
94088,599,3188,3,1498500931
94089,599,857,3,1498525573
94090,599,4839,2,1498515117
94091,599,9034,1,1498503879
94092,599,4850,3,1498525491
94093,599,860,2,1519353437
94094,599,766,3,1498523331
94095,599,767,2,1498510398
94096,599,5154,2,1498514823
94097,599,1206,4,1498499537
94098,599,5399,2,1519346551
94099,599,4504,3,1498527101
94100,599,5173,2,1519530214
94101,599,1147,3,1519117170
94102,599,7301,2,1498518230
94103,599,7550,2,1519263687
94104,599,4166,3,1498524971
94105,599,3616,2,1498514347
94106,599,5402,2,1498518241
94107,599,4837,2,1519114693
94108,599,6351,3,1519329448
94109,599,1854,2,1498514104
94110,599,7555,3,1498797768
94111,599,1855,1,1498503959
94112,599,4972,2,1498516018
94113,599,3189,3,1498523129
94114,599,4116,1,1498504890
94115,599,9035,2,1519136777
94116,599,4973,2,1519178401
94117,599,5406,1,1498504344
94118,599,285,2,1519243824
94119,599,9036,2,1519355991
94120,599,4118,4,1498500162
94121,599,1207,1,1498504158
94122,599,5809,2,1498511769
94123,599,4976,3,1498521628
94124,599,3565,2,1519135714
94125,599,7563,2,1519346342
94126,599,9037,2,1519456352
94127,599,8529,2,1498510698
94128,599,5142,2,1498509652
94129,599,5175,2,1498514357
94130,599,5410,2,1519366754
94131,599,768,3,1498524578
94132,599,5413,2,1519172405
94133,599,7697,2,1498516365
94134,599,769,3,1498525122
94135,599,1210,2,1498517678
94136,599,8518,2,1498516903
94137,599,1211,4,1498539616
94138,599,3657,2,1498514598
94139,599,1046,3,1498522236
94140,599,9038,3,1519254733
94141,599,7570,1,1498504688
94142,599,5850,2,1519173414
94143,599,770,3,1498523691
94144,599,2235,2,1498516631
94145,599,771,2,1498516218
94146,599,3070,2,1498510733
94147,599,1212,1,1498504650
94148,599,9039,0,1498502617
94149,599,6645,1,1498504260
94150,599,6227,1,1498504013
94151,599,2237,2,1498518012
94152,599,8305,2,1498511299
94153,599,7577,1,1519150917
94154,599,9040,1,1498503991
94155,599,3662,2,1498513967
94156,599,8310,2,1519351593
94157,599,5877,2,1498515809
94158,599,2480,2,1498516427
94159,599,4123,2,1498517548
94160,599,5851,2,1519332333
94161,599,7581,1,1519346948
94162,599,4125,2,1498532875
94163,599,5418,4,1498499424
94164,599,2960,3,1498525031
94165,599,2500,3,1519139901
94166,599,6228,3,1498525554
94167,599,7582,2,1519427571
94168,599,9041,2,1498518721
94169,599,1213,2,1519126839
94170,599,2047,5,1498533783
94171,599,7587,2,1519334799
94172,599,2106,2,1519127605
94173,599,9042,2,1519127592
94174,599,8936,2,1519127641
94175,599,4127,1,1498504932
94176,599,9043,2,1519557945
94177,599,3259,2,1498515495
94178,599,3336,2,1498518396
94179,599,3668,2,1498511748
94180,599,4854,2,1498527981
94181,599,1214,4,1498499606
94182,599,3567,3,1519116691
94183,599,2962,1,1519144399
94184,599,8800,2,1498510044
94185,599,9044,2,1498511068
94186,599,1215,3,1498797480
94187,599,7591,2,1519142210
94188,599,6506,3,1519279420
94189,599,6647,0,1498502607
94190,599,3260,3,1498523747
94191,599,6648,2,1519264488
94192,599,7594,2,1519263553
94193,599,2109,4,1498499146
94194,599,9045,2,1519345916
94195,599,2241,3,1498524510
94196,599,1148,3,1498537646
94197,599,2963,2,1498528243
94198,599,235,5,1498457174
94199,599,5421,3,1498798175
94200,599,9046,2,1498515557
94201,599,1216,1,1498505002
94202,599,5422,3,1498521974
94203,599,8319,2,1498517592
94204,599,2110,3,1498531502
94205,599,5423,2,1498516747
94206,599,773,3,1498525204
94207,599,3195,3,1498521992
94208,599,2243,3,1498525565
94209,599,2245,3,1498522098
94210,599,8100,3,1498798079
94211,599,2246,2,1498516646
94212,599,3261,2,1519126090
94213,599,7720,2,1498537465
94214,599,8938,1,1498505220
94215,599,3262,1,1519233780
94216,599,2248,3,1519369509
94217,599,9047,2,1519180075
94218,599,2965,2,1498510190
94219,599,2966,3,1498501505
94220,599,9048,1,1498504764
94221,599,3263,2,1519264065
94222,599,7721,2,1519148979
94223,599,8330,2,1519185096
94224,599,3142,4,1498499354
94225,599,3264,2,1519232562
94226,599,3265,4,1519292151
94227,599,6651,2,1498514168
94228,599,7598,2,1519235783
94229,599,9049,2,1498516236
94230,599,5178,3,1519122822
94231,599,3266,2,1519140206
94232,599,9050,2,1498518892
94233,599,5782,3,1498523836
94234,599,2251,3,1498525631
94235,599,1129,3,1498519642
94236,599,7772,2,1498513806
94237,599,7316,1,1498505313
94238,599,9051,3,1519127868
94239,599,6234,2,1498527082
94240,599,6745,2,1519422034
94241,599,9052,2,1519142535
94242,599,3341,2,1498518270
94243,599,774,4,1498499261
94244,599,775,3,1498526223
94245,599,9053,2,1519442710
94246,599,7722,3,1519363166
94247,599,7602,2,1519257655
94248,599,4506,3,1519437591
94249,599,6235,2,1498533286
94250,599,3199,3,1498522090
94251,599,2780,2,1519146486
94252,599,1047,1,1498504835
94253,599,4507,3,1498523921
94254,599,9054,2,1498518296
94255,599,7606,2,1519140628
94256,599,3344,2,1498510139
94257,599,5431,3,1498615717
94258,599,3200,3,1498525728
94259,599,1130,3,1498519103
94260,599,5225,2,1498514374
94261,599,4287,2,1498518693
94262,599,1222,3,1498798228
94263,599,3144,4,1498539565
94264,599,3573,3,1498501164
94265,599,1048,4,1498499752
94266,599,4508,2,1498510942
94267,599,9055,3,1519370076
94268,599,777,2,1498517418
94269,599,2253,3,1498797917
94270,599,1149,4,1498499567
94271,599,1885,2,1498515832
94272,599,1886,2,1498517405
94273,599,2115,3,1498521744
94274,599,3271,2,1519235950
94275,599,9056,3,1519121283
94276,599,3599,3,1519177587
94277,599,1887,2,1498510089
94278,599,9057,2,1519347513
94279,599,9058,2,1519354277
94280,599,6468,0,1498502820
94281,599,2784,4,1498762610
94282,599,2970,2,1519150202
94283,599,4887,4,1498526714
94284,599,8945,1,1519337523
94285,599,4136,3,1498522945
94286,599,8386,2,1498518782
94287,599,5522,3,1519337685
94288,599,6241,3,1498524464
94289,599,6243,2,1498516106
94290,599,3204,3,1498501349
94291,599,9059,1,1519174935
94292,599,9060,2,1519369662
94293,599,2118,3,1519116110
94294,599,4289,3,1498521606
94295,599,5434,2,1519120447
94296,599,9061,1,1519142260
94297,599,5785,3,1498525876
94298,599,9062,2,1519244828
94299,599,7610,1,1498504900
94300,599,2786,2,1498799658
94301,599,6656,3,1519144831
94302,599,3576,2,1519257121
94303,599,1226,1,1498504804
94304,599,5888,2,1498510200
94305,599,9063,2,1519422605
94306,599,7213,1,1498503528
94307,599,9064,2,1498510714
94308,599,8414,3,1519136128
94309,599,8834,4,1498533063
94310,599,5525,3,1498522081
94311,599,9065,2,1519240400
94312,599,6658,2,1498510260
94313,599,782,2,1498537392
94314,599,887,2,1498510464
94315,599,4509,2,1498511351
94316,599,3277,2,1498516696
94317,599,3278,2,1498509739
94318,599,5098,2,1498515093
94319,599,2049,3,1519135974
94320,599,2972,2,1519179372
94321,599,783,3,1498502258
94322,599,4292,3,1498521987
94323,599,1227,2,1498517644
94324,599,784,3,1498525746
94325,599,5231,3,1498523675
94326,599,9066,2,1519367819
94327,599,9067,3,1519262723
94328,599,786,2,1498516623
94329,599,1228,3,1498525648
94330,599,236,3,1498523618
94331,599,5890,1,1498504605
94332,599,3351,2,1498517144
94333,599,8445,2,1519370237
94334,599,5007,3,1519351400
94335,599,3209,3,1519105019
94336,599,5232,3,1498523857
94337,599,3352,2,1498511009
94338,599,2266,3,1498523206
94339,599,9068,2,1519234978
94340,599,3354,2,1519126381
94341,599,2267,3,1498521322
94342,599,1229,3,1519121842
94343,599,9069,1,1498533305
94344,599,6432,2,1498510879
94345,599,795,2,1498518350
94346,599,2518,2,1498515481
94347,599,2272,2,1498517470
94348,599,799,2,1498515619
94349,599,3357,1,1498504551
94350,599,9070,2,1519240481
94351,599,6659,2,1498511188
94352,599,4294,3,1498523557
94353,599,9071,2,1519259738
94354,599,7779,3,1498524043
94355,599,9072,3,1519126992
94356,599,4987,3,1519126880
94357,599,9073,2,1519179496
94358,599,9074,3,1519258987
94359,599,6251,3,1519123976
94360,599,9075,3,1519136610
94361,599,9076,2,1498532991
94362,599,5811,2,1519256660
94363,599,9077,3,1498524652
94364,599,9078,2,1498517865
94365,599,5790,3,1519373383
94366,599,9079,3,1519127698
94367,599,9080,4,1519370903
94368,599,9081,3,1519143268
94369,599,6252,3,1519352490
94370,599,3210,3,1498523571
94371,599,9082,1,1519244487
94372,599,9083,3,1498523474
94373,599,9084,2,1519256472
94374,599,9085,3,1498500899
94375,599,6908,2,1519183427
94376,599,9086,3,1498523408
94377,599,9087,2,1498509624
94378,599,7135,3,1517370572
94379,599,9088,2,1519328066
94380,599,9089,2,1519234570
94381,599,9090,3,1519235553
94382,599,9091,3,1519456093
94383,599,6254,2,1519137869
94384,599,9092,3,1519236621
94385,599,7393,3,1519148724
94386,599,2273,3,1519179724
94387,599,4302,2,1519114851
94388,599,9093,2,1498511855
94389,599,6040,1,1519124422
94390,599,9094,0,1498502828
94391,599,7782,2,1519347948
94392,599,9095,3,1498531424
94393,599,9096,2,1519138083
94394,599,2408,3,1519126484
94395,599,9097,1,1498505302
94396,599,9098,2,1519351112
94397,599,7214,2,1498510543
94398,599,3359,2,1519263317
94399,599,9099,2,1519369048
94400,599,6661,1,1519342775
94401,599,9100,3,1498522069
94402,599,2276,2,1519348438
94403,599,9101,1,1498503939
94404,599,9102,2,1519346846
94405,599,9103,3,1519123523
94406,599,4988,3,1519233401
94407,599,6256,2,1498515044
94408,599,3360,2,1519243891
94409,599,9104,1,1519336409
94410,599,9105,2,1519346264
94411,599,9106,2,1498517236
94412,599,9107,3,1519355360
94413,599,9108,1,1519333508
94414,599,3211,3,1519177271
94415,599,9109,3,1498521444
94416,599,9110,1,1519135617
94417,599,9111,2,1519357883
94418,599,9112,2,1498510844
94419,599,9113,2,1519122417
94420,599,2796,4,1498501963
94421,599,2482,2,1498516765
94422,599,9114,1,1498503982
94423,599,6257,2,1519122296
94424,599,4144,3,1498800198
94425,599,3676,3,1498527737
94426,599,9115,2,1498531667
94427,599,5899,1,1498504027
94428,599,9116,2,1498518081
94429,599,6041,2,1498509608
94430,599,9117,1,1519235170
94431,599,9118,0,1519175596
94432,599,6258,3,1498522178
94433,599,1131,3,1519240294
94434,599,3072,2,1498532418
94435,599,9119,3,1519116264
94436,599,2483,3,1498519344
94437,599,800,3,1519183604
94438,599,9120,2,1519420065
94439,599,9121,3,1498522129
94440,599,5242,2,1519136404
94441,599,1132,4,1498499042
94442,599,9122,1,1519136492
94443,599,2280,2,1519235498
94444,599,2484,3,1519145300
94445,599,9123,3,1519259012
94446,599,1235,3,1498521577
94447,599,5534,3,1519121308
94448,599,3149,2,1498532849
94449,599,3150,4,1498499500
94450,599,5906,2,1498514679
94451,599,5751,1,1498504093
94452,599,9124,2,1498510052
94453,599,9125,1,1519136858
94454,599,1150,2,1498533131
94455,599,8501,3,1498524085
94456,599,9126,3,1519127793
94457,599,893,2,1498516682
94458,599,803,2,1498516404
94459,599,9127,2,1519185643
94460,599,9128,2,1519350081
94461,599,7784,2,1498515734
94462,599,4247,2,1498509956
94463,599,5538,3,1519183803
94464,599,9129,2,1519351908
94465,599,9130,2,1498514623
94466,599,9131,2,1519178064
94467,599,6769,3,1498519770
94468,599,5803,3,1498521425
94469,599,807,3,1498500807
94470,599,2801,3,1498689948
94471,599,3775,3,1519139181
94472,599,9132,2,1498516245
94473,599,808,3,1498523807
94474,599,2286,2,1498511154
94475,599,9133,2,1498518732
94476,599,9134,3,1519173952
94477,599,3368,2,1498518389
94478,599,809,3,1498524911
94479,599,9135,2,1519124327
94480,599,895,2,1498515263
94481,599,7620,3,1519459381
94482,599,810,3,1498521865
94483,599,9136,3,1519121367
94484,599,811,1,1498504950
94485,599,5541,2,1498518370
94486,599,9137,1,1498504218
94487,599,6669,2,1498510319
94488,599,8621,3,1498525841
94489,599,1241,2,1498515064
94490,599,1892,2,1498514421
94491,599,9138,1,1502111776
94492,599,6266,2,1498514043
94493,599,3778,2,1498509978
94494,599,2974,2,1519232666
94495,599,1242,3,1498500262
94496,599,2052,2,1498533187
94497,599,9139,1,1519137570
94498,599,9140,2,1498517271
94499,599,2127,2,1498516614
94500,599,2290,2,1498515102
94501,599,1243,3,1498525325
94502,599,9141,3,1498521380
94503,599,6267,2,1498517411
94504,599,3780,2,1498510349
94505,599,4994,1,1498504787
94506,599,4838,2,1519127124
94507,599,6671,2,1498515310
94508,599,1248,3,1498521856
94509,599,1249,3,1498798291
94510,599,8783,3,1498797378
94511,599,2294,2,1498518495
94512,599,2295,2,1498518595
94513,599,2975,2,1498511808
94514,599,9142,2,1519121538
94515,599,4758,2,1498514907
94516,599,9143,3,1519244386
94517,599,2299,2,1498518150
94518,599,7145,2,1498514491
94519,599,1895,2,1498515157
94520,599,7361,2,1498518660
94521,599,9144,3,1519183757
94522,599,5754,2,1519253649
94523,599,5250,2,1498514587
94524,599,6436,3,1498522973
94525,599,9145,3,1519183940
94526,599,3217,3,1498523768
94527,599,9146,2,1519348733
94528,599,3378,3,1519179771
94529,599,3786,2,1498515076
94530,599,3379,2,1498515505
94531,599,9147,2,1519264213
94532,599,9148,3,1498525056
94533,599,9149,1,1498797061
94534,599,9150,2,1519367934
94535,599,7726,3,1498524962
94536,599,5192,1,1498503455
94537,599,9151,3,1498526369
94538,599,2304,2,1498516841
94539,599,2305,0,1519178936
94540,599,7147,2,1519334055
94541,599,1251,3,1498542540
94542,599,2307,2,1498516891
94543,599,1252,2,1498516961
94544,599,9152,2,1498527069
94545,599,9153,2,1519258786
94546,599,9154,0,1498502775
94547,599,5941,0,1519437247
94548,599,2309,3,1498522158
94549,599,6273,2,1498518049
94550,599,4515,1,1519334662
94551,599,9155,2,1498516275
94552,599,7364,2,1498514009
94553,599,2486,3,1498524684
94554,599,5253,2,1498516598
94555,599,9156,3,1498525716
94556,599,1896,3,1498523321
94557,599,5942,1,1498504559
94558,599,3510,2,1498513719
94559,599,8113,2,1498515408
94560,599,4760,2,1498514232
94561,599,817,2,1498517506
94562,599,9157,2,1498511758
94563,599,3385,2,1519119059
94564,599,1255,2,1498528161
94565,599,2805,3,1498525265
94566,599,2722,3,1498521474
94567,599,9158,2,1498517892
94568,599,3388,2,1498516928
94569,599,5755,2,1498514997
94570,599,9159,2,1519362625
94571,599,821,3,1498523867
94572,599,9160,2,1519233213
94573,599,1256,2,1498515603
94574,599,2311,3,1498524115
94575,599,237,2,1498514842
94576,599,2055,2,1498517456
94577,599,899,2,1498517391
94578,599,1258,2,1498514300
94579,599,5194,2,1498511289
94580,599,2723,3,1498523659
94581,599,2128,2,1498514899
94582,599,9161,3,1519137683
94583,599,3792,3,1498523018
94584,599,9162,2,1519234795
94585,599,3075,3,1498524753
94586,599,2316,3,1498525502
94587,599,1133,3,1498519823
94588,599,238,3,1498522886
94589,599,1051,4,1498499630
94590,599,1052,3,1498522449
94591,599,9163,2,1519369647
94592,599,5947,1,1498504076
94593,599,824,3,1498521825
94594,599,825,2,1498509643
94595,599,826,2,1498515291
94596,599,7220,1,1519239921
94597,599,5951,2,1498510681
94598,599,1053,3,1498525929
94599,599,4186,2,1498517608
94600,599,8713,2,1519344614
94601,599,2985,2,1498513831
94602,599,2325,2,1498510500
94603,599,6278,3,1498523395
94604,599,2326,3,1498525212
94605,599,1262,3,1498524774
94606,599,9164,2,1498517108
94607,599,3802,1,1498505043
94608,599,900,3,1498525295
94609,599,3401,3,1498523667
94610,599,2724,3,1498524342
94611,599,2330,2,1519172289
94612,599,2056,3,1498532165
94613,599,2331,4,1498499032
94614,599,2979,2,1498515534
94615,599,2808,3,1498523699
94616,599,1905,2,1498518739
94617,599,9165,3,1519127501
94618,599,1264,2,1498528178
94619,599,9166,2,1498527190
94620,599,9167,3,1498527779
94621,599,1907,2,1498527228
94622,599,9168,1,1519178223
94623,599,6280,3,1519182028
94624,599,2057,3,1498501155
94625,599,2725,3,1498525908
94626,599,1269,3,1498524811
94627,599,6782,3,1498797950
94628,599,9169,0,1498502634
94629,599,3412,3,1498523564
94630,599,903,2,1498518102
94631,599,2058,2,1498517331
94632,599,3414,3,1519137335
94633,599,9170,2,1498509731
94634,599,2987,3,1498523066
94635,599,9171,2,1519369402
94636,599,9172,1,1498531554
94637,599,2341,2,1498515713
94638,599,7088,4,1498499319
94639,599,9173,2,1498515222
94640,599,9174,3,1519350770
94641,599,3418,2,1498511777
94642,599,3420,2,1498514327
94643,599,3806,3,1498527003
94644,599,3421,2,1498518200
94645,599,1274,3,1498523632
94646,599,2059,3,1498523161
94647,599,9175,2,1519440980
94648,599,2346,3,1519120083
94649,599,1054,2,1498530930
94650,599,8587,3,1498523370
94651,599,8490,3,1519442998
94652,599,2061,3,1498521619
94653,599,2129,3,1498522039
94654,599,9176,3,1498521142
94655,599,1278,3,1498501083
94656,599,6784,4,1498502528
94657,599,9177,2,1498518771
94658,599,7151,2,1498517213
94659,599,4320,3,1519440986
94660,599,239,3,1498798185
94661,599,9178,2,1498516863
94662,599,2353,1,1519178730
94663,599,1055,3,1498521596
94664,599,9179,3,1498522979
94665,599,1912,2,1498518401
94666,599,2354,3,1498523122
94667,599,1282,2,1519119101
94668,599,9180,2,1498510775
94669,599,1284,3,1498524765
94670,599,1056,4,1498498842
94671,599,1285,2,1519120522
94672,599,6289,3,1519244247
94673,599,9181,1,1519184558
94674,599,2982,3,1519238125
94675,599,6290,1,1519253056
94676,599,1286,3,1498523348
94677,599,240,2,1498515769
94678,599,9182,2,1519184742
94679,599,9183,2,1519257514
94680,599,2131,2,1498518612
94681,599,2366,2,1498517245
94682,599,2523,3,1498797982
94683,599,2064,2,1498517099
94684,599,3442,2,1498515786
94685,599,2809,3,1498519387
94686,599,9184,3,1519147403
94687,599,9185,1,1498530503
94688,599,1916,3,1498539942
94689,599,912,2,1498527040
94690,599,7153,2,1498518760
94691,599,7209,3,1498525003
94692,599,2381,2,1498510165
94693,599,3155,2,1498532907
94694,599,1151,4,1498499708
94695,599,4324,3,1498501381
94696,599,6051,2,1519535068
94697,599,7799,3,1498523231
94698,599,9186,2,1519259356
94699,599,1292,2,1519140326
94700,599,9187,2,1498515584
94701,599,1293,3,1498524698
94702,599,3084,3,1498521535
94703,599,241,3,1498500693
94704,599,2390,1,1498504631
94705,599,1059,3,1498519248
94706,599,1296,2,1498517692
94707,599,1152,3,1498501835
94708,599,9188,2,1498510230
94709,599,9189,2,1519143712
94710,599,8503,4,1498530858
94711,599,3455,2,1498518470
94712,599,916,3,1498524302
94713,599,1297,3,1501801531
94714,599,9190,2,1498513944
94715,599,9191,1,1519373251
94716,599,2991,3,1498524494
94717,599,1060,2,1498516669
94718,599,2391,2,1519179646
94719,599,1061,3,1498523626
94720,599,5441,4,1498519264
94721,599,9192,2,1519235103
94722,599,4196,3,1498501567
94723,599,3464,3,1498524872
94724,599,4769,3,1498532138
94725,599,9193,3,1498797401
94726,599,2068,3,1498524471
94727,599,9194,2,1498531181
94728,599,4730,2,1498530976
94729,599,242,3,1498524922
94730,599,9195,1,1498527121
94731,599,921,3,1498525022
94732,599,9196,0,1498502803
94733,599,922,3,1498525013
94734,599,3520,3,1498521693
94735,599,2729,3,1498524587
94736,599,9197,3,1498501716
94737,599,927,2,1498518529
94738,599,928,3,1498523086
94739,599,1304,2,1498516871
94740,599,9198,2,1498515644
94741,599,9199,3,1498528502
94742,599,7042,3,1519184616
94743,599,9200,2,1519244138
94744,599,3471,3,1519179845
94745,599,9201,3,1498522988
94746,599,6304,2,1498509989
94747,599,6525,2,1498517133
94748,599,9202,1,1519365144
94749,599,6056,3,1519241965
94750,599,9203,2,1519255452
94751,599,4773,2,1519115666
94752,599,9204,0,1498502837
94753,599,1310,2,1498509970
94754,599,1926,2,1519118719
94755,599,1312,3,1498521367
94756,599,9205,2,1498516948
94757,599,244,3,1498542480
94758,599,1313,3,1498798280
94759,599,9206,2,1519373714
94760,599,3157,2,1498516563
94761,599,3088,2,1498537382
94762,599,1134,2,1498516552
94763,599,9207,3,1519528505
94764,599,3476,2,1498518463
94765,599,932,3,1498524628
94766,599,245,3,1498521715
94767,599,6552,0,1519138345
94768,599,6307,2,1498518678
94769,599,1318,2,1498517021
94770,599,9208,2,1498518486
94771,599,9209,4,1519132247
94772,599,1319,3,1498525333
94773,599,1153,4,1498539543
94774,599,246,3,1498542459
94775,599,3624,3,1498797970
94776,599,7708,2,1498516349
94777,599,1931,3,1498525367
94778,599,2816,4,1498499688
94779,599,1933,4,1498499440
94780,599,4740,2,1498516252
94781,599,1320,3,1498524851
94782,599,9210,3,1519123321
94783,599,1934,3,1498525401
94784,599,935,3,1498521335
94785,599,1154,3,1498523791
94786,599,937,2,1498513934
94787,599,1155,3,1498523247
94788,599,3091,3,1498615708
94789,599,9211,2,1498517047
94790,599,6722,3,1498524675
94791,599,9212,2,1498516978
94792,599,9213,2,1498517872
94793,599,3480,2,1519147815
94794,599,5443,4,1498530867
94795,599,7162,3,1498539853
94796,599,9214,3,1519184089
94797,599,3628,2,1498513878
94798,599,3481,1,1519121641
94799,599,8722,3,1498521763
94800,599,4546,2,1498514745
94801,599,1066,3,1498524663
94802,599,9215,3,1498522865
94803,599,6066,2,1519120609
94804,599,2818,2,1498517079
94805,599,3849,3,1498542530
94806,599,5686,3,1519121214
94807,599,1324,3,1498537653
94808,599,9216,2,1519256016
94809,599,1325,2,1498517636
94810,599,9217,2,1498510290
94811,599,5040,2,1519120345
94812,599,9218,3,1519122076
94813,599,1327,2,1498528187
94814,599,2132,3,1498501247
94815,599,9219,3,1498522935
94816,599,5670,3,1498525250
94817,599,9220,3,1498522874
94818,599,1328,2,1498517844
94819,599,6828,3,1519120791
94820,599,2410,3,1498502268
94821,599,6473,1,1498504356
94822,599,9221,3,1519368586
94823,599,1330,3,1498501748
94824,599,1331,3,1498524604
94825,599,942,3,1498537670
94826,599,4344,2,1519126021
94827,599,9222,2,1498528509
94828,599,9223,2,1519141751
94829,599,1941,3,1498527509
94830,599,9224,2,1519177870
94831,599,3486,3,1498524863
94832,599,3487,2,1498517057
94833,599,3095,3,1498542405
94834,599,1067,3,1498522896
94835,599,3160,3,1498526794
94836,599,5277,2,1519120888
94837,599,9225,3,1498501756
94838,599,3161,2,1498532634
94839,599,6075,3,1498526938
94840,599,9226,3,1519183992
94841,599,3630,2,1498514919
94842,599,9227,3,1519124935
94843,599,6076,3,1498526862
94844,599,7024,2,1498517116
94845,599,7164,2,1498524005
94846,599,9228,3,1519185708
94847,599,3507,2,1498526585
94848,599,2822,2,1498510423
94849,599,250,3,1498527139
94850,599,1334,3,1502113392
94851,599,9229,2,1519420315
94852,599,1944,3,1498528639
94853,599,4210,2,1498527588
94854,599,9230,2,1498530615
94855,599,6081,3,1498524570
94856,599,9231,1,1519126291
94857,599,9232,2,1498516375
94858,599,9233,2,1519241761
94859,599,9234,2,1498516415
94860,599,1945,2,1498529982
94861,599,8542,1,1519145934
94862,599,2994,3,1498531320
94863,599,2530,3,1498501074
94864,599,9235,2,1519127374
94865,599,4555,2,1519134416
94866,599,1069,3,1498542492
94867,599,3491,4,1498499468
94868,599,9236,3,1519131458
94869,599,7168,3,1519131498
94870,599,9237,3,1519131553
94871,599,9238,4,1519132319
94872,599,7170,4,1519132399
94873,599,6089,2,1498511789
94874,599,1336,2,1498532387
94875,599,948,2,1519120719
94876,599,7172,4,1519132730
94877,599,7173,3,1519132837
94878,599,9239,4,1519132821
94879,599,949,3,1498524794
94880,599,9240,4,1519132841
94881,599,9241,2,1498531234
94882,599,9242,4,1519132946
94883,599,9243,4,1519132951
94884,599,9244,3,1519243288
94885,599,6092,2,1519122003
94886,599,9245,4,1519132528
94887,599,1952,4,1519132751
94888,599,951,3,1498527663
94889,599,1337,3,1519121778
94890,599,1070,3,1498527303
94891,599,1339,2,1498532657
94892,599,4213,3,1498527372
94893,599,4733,3,1498542370
94894,599,9246,3,1519138395
94895,599,4734,3,1498528332
94896,599,1340,3,1498523028
94897,599,2532,3,1498521872
94898,599,9247,2,1519145557
94899,599,8690,3,1519126714
94900,599,1341,3,1498527159
94901,599,3165,3,1519147943
94902,599,9248,3,1519325465
94903,599,9249,3,1519325096
94904,599,9250,3,1519325626
94905,599,9251,2,1498518213
94906,599,9252,2,1519353931
94907,599,1343,2,1501802084
94908,599,4561,2,1498515612
94909,599,252,3,1498528776
94910,599,1955,3,1519428327
94911,599,9253,3,1498527023
94912,599,1345,3,1519110893
94913,599,8847,3,1498530063
94914,599,9254,2,1519292061
94915,599,9255,3,1519437987
94916,599,2534,3,1498528374
94917,599,1071,3,1498530998
94918,599,1346,3,1498523185
94919,599,1347,3,1498523177
94920,599,9256,3,1519452602
94921,599,9257,0,1498533460
94922,599,9258,0,1498502565
94923,599,9259,3,1519349046
94924,599,9260,3,1498528051
94925,599,3101,2,1498517831
94926,599,1960,3,1498528070
94927,599,9261,2,1498514859
94928,599,9262,2,1498531411
94929,599,9263,1,1519350045
94930,599,1350,3,1498525304
94931,599,2535,3,1519147088
94932,599,9264,0,1519369145
94933,599,7184,2,1498517190
94934,599,9265,2,1519459014
94935,599,1073,3,1498528388
94936,599,4568,2,1498518572
94937,599,9266,1,1519371041
94938,599,9267,3,1498527476
94939,599,1970,3,1498528415
94940,599,1353,2,1498529505
94941,599,4215,3,1498521879
94942,599,253,3,1498528478
94943,599,5446,2,1498530877
94944,599,1974,3,1498501775
94945,599,1976,3,1498528397
94946,599,3106,3,1498529748
94947,599,9268,4,1519132714
94948,599,9269,3,1519131616
94949,599,9270,3,1519135766
94950,599,1982,2,1498530955
94951,599,254,3,1498532289
94952,599,1075,3,1498528427
94953,599,2995,3,1498531327
94954,599,9271,2,1519257763
94955,599,4794,3,1498529940
94956,599,3107,3,1498541937
94957,599,1357,3,1498501765
94958,599,1990,1,1498532368
94959,599,1076,3,1498529897
94960,599,9272,0,1498502719
94961,599,4741,3,1498529922
94962,599,1358,3,1498529772
94963,599,9273,1,1519174755
94964,599,255,3,1498589282
94965,599,1077,3,1498529803
94966,599,4795,3,1498527521
94967,599,1078,3,1498529560
94968,599,9274,2,1498531304
94969,599,9275,2,1519462490
94970,599,1995,2,1498530427
94971,599,8858,3,1498526429
94972,599,1079,3,1498529679
94973,599,1998,2,1498529865
94974,599,257,3,1498528866
94975,599,9276,3,1498531519
94976,599,9277,1,1519255613
94977,599,9278,2,1498530591
94978,599,4216,3,1498527396
94979,599,9279,2,1519327922
94980,599,9280,1,1519256227
94981,599,3902,1,1498532753
94982,599,9281,1,1519373031
94983,599,5449,2,1498530435
94984,599,9282,2,1519337287
94985,599,9283,2,1519243660
94986,599,9284,3,1519354487
94987,599,9285,3,1519185679
94988,599,9286,2,1498531204
94989,599,3912,1,1519239613
94990,599,4737,3,1502116887
94991,599,9287,2,1519244443
94992,599,9288,1,1519242306
94993,599,9289,0,1519358228
94994,599,258,4,1498854698
94995,599,1081,3,1498528930
94996,599,1366,2,1498529314
94997,599,1367,2,1498529280
94998,599,1082,3,1519457935
94999,599,2136,3,1518199613
95000,599,1368,3,1502815765
95001,599,1369,2,1498529307
95002,599,1083,2,1498529192
95003,599,1084,2,1498529459
95004,599,1370,3,1499935746
95005,599,9290,2,1519371125
95006,599,9291,2,1519140977
95007,599,2542,3,1498528806
95008,599,9292,3,1519135939
95009,599,3931,3,1519347618
95010,599,8971,2,1519243527
95011,599,9293,2,1498526262
95012,599,3937,2,1519368306
95013,599,9294,2,1519253267
95014,599,9295,2,1519142705
95015,599,9296,3,1498531434
95016,599,2740,1,1519147588
95017,599,1085,3,1498677020
95018,599,2849,3,1498519763
95019,599,1372,3,1498524157
95020,599,9297,3,1519127927
95021,599,9298,1,1498504862
95022,599,9299,0,1519175186
95023,599,6539,4,1519243804
95024,599,4723,3,1498528721
95025,599,9300,2,1519264285
95026,599,9301,2,1498531283
95027,599,9302,4,1519132948
95028,599,9303,3,1498526207
95029,599,9304,2,1498518165
95030,599,2855,3,1498778240
95031,599,4805,3,1498528891
95032,599,9305,2,1498526276
95033,599,9306,1,1498531106
95034,599,8795,3,1498528489
95035,599,1376,3,1498528944
95036,599,2028,3,1498519360
95037,599,3118,2,1506462658
95038,599,9307,2,1519121418
95039,599,9308,0,1519114962
95040,599,9309,2,1519150950
95041,599,1379,3,1498629562
95042,599,9310,1,1519362470
95043,599,9311,3,1498526290
95044,599,9312,3,1519363838
95045,599,9313,2,1498530743
95046,599,9314,1,1498531747
95047,599,9315,2,1498531023
95048,599,4824,3,1498529062
95049,599,9316,3,1519184221
95050,599,9317,3,1498528517
95051,599,9318,3,1498540287
95052,599,2747,3,1519144222
95053,599,9319,1,1498531131
95054,599,9320,2,1519100249
95055,599,9321,2,1519183257
95056,599,9322,3,1498526344
95057,599,1388,3,1498528983
95058,599,9323,2,1498532522
95059,599,1391,3,1498529143
95060,599,2033,3,1498615618
95061,599,9324,2,1519238263
95062,599,6482,3,1498762113
95063,599,1092,3,1517370757
95064,599,9325,2,1519470313
95065,599,2036,3,1498529689
95066,599,3122,3,1498529627
95067,599,1393,3,1498529615
95068,599,4629,3,1514776747
95069,599,2872,3,1514777081
95070,599,9326,3,1516604751
95071,599,9327,1,1498529028
95072,599,9328,2,1519366327
95073,599,9329,1,1498529010
95074,599,6122,2,1502815569
95075,599,9330,2,1519333963
95076,599,6898,4,1519121902
95077,599,9331,2,1498515318
95078,599,6899,4,1519116912
95079,599,9332,3,1519346178
95080,599,3124,3,1499234894
95081,599,4645,2,1519443174
95082,599,9333,3,1519143434
95083,599,9334,2,1498511865
95084,599,9335,3,1519237603
95085,599,6901,3,1501800805
95086,599,9336,2,1519343484
95087,599,2879,4,1501801164
95088,599,9337,3,1518199714
95089,599,6124,3,1514776958
95090,599,2137,3,1508605770
95091,599,8877,3,1516604655
95092,599,5038,2,1516604615
95093,599,5991,3,1516604819
95094,599,9338,3,1519139317
95095,599,9339,3,1519179242
95096,599,5631,3,1516604716
95097,599,5667,3,1518298493
95098,599,5474,3,1516604804
95099,599,9340,3,1517370374
95100,599,9341,3,1519148271
95101,600,1,2,1237764347
95102,600,482,4,1237764627
95103,600,483,1,1237760055
95104,600,484,2,1237759452
95105,600,485,3,1237851387
95106,600,492,3,1237712509
95107,600,493,3,1237709125
95108,600,495,2,1237707977
95109,600,2069,4,1237713604
95110,600,293,4,1237858629
95111,600,461,2,1237711536
95112,600,463,3,1237858693
95113,600,501,3,1237851925
95114,600,4,4,1237852430
95115,600,295,3,1237715563
95116,600,505,2,1237713038
95117,600,5551,1,1237760885
95118,600,4699,3,1237760041
95119,600,7,4,1237851915
95120,600,519,3,1237857215
95121,600,8,2,1237759135
95122,600,525,3,1237715130
95123,600,526,2,1237711800
95124,600,464,2,1237710443
95125,600,9,3,1237742676
95126,600,530,2,1237857208
95127,600,531,1,1237851095
95128,600,532,2,1237713030
95129,600,1027,2,1237851381
95130,600,539,2,1237851910
95131,600,540,2,1237713026
95132,600,541,2,1237715539
95133,600,1024,1,1237715525
95134,600,544,2,1237714178
95135,600,2424,3,1237760010
95136,600,550,2,1237852412
95137,600,12,3,1237715516
95138,600,13,2,1237715120
95139,600,558,2,1237713593
95140,600,14,3,1237742353
95141,600,562,1,1237857199
95142,600,563,2,1237714155
95143,600,307,4,1237715494
95144,600,569,2,1237715486
95145,600,466,4,1237713014
95146,600,571,2,1237707879
95147,600,16,4,1237714798
95148,600,467,3,1237707795
95149,600,574,3,1237857429
95150,600,468,3,1237713584
95151,600,581,2,1237708403
95152,600,584,2,1237713576
95153,600,588,2,1237742346
95154,600,17,4,1237712505
95155,600,598,0,1237759435
95156,600,233,3,1237714787
95157,600,599,1,1237759431
95158,600,600,3,1237859397
95159,600,602,3,1237760768
95160,600,604,4,1237742661
95161,600,605,2,1237712494
95162,600,310,0,1237713564
95163,600,607,3,1237711673
95164,600,471,3,1237709122
95165,600,4486,3,1237711772
95166,600,20,2,1237712490
95167,600,609,3,1237715453
95168,600,611,3,1237742652
95169,600,613,2,1237713559
95170,600,21,4,1237852400
95171,600,314,1,1237712480
95172,600,22,2,1237713550
95173,600,472,2,1237760758
95174,600,23,3,1237715117
95175,600,620,1,1237759993
95176,600,1410,2,1237708406
95177,600,621,3,1237851877
95178,600,622,2,1237714778
95179,600,473,3,1237712987
95180,600,474,3,1237709186
95181,600,631,3,1237716142
95182,600,5694,3,1237714759
95183,600,637,2,1237859391
95184,600,639,2,1237759124
95185,600,26,3,1237712980
95186,600,3002,1,1237852393
95187,600,27,3,1237850755
95188,600,651,3,1237851862
95189,600,319,3,1237759980
95190,600,28,4,1237742340
95191,600,657,2,1237713539
95192,600,660,3,1237715442
95193,600,661,1,1237857184
95194,600,29,3,1237857081
95195,600,477,2,1237857180
95196,600,322,2,1237742333
95197,600,30,2,1237851366
95198,600,1420,4,1237763405
95199,600,31,3,1237713516
95200,600,1421,2,1237760744
95201,600,2440,4,1237759928
95202,600,670,2,1237714135
95203,600,671,3,1237715109
95204,600,323,3,1237709466
95205,600,479,3,1237859381
95206,600,34,2,1237760730
95207,600,35,4,1237858985
95208,600,480,3,1237742642
95209,600,324,3,1237712468
95210,600,36,2,1237713508
95211,600,37,4,1237858332
95212,600,2442,1,1237759918
95213,600,674,4,1237710543
95214,600,675,3,1237851357
95215,600,676,2,1237760694
95216,600,38,3,1237742329
95217,600,39,4,1237742632
95218,600,679,1,1237851848
95219,600,2659,4,1237714115
95220,600,40,1,1237851349
95221,600,683,3,1237710276
95222,600,688,2,1237715432
95223,600,1426,3,1237759393
95224,600,42,2,1237715103
95225,600,723,4,1237858653
95226,600,690,0,1237707803
95227,600,1160,3,1237712974
95228,600,43,2,1237760690
95229,600,1026,2,1237851321
95230,600,1431,2,1237742629
95231,600,696,3,1237760679
95232,600,1433,1,1237760673
95233,600,701,3,1237763067
95234,600,703,3,1237759908
95235,600,7250,3,1237763059
95236,600,1028,4,1237712965
95237,600,331,4,1237707891
95238,600,332,2,1237858756
95239,600,336,2,1237715089
95240,600,265,4,1237858111
95241,600,1441,3,1237716118
95242,600,45,3,1237764353
95243,600,46,4,1237715413
95244,600,724,4,1237708613
95245,600,48,4,1237858152
95246,600,2395,2,1237713489
95247,600,5703,3,1237710455
95248,600,1770,2,1237714085
95249,600,1772,2,1237759899
95250,600,1161,2,1237716096
95251,600,1448,2,1237710242
95252,600,1774,3,1237857824
95253,600,53,3,1237763033
95254,600,863,3,1237713479
95255,600,54,3,1237707965
95256,600,55,3,1237714080
95257,600,56,2,1237851813
95258,600,57,3,1237709556
95259,600,2667,3,1237851805
95260,600,4046,2,1237760659
95261,600,1135,3,1237859371
95262,600,832,3,1237713475
95263,600,58,2,1237742599
95264,600,341,4,1237763772
95265,600,60,1,1237857156
95266,600,721,1,1237709478
95267,600,61,5,1237764267
95268,600,342,3,1237763970
95269,600,343,3,1237759381
95270,600,344,3,1237859157
95271,600,864,3,1237851304
95272,600,3698,3,1237851801
95273,600,66,2,1237764434
95274,600,5705,4,1237716050
95275,600,67,3,1237709091
95276,600,68,4,1237850747
95277,600,2075,3,1237716046
95278,600,1101,0,1237742590
95279,600,69,4,1237760638
95280,600,70,5,1237763240
95281,600,71,4,1237850738
95282,600,351,5,1237715392
95283,600,1029,2,1237759117
95284,600,72,5,1237712957
95285,600,74,4,1237743471
95286,600,1163,4,1237759887
95287,600,75,2,1237742323
95288,600,76,2,1237709566
95289,600,2076,4,1237759877
95290,600,77,4,1237858963
95291,600,78,2,1237859154
95292,600,1106,5,1237710341
95293,600,2900,5,1237715383
95294,600,82,3,1237715083
95295,600,2901,5,1237713463
95296,600,726,2,1237759360
95297,600,865,3,1237759355
95298,600,2082,3,1237851765
95299,600,2755,4,1237708978
95300,600,84,3,1237850727
95301,600,356,3,1237858994
95302,600,268,5,1237743630
95303,600,85,4,1237858421
95304,600,86,4,1237711743
95305,600,2177,4,1237715371
95306,600,2084,3,1237709456
95307,600,88,4,1237858405
95308,600,89,2,1237715362
95309,600,1456,5,1237707784
95310,600,360,4,1237850914
95311,600,90,4,1237859361
95312,600,3283,3,1237858558
95313,600,3708,1,1237714052
95314,600,1113,1,1237851307
95315,600,270,2,1237764437
95316,600,866,2,1237712945
95317,600,4057,2,1237851288
95318,600,6186,2,1237710102
95319,600,1461,4,1237707766
95320,600,1463,2,1237851755
95321,600,1464,4,1237742568
95322,600,1030,3,1237742546
95323,600,92,2,1237858900
95324,600,1166,4,1237857077
95325,600,1468,2,1237708503
95326,600,978,3,1237715350
95327,600,271,3,1237707852
95328,600,1474,3,1237759323
95329,600,3284,1,1237716028
95330,600,362,2,1237857142
95331,600,2420,3,1237850723
95332,600,1475,2,1237858373
95333,600,995,2,1237850880
95334,600,1476,3,1237713436
95335,600,1477,1,1237759838
95336,600,363,4,1237759830
95337,600,1482,2,1237762978
95338,600,2453,1,1237762969
95339,600,1485,3,1237715328
95340,600,1487,2,1237851746
95341,600,99,3,1237711274
95342,600,1490,1,1237762937
95343,600,100,1,1237851272
95344,600,1494,2,1237708409
95345,600,101,2,1237715321
95346,600,727,2,1237712936
95347,600,982,1,1237759820
95348,600,5708,2,1237762856
95349,600,984,2,1237709414
95350,600,1500,3,1237759808
95351,600,104,3,1237715075
95352,600,1009,2,1237851263
95353,600,107,2,1237850864
95354,600,2461,3,1237859163
95355,600,834,3,1237742534
95356,600,108,0,1237850849
95357,600,2181,3,1237716000
95358,600,729,3,1237712926
95359,600,987,1,1237759778
95360,600,7389,4,1237763925
95361,600,5998,3,1237851724
95362,600,2088,1,1237759770
95363,600,1512,2,1237714024
95364,600,988,3,1237742320
95365,600,109,3,1237759308
95366,600,4669,2,1237713999
95367,600,2398,2,1237851735
95368,600,730,3,1237710660
95369,600,2462,4,1237852317
95370,600,2463,2,1237713993
95371,600,2567,2,1237851732
95372,600,375,2,1237713979
95373,600,731,2,1237710564
95374,600,1536,3,1237851228
95375,600,379,3,1237712921
95376,600,116,2,1237713426
95377,600,1171,3,1237857063
95378,600,3503,2,1237713417
95379,600,1537,3,1237763859
95380,600,117,5,1237763348
95381,600,1542,2,1237852300
95382,600,1543,3,1237850844
95383,600,119,4,1237763467
95384,600,3547,4,1237858873
95385,600,836,4,1237711752
95386,600,120,4,1237711758
95387,600,5199,3,1237715986
95388,600,1546,3,1237764579
95389,600,1547,3,1237709079
95390,600,5162,4,1237711574
95391,600,121,3,1237857733
95392,600,2183,3,1237742517
95393,600,1549,2,1237852281
95394,600,1551,2,1237760527
95395,600,2677,2,1237760521
95396,600,6373,3,1237760515
95397,600,126,3,1237715309
95398,600,1778,3,1237762809
95399,600,1558,4,1237711527
95400,600,1559,4,1237759756
95401,600,4902,2,1237852264
95402,600,128,3,1237713399
95403,600,272,3,1237859109
95404,600,1035,4,1237851218
95405,600,5163,3,1237714669
95406,600,1036,3,1237713403
95407,600,1780,3,1237857885
95408,600,1561,3,1237851010
95409,600,1781,3,1237760505
95410,600,132,3,1237857890
95411,600,8738,3,1237760501
95412,600,385,3,1237858491
95413,600,135,3,1237715303
95414,600,4065,3,1237852251
95415,600,1568,3,1237709630
95416,600,2680,4,1237709196
95417,600,3288,3,1237762805
95418,600,1569,4,1237709219
95419,600,1570,3,1237762796
95420,600,1782,4,1237858158
95421,600,3508,3,1237858532
95422,600,137,4,1237713968
95423,600,138,4,1237759746
95424,600,1571,4,1237763460
95425,600,139,3,1237709972
95426,600,2150,3,1237709984
95427,600,1572,4,1237763492
95428,600,386,3,1237715295
95429,600,2040,3,1237742506
95430,600,141,3,1237715291
95431,600,5116,3,1237764642
95432,600,1575,1,1237713353
95433,600,142,4,1237858294
95434,600,143,5,1237759297
95435,600,1589,3,1237852234
95436,600,145,3,1237851207
95437,600,146,1,1237857129
95438,600,1591,2,1237851686
95439,600,391,4,1237762792
95440,600,5059,3,1237763980
95441,600,147,4,1237713245
95442,600,1593,2,1237710392
95443,600,2573,3,1237713942
95444,600,838,4,1237762769
95445,600,1594,3,1237851193
95446,600,7258,5,1237850981
95447,600,3173,4,1237851678
95448,600,3598,2,1237715971
95449,600,1597,4,1237763495
95450,600,392,4,1237713239
95451,600,4221,3,1237714646
95452,600,148,4,1237743404
95453,600,1599,3,1237851673
95454,600,3290,3,1237715963
95455,600,1601,3,1237759283
95456,600,1602,2,1237851661
95457,600,3642,1,1237759727
95458,600,2121,3,1237762755
95459,600,155,3,1237715278
95460,600,1610,4,1237742476
95461,600,2915,3,1237714637
95462,600,1173,3,1237759705
95463,600,1174,3,1237759698
95464,600,1175,3,1237762735
95465,600,1176,3,1237762730
95466,600,1611,2,1237857506
95467,600,1612,2,1237711731
95468,600,1177,4,1237742465
95469,600,999,3,1237715928
95470,600,1614,3,1237859183
95471,600,274,1,1237759280
95472,600,157,1,1237850832
95473,600,1615,1,1237762724
95474,600,2682,2,1237762714
95475,600,6171,2,1237711158
95476,600,1618,2,1237707868
95477,600,159,3,1237759694
95478,600,160,3,1237857117
95479,600,1000,1,1237715915
95480,600,1624,4,1237715906
95481,600,2579,1,1237760455
95482,600,163,4,1237713231
95483,600,6597,3,1237760450
95484,600,1625,3,1237713916
95485,600,5500,3,1237743037
95486,600,165,2,1237759271
95487,600,2153,2,1237759682
95488,600,1010,1,1237759262
95489,600,167,3,1237712912
95490,600,1001,3,1237708482
95491,600,168,3,1237707925
95492,600,1002,1,1237715269
95493,600,3549,3,1237852187
95494,600,169,2,1237852184
95495,600,1633,2,1237852177
95496,600,170,2,1237742906
95497,600,171,2,1237759244
95498,600,172,1,1237712907
95499,600,173,3,1237764516
95500,600,1636,3,1237715897
95501,600,178,4,1237858702
95502,600,1639,3,1237715891
95503,600,400,2,1237711290
95504,600,2472,4,1237742885
95505,600,179,3,1237713217
95506,600,1641,2,1237710499
95507,600,180,3,1237713214
95508,600,734,2,1237742455
95509,600,1179,1,1237709923
95510,600,401,3,1237713206
95511,600,181,4,1237714602
95512,600,735,4,1237764592
95513,600,2684,2,1237759657
95514,600,1117,3,1237715266
95515,600,1865,1,1237742446
95516,600,1648,3,1237713198
95517,600,5064,3,1237763958
95518,600,3031,2,1237762675
95519,600,402,3,1237857060
95520,600,1650,4,1237715853
95521,600,405,3,1237709428
95522,600,2490,2,1237851625
95523,600,2587,3,1237851605
95524,600,183,4,1237858460
95525,600,4865,2,1237714598
95526,600,5494,1,1237852171
95527,600,9342,2,1237762665
95528,600,1653,3,1237713192
95529,600,1654,1,1237852162
95530,600,1658,1,1237851593
95531,600,6195,3,1237709288
95532,600,185,4,1237710044
95533,600,5066,3,1237759647
95534,600,3298,2,1237759231
95535,600,1664,1,1237714574
95536,600,6138,3,1237852153
95537,600,1667,3,1237715241
95538,600,188,2,1237851156
95539,600,1180,4,1237712451
95540,600,409,4,1237759636
95541,600,1668,5,1237857993
95542,600,6324,4,1237858062
95543,600,5067,3,1237760404
95544,600,1182,3,1237715841
95545,600,193,4,1237743321
95546,600,1669,5,1237707934
95547,600,410,3,1237763846
95548,600,194,2,1237851151
95549,600,195,3,1237712666
95550,600,198,4,1237710967
95551,600,1118,4,1237759223
95552,600,2686,2,1237711721
95553,600,6457,4,1237709907
95554,600,201,3,1237742443
95555,600,1683,2,1237715231
95556,600,3300,4,1237708779
95557,600,1183,3,1237764511
95558,600,414,4,1237743428
95559,600,4913,3,1237850998
95560,600,4680,1,1237858553
95561,600,1120,5,1237713165
95562,600,736,2,1237759102
95563,600,204,3,1237715218
95564,600,1786,3,1237742851
95565,600,415,3,1237742428
95566,600,1121,3,1237763480
95567,600,2599,4,1237713859
95568,600,207,3,1237851571
95569,600,208,2,1237742838
95570,600,1696,1,1237762604
95571,600,2199,2,1237709601
95572,600,418,2,1237742425
95573,600,2201,2,1237707945
95574,600,2601,2,1237759600
95575,600,1700,2,1237713846
95576,600,2203,2,1237857787
95577,600,2690,3,1237715810
95578,600,2205,1,1237858832
95579,600,2930,3,1237760382
95580,600,422,2,1237759204
95581,600,1012,2,1237742827
95582,600,1790,4,1237713811
95583,600,212,3,1237715794
95584,600,216,2,1237742822
95585,600,3064,2,1237759594
95586,600,1721,2,1237714518
95587,600,1722,4,1237759194
95588,600,1723,0,1237715784
95589,600,6607,3,1237760372
95590,600,423,3,1237851143
95591,600,1039,3,1237743489
95592,600,5084,2,1237714510
95593,600,3066,2,1237762538
95594,600,5741,4,1237710624
95595,600,1041,3,1237709959
95596,600,426,2,1237742798
95597,600,1740,4,1237857470
95598,600,223,4,1237713144
95599,600,228,1,1237762495
95600,600,1757,3,1237851137
95601,600,1016,1,1237851132
95602,600,1188,2,1237715197
95603,600,229,3,1237742311
95604,600,4868,4,1237714464
95605,600,2934,5,1237743150
95606,600,4274,1,1237762470
95607,600,1764,1,1237762466
95608,600,1765,1,1237742781
95609,600,1796,3,1237760344
95610,600,1019,2,1237742415
95611,600,1872,2,1237857460
95612,600,867,2,1237742790
95613,600,429,3,1237709721
95614,600,3722,3,1237713795
95615,600,430,4,1237742408
95616,600,278,3,1237759182
95617,600,5206,2,1237709266
95618,600,2512,4,1237742773
95619,600,4493,3,1237762425
95620,600,1800,2,1237764602
95621,600,742,2,1237742403
95622,600,432,2,1237759090
95623,600,3176,1,1237851527
95624,600,1805,2,1237759159
95625,600,437,4,1237850787
95626,600,1806,2,1237710336
95627,600,3312,2,1237742763
95628,600,4090,3,1237762412
95629,600,3177,4,1237762403
95630,600,5342,2,1237761612
95631,600,5086,3,1237743495
95632,600,445,4,1237742307
95633,600,1811,3,1237762391
95634,600,2102,3,1237710128
95635,600,446,4,1237759545
95636,600,447,4,1237851122
95637,600,5343,3,1237760310
95638,600,2625,4,1237715713
95639,600,745,3,1237712656
95640,600,451,4,1237850782
95641,600,746,2,1237742400
95642,600,2627,3,1237761601
95643,600,2628,3,1237858433
95644,600,2943,2,1237714427
95645,600,2634,4,1237858511
95646,600,747,3,1237709011
95647,600,3178,3,1237761596
95648,600,7279,3,1237764033
95649,600,6985,4,1237709663
95650,600,868,2,1237742378
95651,600,4871,5,1237709224
95652,600,4228,1,1237762321
95653,600,845,3,1237715700
95654,600,1146,4,1237713131
95655,600,4096,2,1237852097
95656,600,1879,2,1237764611
95657,600,3320,2,1237709823
95658,600,454,4,1237713786
95659,600,5354,5,1237852087
95660,600,748,2,1237761554
95661,600,4230,3,1237761543
95662,600,3321,2,1237762306
95663,600,2650,3,1237760233
95664,600,2949,2,1237714416
95665,600,1823,1,1237709944
95666,600,1044,3,1237742374
95667,600,1824,2,1237762297
95668,600,3497,0,1237714406
95669,600,6211,1,1237761532
95670,600,2218,3,1237857482
95671,600,7129,1,1237852084
95672,600,1195,4,1237851515
95673,600,4950,1,1237713763
95674,600,4184,4,1237762260
95675,600,752,3,1237761503
95676,600,2513,3,1237759536
95677,600,458,4,1237713120
95678,600,753,1,1237759148
95679,600,1126,4,1237709789
95680,600,2717,3,1237743446
95681,600,754,5,1237714397
95682,600,755,3,1237711025
95683,600,232,5,1237850978
95684,600,2124,1,1237764418
95685,600,6213,2,1237709252
95686,600,9022,1,1237711594
95687,600,6504,2,1237714385
95688,600,4476,1,1237851487
95689,600,1839,1,1237851484
95690,600,3183,3,1237742747
95691,600,2699,2,1237760206
95692,600,2954,3,1237763933
95693,600,757,3,1237715185
95694,600,758,1,1237713090
95695,600,4178,4,1237760199
95696,600,7528,3,1237762099
95697,600,760,2,1237761474
95698,600,848,2,1237711262
95699,600,4848,4,1237708655
95700,600,2703,3,1237713747
95701,600,5511,3,1237760186
95702,600,6219,3,1237762091
95703,600,2706,3,1237762077
95704,600,2045,4,1237762074
95705,600,763,5,1237746672
95706,600,1202,3,1237850774
95707,600,2046,3,1237762063
95708,600,1203,3,1237715177
95709,600,764,4,1237713080
95710,600,3187,4,1237742723
95711,600,4969,0,1237709164
95712,600,856,5,1237709173
95713,600,872,3,1237714356
95714,600,2231,0,1237709051
95715,600,765,5,1237764306
95716,600,857,2,1237713731
95717,600,4850,3,1237852045
95718,600,1045,4,1237746699
95719,600,767,4,1237713076
95720,600,4851,1,1237857279
95721,600,4504,3,1237759526
95722,600,7303,4,1237763952
95723,600,874,2,1237713725
95724,600,2478,3,1237762026
95725,600,5141,3,1237762014
95726,600,1128,4,1237764288
95727,600,876,4,1237858799
95728,600,1046,3,1237708677
95729,600,5091,4,1237709524
95730,600,5143,3,1237852033
95731,600,6645,3,1237714973
95732,600,6227,3,1237761984
95733,600,8306,2,1237764005
95734,600,4123,3,1237715670
95735,600,4283,2,1237859024
95736,600,2960,3,1237761974
95737,600,5779,3,1237858914
95738,600,3666,3,1237710409
95739,600,2107,4,1237715649
95740,600,1215,5,1237851110
95741,600,235,4,1237859423
95742,600,5426,2,1237761374
95743,600,2247,3,1237760147
95744,600,2966,3,1237742711
95745,600,3142,4,1237711052
95746,600,7000,3,1237763856
95747,600,6234,3,1237761934
95748,600,1218,3,1237764274
95749,600,775,5,1237759080
95750,600,2720,3,1237743486
95751,600,4983,1,1237714307
95752,600,2780,3,1237859113
95753,600,5005,0,1237761339
95754,600,883,3,1237708931
95755,600,1220,0,1237759511
95756,600,1221,2,1237761922
95757,600,1130,5,1237712524
95758,600,8896,1,1237859174
95759,600,1048,4,1237859420
95760,600,2517,3,1237708547
95761,600,885,3,1237851453
95762,600,3347,4,1237708683
95763,600,5158,3,1237764012
95764,600,2971,4,1237763911
95765,600,6656,3,1237761075
95766,600,6541,4,1237850965
95767,600,779,3,1237713061
95768,600,780,4,1237713057
95769,600,3146,3,1237761880
95770,600,2048,3,1237712520
95771,600,8424,3,1237714941
95772,600,4142,3,1237858810
95773,600,888,3,1237714291
95774,600,2264,4,1237714281
95775,600,783,3,1237859410
95776,600,1049,0,1237761053
95777,600,784,0,1237761050
95778,600,2266,4,1237742365
95779,600,3354,5,1237743078
95780,600,3355,2,1237714267
95781,600,792,3,1237857262
95782,600,797,2,1237715624
95783,600,798,1,1237851440
95784,600,4856,1,1237711824
95785,600,2518,3,1237713681
95786,600,799,1,1237761838
95787,600,9343,3,1237857925
95788,600,9344,3,1237761828
95789,600,9345,5,1237858027
95790,600,4888,3,1237857003
95791,600,6660,2,1237857567
95792,600,2793,5,1237763666
95793,600,2794,5,1237763553
95794,600,1232,0,1237761037
95795,600,4302,4,1237746726
95796,600,2973,4,1237856999
95797,600,3358,4,1237708741
95798,600,3211,3,1237761812
95799,600,8110,4,1237763281
95800,600,1131,1,1237712756
95801,600,4858,5,1237746755
95802,600,5535,4,1237712779
95803,600,891,2,1237858842
95804,600,1237,3,1237715619
95805,600,3150,5,1237713647
95806,600,801,4,1237711482
95807,600,1891,3,1237759497
95808,600,5905,3,1237761002
95809,600,1150,5,1237746593
95810,600,7784,3,1237763943
95811,600,806,1,1237856991
95812,600,7142,4,1237857795
95813,600,807,2,1237850770
95814,600,809,1,1237714898
95815,600,895,2,1237715610
95816,600,810,2,1237760993
95817,600,3216,4,1237760092
95818,600,2127,1,1237859126
95819,600,4313,3,1237764569
95820,600,1246,3,1237759486
95821,600,6671,3,1237764501
95822,600,2294,4,1237714252
95823,600,5930,2,1237714885
95824,600,2296,1,1237714875
95825,600,896,2,1237858930
95826,600,1894,4,1237761766
95827,600,898,4,1237763741
95828,600,1895,1,1237764404
95829,600,1251,0,1237760968
95830,600,5858,3,1237850959
95831,600,5253,2,1237852640
95832,600,1896,3,1237760083
95833,600,4760,2,1237710604
95834,600,1255,4,1237715576
95835,600,1256,4,1237857248
95836,600,9346,2,1237742234
95837,600,2311,2,1237711558
95838,600,6439,3,1237763964
95839,600,2055,4,1237764337
95840,600,4860,3,1237714208
95841,600,2316,4,1237713658
95842,600,1133,4,1237764332
95843,600,1051,4,1237742695
95844,600,822,1,1237760925
95845,600,2320,1,1237851408
95846,600,3397,4,1237708787
95847,600,3399,4,1237712734
95848,600,3404,4,1237857585
95849,600,3406,4,1237708647
95850,600,7040,3,1237712770
95851,600,1264,4,1237713628
95852,600,1907,1,1237851956
95853,600,2335,2,1237708566
95854,600,903,1,1237851402
95855,600,3415,1,1237711199
95856,600,1272,1,1237760069
95857,600,3423,4,1237743114
95858,600,1909,0,1237760907
95859,600,239,3,1237851393
95860,600,9347,3,1237710526
95861,600,2522,2,1237714818
95862,600,1151,3,1237712743
95863,600,2066,4,1237708457
95864,601,1,4,1521467801
95865,601,4,4,1521467863
95866,601,5,5,1441639169
95867,601,233,5,1441639169
95868,601,29,5,1441639169
95869,601,1028,5,1441639429
95870,601,333,5,1521467803
95871,601,334,4,1521467823
95872,601,336,4,1521467834
95873,601,2395,4,1521467828
95874,601,68,4,1521467856
95875,601,1102,4,1521467829
95876,601,70,5,1521398207
95877,601,71,4,1521467805
95878,601,352,5,1521398258
95879,601,1104,4,1521467858
95880,601,1137,4,1441639465
95881,601,2145,4,1441639454
95882,601,1031,4,1521398196
95883,601,727,3,1521397691
95884,601,234,4,1521398189
95885,601,988,4,1521398191
95886,601,731,4,1521397618
95887,601,383,4,1441639457
95888,601,122,5,1441639463
95889,601,392,5,1521397611
95890,601,1601,4,1521397687
95891,601,167,5,1441639169
95892,601,402,4,1521398194
95893,601,193,5,1441639461
95894,601,1118,4,1521467860
95895,601,736,3,1521467831
95896,601,220,4,1521398192
95897,601,445,5,1441639866
95898,601,745,4,1521467821
95899,601,752,5,1441639868
95900,601,753,4,1441639875
95901,601,754,5,1441639520
95902,601,755,4,1441639880
95903,601,759,4,1441639872
95904,601,763,5,1521397600
95905,601,765,5,1441639519
95906,601,1045,4,1521467674
95907,601,766,4,1441639889
95908,601,1147,4,1521467806
95909,601,876,5,1441639871
95910,601,775,5,1441639521
95911,601,1130,4,1441639878
95912,601,795,5,1441639891
95913,601,1150,5,1521467824
95914,601,810,4,1521467678
95915,601,1251,4,1521467758
95916,601,1256,3,1521467756
95917,601,1133,4,1521467754
95918,601,238,5,1521467762
95919,601,1052,4,1521467750
95920,601,824,4,1521467766
95921,601,1053,5,1521398256
95922,601,903,4,1521467753
95923,601,1055,5,1513712154
95924,601,1056,5,1513712149
95925,601,1916,4,1513712159
95926,601,1293,4,1521397883
95927,601,241,4,1513712157
95928,601,916,5,1513712151
95929,601,1061,4,1513712164
95930,601,291,4,1521397888
95931,601,927,4,1513712155
95932,601,243,4,1513712162
95933,601,3472,4,1521395446
95934,601,1926,5,1521398267
95935,601,1134,4,1521397837
95936,601,245,5,1441639524
95937,601,1153,4,1521397834
95938,601,933,4,1521397880
95939,601,1934,4,1521397836
95940,601,935,4,1521397826
95941,601,943,4,1521397891
95942,601,1067,4,1521397828
95943,601,250,4,1521397831
95944,601,947,4,1521397882
95945,601,252,4,1521397830
95946,601,253,4,1521397833
95947,601,254,5,1441639184
95948,601,1077,4,1441639189
95949,601,1078,4,1521467672
95950,601,1998,4,1521398264
95951,601,1362,4,1441639186
95952,601,2136,3,1521397630
95953,601,1368,4,1521467747
95954,601,1086,5,1521397599
95955,601,9348,4,1441639208
95956,601,1089,4,1521398260
95957,601,7659,5,1521467682
95958,601,4629,4,1521397734
95959,601,5678,4,1521397626
95960,601,2873,5,1521397596
95961,601,3125,4,1521467819
95962,601,2879,4,1521397739
95963,601,2137,4,1521397623
95964,601,4027,4,1521397621
95965,602,482,4,840875851
95966,602,3,3,840876055
95967,602,487,3,840875622
95968,602,488,3,840875825
95969,602,3679,5,840875999
95970,602,491,3,840876085
95971,602,493,2,840875700
95972,602,292,4,840875720
95973,602,494,3,840876417
95974,602,496,4,840875998
95975,602,2069,2,840876620
95976,602,293,3,840875779
95977,602,461,1,840875700
95978,602,462,3,840876228
95979,602,463,5,840875757
95980,602,294,5,840876055
95981,602,4,5,840875668
95982,602,5,5,840875720
95983,602,295,3,840876566
95984,602,516,3,840875901
95985,602,517,3,840876228
95986,602,8,5,840875647
95987,602,298,3,840876475
95988,602,525,4,840875901
95989,602,2545,3,840876566
95990,602,464,4,840875508
95991,602,9,4,840875876
95992,602,465,4,840875538
95993,602,528,3,840875930
95994,602,530,3,840875757
95995,602,531,4,840875594
95996,602,11,3,840876620
95997,602,3607,4,840876085
95998,602,532,5,840875538
95999,602,534,3,840876475
96000,602,301,3,840876566
96001,602,1027,3,840875930
96002,602,1405,3,840875801
96003,602,302,4,840876086
96004,602,540,3,840875647
96005,602,1024,2,840876620
96006,602,2423,2,840876597
96007,602,3001,3,840876055
96008,602,547,4,840875901
96009,602,550,3,840875622
96010,602,304,3,840876123
96011,602,557,3,840876123
96012,602,558,3,840875700
96013,602,5556,3,840876123
96014,602,559,4,840876228
96015,602,14,2,840875558
96016,602,15,4,840875901
96017,602,2425,3,840876228
96018,602,569,3,840875876
96019,602,466,3,840875621
96020,602,16,5,840875999
96021,602,468,4,840875779
96022,602,3052,3,840876260
96023,602,583,3,840876475
96024,602,584,2,840875825
96025,602,585,3,840875647
96026,602,469,3,840876032
96027,602,588,3,840875594
96028,602,589,3,840875901
96029,602,17,5,840875508
96030,602,470,5,840875667
96031,602,597,3,840875825
96032,602,18,3,840875558
96033,602,233,5,840875594
96034,602,600,3,840875594
96035,602,604,5,840875851
96036,602,605,3,840875622
96037,602,471,2,840875538
96038,602,608,3,840875998
96039,602,20,4,840875538
96040,602,609,3,840875801
96041,602,612,3,840876228
96042,602,21,3,840875622
96043,602,314,4,840875801
96044,602,22,3,840876566
96045,602,472,4,840875667
96046,602,23,5,840875700
96047,602,315,2,840876779
96048,602,620,3,840876371
96049,602,4893,5,840876188
96050,602,622,4,840875700
96051,602,473,3,840875508
96052,602,474,4,840875668
96053,602,316,2,840876779
96054,602,1415,3,840876417
96055,602,2167,3,840876498
96056,602,1156,3,840876597
96057,602,633,1,840875801
96058,602,634,3,840875594
96059,602,637,4,840875801
96060,602,1157,3,840875851
96061,602,1025,3,840876417
96062,602,639,3,840875647
96063,602,26,5,840875558
96064,602,2426,4,840876085
96065,602,475,5,840875876
96066,602,318,5,840876475
96067,602,27,4,840875647
96068,602,2169,3,840876620
96069,602,2895,3,840876620
96070,602,653,4,840876779
96071,602,28,4,840875720
96072,602,4743,2,840876032
96073,602,657,3,840875930
96074,602,320,1,840875851
96075,602,29,5,840875779
96076,602,975,3,840876498
96077,602,4055,3,840876260
96078,602,3220,1,840876032
96079,602,322,3,840875779
96080,602,2554,4,840876417
96081,602,1420,4,840876085
96082,602,32,2,840875825
96083,602,1158,3,840876260
96084,602,828,1,840875757
96085,602,671,4,840875757
96086,602,479,5,840875667
96087,602,33,3,840875508
96088,602,34,4,840875507
96089,602,35,5,840875558
96090,602,481,2,840875757
96091,602,37,5,840876371
96092,602,261,3,840876123
96093,602,38,4,840875999
96094,602,41,4,840876188
96095,602,1429,3,840876597
96096,602,43,4,840876371
96097,602,2427,4,840876188
96098,602,2444,3,840876032
96099,602,3006,4,840876498
96100,603,1,4,963178147
96101,603,3,4,963177624
96102,603,491,4,963179585
96103,603,492,3,954482210
96104,603,292,5,963177624
96105,603,496,4,954482181
96106,603,2431,5,953925191
96107,603,2069,2,963177361
96108,603,6915,4,963179273
96109,603,293,3,963179615
96110,603,461,4,963179273
96111,603,462,4,953925157
96112,603,463,5,954482276
96113,603,294,4,963179538
96114,603,295,1,963178236
96115,603,3712,5,963180003
96116,603,2652,2,963180025
96117,603,296,3,954482414
96118,603,505,1,963180075
96119,603,6,4,953925705
96120,603,9349,4,954482106
96121,603,2504,1,963180075
96122,603,4038,5,953925191
96123,603,5290,4,963179791
96124,603,5552,5,954482070
96125,603,7,4,963178236
96126,603,520,1,954482571
96127,603,9350,4,954482070
96128,603,8,1,963177645
96129,603,1094,5,953926758
96130,603,521,4,963177385
96131,603,2505,4,953925072
96132,603,6020,3,954482255
96133,603,298,4,963178281
96134,603,526,4,963176570
96135,603,9351,2,963179615
96136,603,465,1,963177510
96137,603,4464,2,963178259
96138,603,300,5,954482046
96139,603,11,5,954482505
96140,603,3607,4,953925390
96141,603,5291,4,963178761
96142,603,1027,2,963177950
96143,603,2070,5,963180153
96144,603,302,4,963178102
96145,603,9352,4,963179880
96146,603,829,4,963178398
96147,603,303,3,1000194311
96148,603,1024,4,963176292
96149,603,2423,5,963179538
96150,603,2506,5,953926672
96151,603,548,4,963178528
96152,603,7248,4,954482107
96153,603,549,4,954482713
96154,603,3682,4,963179452
96155,603,304,5,954482557
96156,603,13,3,953925989
96157,603,306,5,963178147
96158,603,4181,4,953926058
96159,603,15,4,963178147
96160,603,2425,4,954482018
96161,603,2433,2,963180195
96162,603,466,3,963176251
96163,603,16,4,953926816
96164,603,467,4,963176178
96165,603,308,2,954482255
96166,603,5557,3,963180041
96167,603,6483,2,963178727
96168,603,585,4,953925861
96169,603,469,4,953925049
96170,603,589,2,954482255
96171,603,17,5,953925131
96172,603,3684,3,963179585
96173,603,470,2,963179517
96174,603,9353,4,954482713
96175,603,590,4,954482471
96176,603,1005,1,963178587
96177,603,2508,4,953925072
96178,603,2434,4,963179293
96179,603,2435,4,963179359
96180,603,596,3,963177361
96181,603,309,3,963176459
96182,603,9354,3,953925390
96183,603,2436,4,963178417
96184,603,3687,5,963179273
96185,603,3688,3,963180195
96186,603,2072,5,953925002
96187,603,605,3,954482597
96188,603,310,3,954482383
96189,603,311,3,963176151
96190,603,4486,4,963179922
96191,603,312,5,963178168
96192,603,21,3,953926642
96193,603,314,4,954482539
96194,603,616,1,963178928
96195,603,7249,4,954482070
96196,603,3689,4,963180093
96197,603,1410,3,963178550
96198,603,622,5,963177624
96199,603,473,2,954482760
96200,603,6167,4,963179452
96201,603,4840,5,963177205
96202,603,628,5,963179423
96203,603,316,3,954482414
96204,603,24,4,963177872
96205,603,632,4,953925774
96206,603,1156,3,963179811
96207,603,637,4,954482505
96208,603,25,5,963178307
96209,603,5696,2,963178870
96210,603,2438,4,954482325
96211,603,26,3,963177606
96212,603,5598,3,953925157
96213,603,4054,3,963177497
96214,603,2426,4,954482443
96215,603,2169,4,963180300
96216,603,648,1,963177791
96217,603,319,4,963178398
96218,603,9355,5,953927108
96219,603,4743,5,953925002
96220,603,655,2,963177872
96221,603,9356,5,963179949
96222,603,657,4,963179768
96223,603,320,5,954482471
96224,603,476,3,963179615
96225,603,5698,2,963177886
96226,603,3219,3,963179791
96227,603,9357,4,963180075
96228,603,29,3,953925102
96229,603,662,2,953925677
96230,603,478,4,954482383
96231,603,3220,5,953925210
96232,603,664,3,963178746
96233,603,322,4,954482597
96234,603,1095,3,953925349
96235,603,7414,4,954482046
96236,603,2554,3,954482832
96237,603,1158,4,954482539
96238,603,6310,4,953925191
96239,603,2440,4,963178259
96240,603,7711,3,963179880
96241,603,5599,3,963180134
96242,603,671,3,954482736
96243,603,33,3,963177385
96244,603,34,2,953928090
96245,603,35,5,963179273
96246,603,481,3,954482687
96247,603,325,5,1002403371
96248,603,9358,4,954482018
96249,603,2413,3,954482597
96250,603,37,5,963179293
96251,603,1422,1,953928381
96252,603,1423,3,963177813
96253,603,2414,3,963179060
96254,603,4041,2,963180237
96255,603,9359,3,953924781
96256,603,38,2,963177428
96257,603,9360,3,963178102
96258,603,7424,1,963179423
96259,603,1425,5,963177249
96260,603,6718,2,963179247
96261,603,326,3,954482471
96262,603,2172,1,953925072
96263,603,1426,3,963180134
96264,603,3005,4,963178259
96265,603,4042,4,963178124
96266,603,327,4,954481981
96267,603,4043,4,963179880
96268,603,1160,2,963179517
96269,603,2897,4,963180237
96270,603,1430,3,953926141
96271,603,328,4,963179423
96272,603,9361,4,953925131
96273,603,44,2,963178746
96274,603,700,4,963176251
96275,603,702,4,954482630
96276,603,705,1,963180252
96277,603,264,4,963177467
96278,603,2173,4,963179791
96279,603,706,1,954482597
96280,603,1028,5,953926758
96281,603,1436,5,954482255
96282,603,330,5,954482181
96283,603,331,4,953926507
96284,603,3694,4,953926605
96285,603,332,4,954482305
96286,603,1438,5,953924781
96287,603,333,5,953926481
96288,603,334,4,953926507
96289,603,2754,4,1000194311
96290,603,335,4,953926507
96291,603,336,5,954482153
96292,603,1098,5,953925308
96293,603,265,5,954482383
96294,603,1441,4,953926581
96295,603,2997,3,954482210
96296,603,45,5,963177308
96297,603,337,4,954482255
96298,603,46,5,1002403371
96299,603,724,5,1000194332
96300,603,3543,5,953926507
96301,603,3053,4,954482181
96302,603,338,4,953925308
96303,603,1443,5,954482383
96304,603,1444,4,953926581
96305,603,3008,5,953925390
96306,603,3732,4,954482181
96307,603,3734,5,1000194379
96308,603,3695,4,953926605
96309,603,3544,4,953926558
96310,603,5496,4,963177272
96311,603,3010,5,953925827
96312,603,3169,5,953925630
96313,603,2143,5,953926529
96314,603,6162,3,963178488
96315,603,2445,5,953925210
96316,603,863,4,963176642
96317,603,1135,4,953927732
96318,603,3545,5,963179377
96319,603,58,3,963178488
96320,603,2074,4,954482083
96321,603,5183,4,963179734
96322,603,9362,3,953925191
96323,603,2447,4,963179247
96324,603,341,3,954482349
96325,603,60,4,963178322
96326,603,720,3,963180003
96327,603,61,3,953926970
96328,603,342,4,953926854
96329,603,5051,2,963176514
96330,603,343,4,953927834
96331,603,62,4,953926854
96332,603,1450,3,953928361
96333,603,345,4,953926605
96334,603,63,5,953925210
96335,603,65,3,1002403544
96336,603,266,2,953926022
96337,603,3170,3,953928066
96338,603,66,4,953927858
96339,603,976,1,963177986
96340,603,725,1,953928433
96341,603,347,5,953926581
96342,603,2428,5,953926481
96343,603,8986,5,963177579
96344,603,9363,3,963176127
96345,603,2174,2,963179734
96346,603,267,3,953927944
96347,603,67,1,953928263
96348,603,6367,1,953925740
96349,603,1451,4,953928153
96350,603,5829,2,963176815
96351,603,3701,3,953928066
96352,603,7378,4,953928000
96353,603,2175,3,963178342
96354,603,3499,1,953927813
96355,603,1006,4,953928124
96356,603,5601,5,953925002
96357,603,2448,4,963179922
96358,603,348,5,953925349
96359,603,349,4,953924781
96360,603,3546,4,953927787
96361,603,1101,4,953927834
96362,603,350,4,954482255
96363,603,3608,4,953927813
96364,603,3703,4,963179902
96365,603,2557,4,954482107
96366,603,3609,4,954482070
96367,603,1102,4,953924781
96368,603,69,3,953927628
96369,603,70,3,953927685
96370,603,71,4,953927655
96371,603,351,5,953927628
96372,603,1029,4,953927759
96373,603,1103,5,963177205
96374,603,3137,4,953928361
96375,603,72,5,953926787
96376,603,73,5,953926787
96377,603,74,3,953927884
96378,603,353,5,954482276
96379,603,75,4,963179312
96380,603,76,5,953925452
96381,603,2076,4,953927628
96382,603,2077,4,953927590
96383,603,77,5,953925452
96384,603,78,3,953928124
96385,603,1137,5,953926758
96386,603,79,3,953927759
96387,603,80,2,953927590
96388,603,354,4,953927685
96389,603,1164,4,953928000
96390,603,1138,5,953927628
96391,603,1106,4,953926758
96392,603,2079,5,963177579
96393,603,1139,4,953926816
96394,603,2900,3,953926854
96395,603,5834,5,963178192
96396,603,2080,4,953926558
96397,603,82,4,953927348
96398,603,2901,5,953926787
96399,603,726,3,953927908
96400,603,865,5,954482181
96401,603,2082,4,953925309
96402,603,1107,5,953925309
96403,603,3012,5,963177291
96404,603,84,3,953925483
96405,603,1108,5,953925309
96406,603,1109,4,963177004
96407,603,268,5,953926900
96408,603,5053,4,954482210
96409,603,85,5,954482210
96410,603,1110,5,953925309
96411,603,86,2,953927759
96412,603,2177,3,963179850
96413,603,2756,4,953927787
96414,603,2084,1,1002403424
96415,603,88,5,953925452
96416,603,358,4,963178168
96417,603,2449,5,953925050
96418,603,359,5,953926529
96419,603,2085,4,953925309
96420,603,1456,4,1002403496
96421,603,2146,4,953926558
96422,603,2757,4,953927787
96423,603,3706,2,953928295
96424,603,90,3,953927884
96425,603,3283,4,953926970
96426,603,3707,2,953927628
96427,603,3708,4,954482305
96428,603,91,1,953928033
96429,603,1113,4,953927628
96430,603,3500,3,953927628
96431,603,361,4,963176536
96432,603,5564,1,963179517
96433,603,866,4,953927787
96434,603,9364,5,954481981
96435,603,5602,3,963179585
96436,603,2751,4,963177853
96437,603,4057,3,953925548
96438,603,7427,4,953925774
96439,603,1461,4,953925483
96440,603,1462,4,953925705
96441,603,2558,4,1002403496
96442,603,4894,5,1002403424
96443,603,1464,3,953925483
96444,603,1465,4,953925705
96445,603,9365,5,953925548
96446,603,2903,3,953925657
96447,603,7092,2,963180176
96448,603,4263,5,963179359
96449,603,977,4,963179538
96450,603,1468,4,963178459
96451,603,1167,1,953927978
96452,603,1471,1,953928033
96453,603,93,2,963177406
96454,603,1472,1,963177067
96455,603,1474,4,953927040
96456,603,2147,4,953925452
96457,603,362,5,963177704
96458,603,1475,5,953927655
96459,603,8762,4,963176178
96460,603,6312,4,963179377
96461,603,1476,5,953925657
96462,603,1477,3,963178550
96463,603,8166,4,963179201
96464,603,3711,4,963178439
96465,603,6163,4,954482471
96466,603,6729,4,953926854
96467,603,3055,3,953927486
96468,603,5294,5,963179396
96469,603,363,2,963178147
96470,603,5184,4,963178192
96471,603,1481,3,963178849
96472,603,364,3,963179585
96473,603,9366,4,954482557
96474,603,2180,3,963177645
96475,603,7428,4,963176362
96476,603,6187,4,963177971
96477,603,3017,3,954482760
96478,603,98,4,963178236
96479,603,2563,3,953926273
96480,603,9367,3,954482851
96481,603,99,4,963178307
96482,603,6313,4,953925031
96483,603,2455,5,953924711
96484,603,3224,1,954482779
96485,603,9368,4,954482687
96486,603,4843,3,954482557
96487,603,1494,1,954482630
96488,603,101,5,963177645
96489,603,102,4,963177406
96490,603,9369,3,963178192
96491,603,4667,3,963179685
96492,603,6316,4,963179312
96493,603,3715,4,963179950
96494,603,5298,4,963179656
96495,603,9370,3,963178669
96496,603,9371,4,963180153
96497,603,104,5,953925050
96498,603,106,1,963176362
96499,603,5110,4,963177853
96500,603,3286,5,953925131
96501,603,1009,5,954482505
96502,603,366,4,963178147
96503,603,1501,3,953925740
96504,603,1502,4,963178398
96505,603,5299,1,954482046
96506,603,1032,4,963179791
96507,603,1504,3,953928066
96508,603,2461,5,963179811
96509,603,834,4,953927759
96510,603,108,5,963177406
96511,603,1114,4,954482305
96512,603,729,2,963179734
96513,603,4465,2,954482349
96514,603,1510,4,963177792
96515,603,5300,4,963180237
96516,603,6449,5,963179273
96517,603,7389,5,963178307
96518,603,234,3,963179487
96519,603,2088,1,963178439
96520,603,1512,3,953925705
96521,603,367,5,953925131
96522,603,988,3,954482414
96523,603,1169,3,963179586
96524,603,109,5,963176362
96525,603,368,4,963179559
96526,603,4669,4,954482666
96527,603,1515,5,963178192
96528,603,1516,2,953925390
96529,603,1517,3,963177670
96530,603,9372,5,963179339
96531,603,2673,3,953925861
96532,603,113,2,963180003
96533,603,2089,5,963178212
96534,603,1523,2,963178488
96535,603,5054,4,963179850
96536,603,4744,4,963180093
96537,603,1525,5,963178168
96538,603,4491,4,954482107
96539,603,371,2,953925242
96540,603,5715,4,963178669
96541,603,372,3,963178259
96542,603,2091,3,953924711
96543,603,373,4,963178061
96544,603,6317,5,963178125
96545,603,8590,2,963178459
96546,603,3022,5,953925157
96547,603,377,2,963178212
96548,603,378,5,963177606
96549,603,7433,4,963179201
96550,603,379,4,963178398
96551,603,2401,5,953926529
96552,603,6690,4,1000194349
96553,603,380,5,954482349
96554,603,5055,4,1000194434
96555,603,2039,4,953926854
96556,603,116,4,953926900
96557,603,3501,4,1000194349
96558,603,3225,4,953927944
96559,603,4900,4,953928263
96560,603,4175,4,953928203
96561,603,3502,3,953926202
96562,603,2092,4,953927858
96563,603,6177,4,953926787
96564,603,381,4,963178125
96565,603,2999,4,953925513
96566,603,1543,4,953925588
96567,603,2905,4,953925513
96568,603,118,3,953927978
96569,603,1034,1,953928409
96570,603,1544,1,953928203
96571,603,9373,3,953925413
96572,603,836,1,953928090
96573,603,1546,2,953926995
96574,603,383,5,953926481
96575,603,3060,4,953927590
96576,603,5303,4,953927858
96577,603,837,2,963177853
96578,603,5603,4,963179615
96579,603,122,5,963177579
96580,603,1557,2,963178870
96581,603,6375,4,963177240
96582,603,2678,4,954482046
96583,603,1559,4,953927732
96584,603,6450,5,953925349
96585,603,8528,5,953927787
96586,603,4901,4,953926303
96587,603,6319,4,953928295
96588,603,7257,4,953926937
96589,603,384,5,953927685
96590,603,998,4,953928153
96591,603,9374,4,953927978
96592,603,1565,4,963176940
96593,603,1566,4,953928124
96594,603,4146,3,953927944
96595,603,135,3,953928033
96596,603,4064,3,953927944
96597,603,1567,3,953925630
96598,603,5056,4,953927732
96599,603,4264,4,953926816
96600,603,1782,4,963177249
96601,603,1572,4,953928090
96602,603,386,2,953928361
96603,603,387,3,953927884
96604,603,2571,4,963178212
96605,603,2907,5,953925157
96606,603,2040,4,953925483
96607,603,5577,4,963179880
96608,603,4673,1,963179768
96609,603,1575,4,953925677
96610,603,1577,4,954482325
96611,603,142,4,953927858
96612,603,8180,3,953927060
96613,603,1141,4,953927813
96614,603,389,5,953925349
96615,603,6169,4,953928361
96616,603,1581,2,953927813
96617,603,1583,3,953927787
96618,603,5058,4,953928179
96619,603,1584,3,953927655
96620,603,8764,3,953925513
96621,603,4176,3,953928124
96622,603,7439,3,963180212
96623,603,1037,1,963177670
96624,603,9375,4,963179970
96625,603,3027,5,963178125
96626,603,5059,4,953928361
96627,603,147,4,954482277
96628,603,7258,3,953926787
96629,603,9376,4,963176251
96630,603,3227,3,953928295
96631,603,5119,4,963180300
96632,603,3598,4,953926088
96633,603,148,3,963179487
96634,603,3289,4,963177792
96635,603,393,4,953926058
96636,603,4182,3,953926333
96637,603,4903,4,953928090
96638,603,5499,4,1000194482
96639,603,5060,4,953927759
96640,603,394,4,953926481
96641,603,2575,4,953924781
96642,603,2911,1,963178488
96643,603,395,1,963178236
96644,603,1602,4,953928000
96645,603,6170,1,953925657
96646,603,396,4,953926141
96647,603,154,5,953926273
96648,603,1609,2,953925191
96649,603,2121,1,954482832
96650,603,155,2,953927944
96651,603,1610,2,953928153
96652,603,1611,3,963176362
96653,603,9377,1,953928203
96654,603,1177,2,953928381
96655,603,999,1,963177105
96656,603,1178,1,963177105
96657,603,274,2,963178689
96658,603,157,3,963179902
96659,603,1615,3,953925677
96660,603,2682,1,1000194533
96661,603,9378,4,963179880
96662,603,6451,4,963179452
96663,603,2470,2,953926202
96664,603,1618,4,953925548
96665,603,1620,3,953927978
96666,603,5770,1,953928066
96667,603,160,1,953928203
96668,603,5307,4,953927835
96669,603,1000,2,953926273
96670,603,7259,5,953925483
96671,603,2579,4,963178631
96672,603,2683,3,963178928
96673,603,9379,5,953926692
96674,603,6194,1,953925740
96675,603,2917,3,953927084
96676,603,164,4,953927019
96677,603,165,4,963177215
96678,603,2153,4,963177159
96679,603,5122,4,963177159
96680,603,2154,4,963177144
96681,603,2918,4,953927060
96682,603,1627,4,963178528
96683,603,7713,3,963177719
96684,603,9380,3,963179791
96685,603,4222,5,953927884
96686,603,1631,1,963178960
96687,603,3294,2,963178568
96688,603,7443,3,954482443
96689,603,167,5,963177606
96690,603,1001,3,953925933
96691,603,5565,4,953926058
96692,603,9381,3,963176277
96693,603,168,4,953926088
96694,603,1002,1,953926166
96695,603,8999,3,963178710
96696,603,6180,4,963178102
96697,603,2583,1,953926238
96698,603,399,5,953926058
96699,603,4154,5,953926351
96700,603,1632,3,953926058
96701,603,9382,4,953927272
96702,603,170,1,963177760
96703,603,171,4,963177428
96704,603,9383,3,954482414
96705,603,172,1,963177792
96706,603,8892,2,963178887
96707,603,6181,4,953925963
96708,603,5831,4,954482471
96709,603,173,2,953926995
96710,603,174,1,953928361
96711,603,732,4,954482643
96712,603,8082,5,954481981
96713,603,4906,4,963179902
96714,603,400,4,953925933
96715,603,2094,4,953926238
96716,603,2472,4,953926110
96717,603,179,3,953926273
96718,603,2584,4,953926303
96719,603,1179,2,953925933
96720,603,1116,4,953925933
96721,603,7380,4,954482153
96722,603,1643,5,953925963
96723,603,401,3,953926058
96724,603,181,3,953925548
96725,603,735,2,963176863
96726,603,1644,1,953926088
96727,603,1117,4,953926166
96728,603,1865,2,963178792
96729,603,9384,2,953927272
96730,603,2095,4,953925349
96731,603,9385,3,953925349
96732,603,4844,4,1000194332
96733,603,2096,3,953926937
96734,603,2685,5,953926507
96735,603,5063,4,953926166
96736,603,2489,1,963177067
96737,603,3068,3,953928295
96738,603,5123,2,953928263
96739,603,5826,4,953925588
96740,603,402,5,953926273
96741,603,403,2,953926333
96742,603,4696,2,953926022
96743,603,5065,4,953926995
96744,603,183,3,953928000
96745,603,1652,3,953928409
96746,603,9386,1,963176755
96747,603,4908,4,953926854
96748,603,6182,4,953927295
96749,603,1658,1,953926303
96750,603,2188,3,953926303
96751,603,4678,4,963176221
96752,603,185,5,953925031
96753,603,6148,3,953927685
96754,603,9387,4,963178079
96755,603,6389,4,953926970
96756,603,1661,1,963176815
96757,603,186,3,953927787
96758,603,2473,3,954482851
96759,603,839,3,953927084
96760,603,1663,3,963176689
96761,603,9388,2,953925072
96762,603,2593,3,963179615
96763,603,7447,4,963176689
96764,603,9389,1,963177971
96765,603,840,3,953925774
96766,603,6390,3,963176863
96767,603,2189,5,953925210
96768,603,2097,5,953927245
96769,603,1667,3,953927732
96770,603,188,4,963177385
96771,603,3032,4,953927685
96772,603,1180,4,953927655
96773,603,6017,3,953927655
96774,603,2761,5,953926448
96775,603,409,4,953927813
96776,603,8195,3,953928066
96777,603,6455,4,953926877
96778,603,3034,5,954482181
96779,603,1668,5,1002403400
96780,603,4880,4,953925390
96781,603,1785,4,954482646
96782,603,189,4,963177205
96783,603,190,4,963177205
96784,603,191,3,963177205
96785,603,192,4,963176570
96786,603,1181,4,963177205
96787,603,3230,4,953928295
96788,603,193,4,963176105
96789,603,3035,1,963178906
96790,603,3231,4,963179423
96791,603,5549,4,953926581
96792,603,1669,2,953927884
96793,603,5313,4,953926970
96794,603,9390,5,953927590
96795,603,410,4,953927628
96796,603,5314,3,953925657
96797,603,194,4,953927978
96798,603,5129,2,963177931
96799,603,195,3,953925390
96800,603,6456,4,953927944
96801,603,1866,1,953928124
96802,603,196,3,953926995
96803,603,197,3,963177205
96804,603,198,5,953925102
96805,603,9391,4,954481981
96806,603,2686,1,954482713
96807,603,2041,4,953925210
96808,603,6457,3,954481981
96809,603,4080,4,953927858
96810,603,2503,5,953927590
96811,603,1676,4,953926558
96812,603,6327,4,954482305
96813,603,4912,3,963176459
96814,603,412,2,963178281
96815,603,4845,4,953927590
96816,603,1682,3,953928033
96817,603,413,2,963176221
96818,603,1183,4,953925657
96819,603,414,4,963176106
96820,603,5771,4,953927759
96821,603,5514,4,953927591
96822,603,2595,2,953927908
96823,603,1686,2,953924711
96824,603,4866,3,953927884
96825,603,1687,4,963177004
96826,603,1688,3,953926058
96827,603,2928,4,963176221
96828,603,5581,3,963176127
96829,603,8200,4,953926877
96830,603,204,4,963176151
96831,603,2929,4,963179685
96832,603,3504,4,953926900
96833,603,5318,3,963176221
96834,603,415,4,953926141
96835,603,5732,4,963177746
96836,603,5075,4,953927019
96837,603,205,5,963177240
96838,603,2195,3,953927655
96839,603,1121,1,963180480
96840,603,416,4,953924864
96841,603,206,4,953924838
96842,603,2099,4,953927186
96843,603,9392,3,963176178
96844,603,4915,3,953924898
96845,603,3611,2,963177024
96846,603,3234,5,953926787
96847,603,1691,4,953926022
96848,603,417,4,953926816
96849,603,277,3,953927685
96850,603,1693,2,953926202
96851,603,2762,5,953928203
96852,603,5077,5,953928409
96853,603,5078,5,953927348
96854,603,4177,4,953927084
96855,603,2198,4,953927375
96856,603,209,1,1002403496
96857,603,418,3,963178374
96858,603,1184,2,953924781
96859,603,2202,4,953925102
96860,603,2602,4,963178488
96861,603,1143,3,963178439
96862,603,2100,5,963177579
96863,603,2204,5,963179880
96864,603,210,1,953924914
96865,603,2690,3,963177686
96866,603,2511,1,953924898
96867,603,2603,4,954481907
96868,603,1011,4,953924838
96869,603,9393,5,953924864
96870,603,419,5,953927186
96871,603,1704,1,953924898
96872,603,5080,5,953926605
96873,603,9394,4,953925513
96874,603,3505,4,953926787
96875,603,1706,4,953927813
96876,603,2494,4,953926758
96877,603,2403,4,953926816
96878,603,421,5,953926507
96879,603,9395,4,953927375
96880,603,211,3,963179711
96881,603,1711,3,953928124
96882,603,422,4,954481907
96883,603,2763,4,953926758
96884,603,1717,4,963177606
96885,603,1718,4,953926937
96886,603,5691,4,953927908
96887,603,1719,5,953927655
96888,603,3613,3,963180281
96889,603,3038,3,954482505
96890,603,5737,1,963177105
96891,603,1144,5,953925309
96892,603,5612,4,953926970
96893,603,215,2,953928295
96894,603,3301,3,954481922
96895,603,9396,4,963176828
96896,603,1722,3,953926816
96897,603,5082,5,953926758
96898,603,8203,5,953926529
96899,603,1723,1,953925548
96900,603,1724,2,963178281
96901,603,423,1,963175918
96902,603,3040,3,963176536
96903,603,5084,5,953926854
96904,603,1730,3,953927732
96905,603,424,4,953926970
96906,603,9397,3,963176034
96907,603,1731,3,963180355
96908,603,5502,3,954482383
96909,603,5321,4,963176106
96910,603,9398,5,954482325
96911,603,1041,5,963175989
96912,603,7456,4,963180386
96913,603,2206,5,963176106
96914,603,1737,4,1000194379
96915,603,2606,2,963176689
96916,603,2122,5,963175972
96917,603,4917,3,963176483
96918,603,6458,3,963176251
96919,603,6018,1,963175947
96920,603,9002,4,963175947
96921,603,3614,4,963176318
96922,603,8770,1,963176292
96923,603,220,4,963175947
96924,603,6953,4,963176016
96925,603,1738,3,963176277
96926,603,9399,4,963176277
96927,603,1740,4,963176666
96928,603,2932,3,963176386
96929,603,5047,3,963176016
96930,603,738,3,963175989
96931,603,8742,3,963175973
96932,603,5515,3,963176326
96933,603,1868,3,963176570
96934,603,1869,1,963176570
96935,603,9400,5,963176178
96936,603,1870,1,963176398
96937,603,222,4,963176570
96938,603,5133,4,963176151
96939,603,9401,5,963176221
96940,603,1123,5,1002403400
96941,603,224,4,963177144
96942,603,225,5,963177004
96943,603,1750,2,963177045
96944,603,1752,4,963176940
96945,603,4085,4,963176794
96946,603,6708,4,1000194500
96947,603,227,3,963177024
96948,603,228,4,963175973
96949,603,1757,1,963176016
96950,603,1759,3,963176483
96951,603,6401,4,963176587
96952,603,2207,4,963175918
96953,603,8077,3,963175947
96954,603,9402,5,963176536
96955,603,4868,3,963176666
96956,603,4170,4,963176642
96957,603,2936,3,1000194533
96958,603,741,4,980732199
96959,603,4923,3,980732147
96960,603,5334,2,980732170
96961,603,742,1,980732199
96962,603,432,5,980732147
96963,603,4925,4,980732199
96964,603,1022,4,1000194455
96965,603,434,2,980732170
96966,603,2042,4,980732268
96967,603,435,3,1000194482
96968,603,436,5,980732170
96969,603,4468,3,980732147
96970,603,437,3,980732147
96971,603,438,3,980732199
96972,603,6205,1,980732230
96973,603,440,4,980732147
96974,603,4929,4,1000194482
96975,603,1023,2,1000194556
96976,603,2623,1,1000194533
96977,603,744,3,1000194420
96978,603,445,5,1000194311
96979,603,1811,1,1002403400
96980,603,2102,5,1002403374
96981,603,446,2,1000194420
96982,603,4935,3,1002403751
96983,603,4093,3,1002403738
96984,603,7477,3,1000194231
96985,603,6339,4,1000194168
96986,603,1817,4,1000194203
96987,603,1818,4,1000194185
96988,603,3178,3,1000194231
96989,603,7275,4,1000194259
96990,603,6985,5,1000194332
96991,603,9403,3,1000194556
96992,603,6995,4,1000194311
96993,603,8987,4,1000194402
96994,603,7280,5,1000194379
96995,603,3553,4,1000194311
96996,603,9404,4,1000194402
96997,603,6693,5,1000194311
96998,603,8226,5,1000194379
96999,603,9405,3,1000194455
97000,603,2944,4,1000194533
97001,603,5138,4,1000194203
97002,603,7485,3,1002403496
97003,603,6149,3,1000194482
97004,603,8231,1,1002403577
97005,603,5774,4,1002403526
97006,603,5353,4,1000194231
97007,603,454,4,1000194168
97008,603,748,1,1000194231
97009,603,9406,3,1000194455
97010,603,9407,4,1000194402
97011,603,6620,3,1000194556
97012,603,4942,1,1002403400
97013,603,9408,3,1002403447
97014,603,6735,4,1002403424
97015,603,6150,4,1000194120
97016,603,2949,4,1000194120
97017,603,1044,4,1000194102
97018,603,8494,4,1002403253
97019,603,4747,4,1000194071
97020,603,455,4,1002403253
97021,603,7715,3,1000194071
97022,603,7498,4,1000194054
97023,603,6502,2,1000194038
97024,603,456,4,1000194022
97025,603,9409,4,1000194022
97026,603,3180,4,1002403314
97027,603,1825,4,1002403253
97028,603,7500,2,1002403253
97029,603,5087,3,1000194005
97030,603,9410,1,1002403526
97031,603,2218,3,1002403447
97032,603,5867,5,1000193988
97033,603,4947,4,1002403447
97034,603,7689,1,1002403475
97035,603,6006,3,1002403475
97036,603,9411,2,1002403475
97037,603,5359,2,1002403526
97038,603,5360,1,1002403253
97039,603,3323,1,1002403269
97040,603,2123,4,1002403400
97041,603,232,3,953926877
97042,603,7305,5,963176419
97043,604,1,3,832079851
97044,604,482,5,832080293
97045,604,484,3,832080355
97046,604,3,3,832080355
97047,604,3679,4,832081027
97048,604,492,4,832080092
97049,604,493,1,832080050
97050,604,494,3,832080546
97051,604,2164,4,832081042
97052,604,496,3,832080316
97053,604,293,4,832079958
97054,604,461,4,832079958
97055,604,463,3,832079983
97056,604,503,4,832080939
97057,604,505,4,832080293
97058,604,508,4,832080615
97059,604,514,3,832080615
97060,604,516,4,832080071
97061,604,519,3,832081105
97062,604,520,2,832080193
97063,604,8,3,832079938
97064,604,1094,4,832079983
97065,604,521,4,832080961
97066,604,9412,3,832080636
97067,604,9,3,832080071
97068,604,465,3,832079796
97069,604,528,4,832080193
97070,604,532,4,832079796
97071,604,533,3,832080193
97072,604,5288,3,832081027
97073,604,534,3,832080961
97074,604,1027,2,832080293
97075,604,1405,3,832080093
97076,604,536,4,832081105
97077,604,539,4,832081063
97078,604,6917,3,832080615
97079,604,9352,3,832080636
97080,604,540,4,832079869
97081,604,541,3,832080093
97082,604,4877,3,832080591
97083,604,1024,3,832080883
97084,604,545,3,832080111
97085,604,550,3,832079869
97086,604,9413,3,832080636
97087,604,13,4,832080333
97088,604,557,3,832080293
97089,604,4181,3,832081076
97090,604,15,3,832080111
97091,604,562,3,832080333
97092,604,466,5,832079869
97093,604,467,4,832080111
97094,604,308,4,832080111
97095,604,575,3,832081063
97096,604,2071,4,832080355
97097,604,578,3,832080545
97098,604,581,4,832080355
97099,604,9414,4,832080636
97100,604,585,5,832079938
97101,604,588,3,832079869
97102,604,589,3,832080193
97103,604,17,5,832079767
97104,604,470,3,832080799
97105,604,9415,3,832080690
97106,604,597,4,832080050
97107,604,18,4,832079820
97108,604,598,3,832079958
97109,604,599,5,832080980
97110,604,1408,4,832080561
97111,604,600,3,832079819
97112,604,601,3,832080591
97113,604,602,3,832080591
97114,604,605,3,832079851
97115,604,471,2,832079796
97116,604,472,4,832081000
97117,604,618,5,832080615
97118,604,23,3,832081063
97119,604,473,3,832080778
97120,604,474,4,832079938
97121,604,1414,3,832080050
97122,604,632,3,832080591
97123,604,633,3,832079982
97124,604,634,4,832079851
97125,604,635,4,832080071
97126,604,1157,4,832081130
97127,604,639,4,832081027
97128,604,1420,3,832081130
97129,604,32,4,832080841
97130,604,323,3,832079796
97131,604,34,4,832080778
97132,604,35,5,832080562
97133,604,324,3,832079820
97134,604,672,3,832080615
97135,604,1422,5,832081042
97136,604,1423,5,832080591
97137,604,674,3,832081130
97138,604,9416,3,832080690
97139,604,677,4,832081130
97140,604,326,3,832080461
97141,604,1426,3,832080735
97142,604,1427,4,832080636
97143,605,1,4,1277097561
97144,605,482,3,1277176522
97145,605,2431,4,1277094943
97146,605,4699,3,1277094964
97147,605,8,3,1277097540
97148,605,464,5,1277096909
97149,605,465,4,1277097287
97150,605,16,5,1277097531
97151,605,17,2,1277097498
97152,605,596,3,1277176056
97153,605,598,3,1277176505
97154,605,21,3,1277097509
97155,605,23,4,1277176570
97156,605,473,3,1277097603
97157,605,27,3,1277097520
97158,605,4055,4,1277176829
97159,605,671,3,1277176617
97160,605,323,3,1277096156
97161,605,479,3,1277097552
97162,605,33,3,1277097584
97163,605,34,3,1277097272
97164,605,480,3,1277175753
97165,605,324,4,1277097352
97166,605,36,2,1277175784
97167,605,674,3,1277096938
97168,605,1159,2,1277176531
97169,605,39,1,1277176658
97170,605,1426,2,1277176716
97171,605,43,3,1277097571
97172,605,701,3,1277175862
97173,605,3694,3,1277094974
97174,605,45,2,1277176088
97175,605,47,4,1277096068
97176,605,48,3,1277175685
97177,605,714,4,1277094969
97178,605,1774,3,1277175761
97179,605,53,3,1277175837
97180,605,863,4,1277175750
97181,605,56,3,1277097391
97182,605,57,1,1277096214
97183,605,61,4,1277176084
97184,605,70,5,1277175645
97185,605,74,5,1277097594
97186,605,1455,3,1277096963
97187,605,86,4,1277097144
97188,605,87,3,1277175858
97189,605,1462,3,1277176652
97190,605,1468,3,1277095727
97191,605,93,4,1277097292
97192,605,3284,2,1277094890
97193,605,4051,3,1277094813
97194,605,99,4,1277097056
97195,605,1492,3,1277097247
97196,605,1496,4,1277094877
97197,605,984,3,1277096132
97198,605,9417,3,1277176734
97199,605,1114,3,1277094785
97200,605,1526,4,1277176511
97201,605,1529,3,1277176959
97202,605,731,3,1277096948
97203,605,119,3,1277176636
97204,605,836,4,1277097152
97205,605,120,4,1277097149
97206,605,1556,3,1277176745
97207,605,1780,3,1277175780
97208,605,998,3,1277176625
97209,605,2680,3,1277096035
97210,605,3288,3,1277175789
97211,605,140,3,1277176759
97212,605,386,3,1277094764
97213,605,1574,2,1277097085
97214,605,142,3,1277176674
97215,605,147,3,1277175955
97216,605,3228,2,1277176817
97217,605,1597,3,1277175869
97218,605,3028,3,1277176932
97219,605,2471,3,1277094769
97220,605,1001,5,1277095714
97221,605,171,5,1277175791
97222,605,1635,3,1277176642
97223,605,174,3,1277176621
97224,605,1637,2,1277094903
97225,605,400,4,1277097059
97226,605,3031,4,1277094954
97227,605,405,5,1277096145
97228,605,183,4,1277175775
97229,605,1659,2,1277176095
97230,605,1662,3,1277097222
97231,605,409,3,1277094926
97232,605,1118,3,1277175648
97233,605,2686,4,1277097137
97234,605,201,2,1277175952
97235,605,1183,3,1277176058
97236,605,736,3,1277175677
97237,605,3675,3,1277096851
97238,605,1700,4,1277094939
97239,605,1721,3,1277175844
97240,605,218,3,1277176546
97241,605,1734,3,1277094863
97242,605,3739,4,1277096786
97243,605,4273,3,1277097316
97244,605,1800,3,1277176175
97245,605,3742,3,1277095732
97246,605,2475,2,1277176992
97247,605,745,3,1277175745
97248,605,1815,3,1277097020
97249,605,747,1,1277095965
97250,605,1146,3,1277176655
97251,605,3320,4,1277096718
97252,605,752,3,1277175594
97253,605,458,3,1277175611
97254,605,3744,2,1277176881
97255,605,754,5,1277175627
97256,605,6504,3,1277176955
97257,605,848,3,1277097047
97258,605,763,3,1277175651
97259,605,6220,3,1277176537
97260,605,764,3,1277175857
97261,605,765,5,1277175638
97262,605,1854,2,1277176110
97263,605,1209,3,1277176552
97264,605,771,5,1277175742
97265,605,3070,2,1277176121
97266,605,3662,2,1277175813
97267,605,5214,3,1277096115
97268,605,3259,3,1277176591
97269,605,1214,4,1277096250
97270,605,3673,2,1277176908
97271,605,775,5,1277175635
97272,605,5220,3,1277175835
97273,605,2516,2,1277096484
97274,605,2780,4,1277175786
97275,605,883,2,1277095858
97276,605,1222,3,1277176743
97277,605,4243,3,1277175747
97278,605,2517,3,1277095760
97279,605,3345,3,1277176127
97280,605,5182,3,1277176610
97281,605,780,4,1277175600
97282,605,781,2,1277176103
97283,605,785,2,1277176988
97284,605,7778,3,1277176690
97285,605,7723,3,1277177012
97286,605,2270,1,1277096178
97287,605,7779,3,1277097257
97288,605,6942,4,1277096857
97289,605,9418,3,1277176772
97290,605,8711,1,1277095744
97291,605,3073,2,1277176668
97292,605,1237,2,1277175883
97293,605,801,3,1277097094
97294,605,1150,3,1277175622
97295,605,809,2,1277175872
97296,605,810,3,1277097267
97297,605,811,3,1277176878
97298,605,1241,3,1277176131
97299,605,2974,3,1277096943
97300,605,9419,1,1277096832
97301,605,4313,2,1277176699
97302,605,5009,1,1277175772
97303,605,1245,3,1277096087
97304,605,1246,3,1277175826
97305,605,1247,2,1277094948
97306,605,1894,3,1277175603
97307,605,5931,3,1277175847
97308,605,1895,4,1277175810
97309,605,3379,3,1277175806
97310,605,5252,3,1277176601
97311,605,8811,1,1277176873
97312,605,819,3,1277176555
97313,605,1255,3,1277175866
97314,605,821,3,1277176632
97315,605,1899,4,1277176500
97316,605,9420,2,1277176984
97317,605,2128,4,1277175763
97318,605,3077,3,1277176124
97319,605,8600,2,1277176884
97320,605,8713,3,1277176573
97321,605,900,3,1277095823
97322,605,902,3,1277097359
97323,605,3404,3,1277175992
97324,605,1264,2,1277176614
97325,605,8714,3,1277175729
97326,605,8715,4,1277176766
97327,605,2519,3,1277175607
97328,605,4148,4,1277096020
97329,605,3154,4,1277175689
97330,605,9421,3,1277176118
97331,605,3415,3,1277097025
97332,605,4523,3,1277097042
97333,605,3424,3,1277175777
97334,605,2060,3,1277176576
97335,605,905,4,1277095803
97336,605,3433,4,1277175832
97337,605,3080,4,1277176583
97338,605,1284,3,1277175876
97339,605,5765,2,1277176939
97340,605,7651,2,1277176971
97341,605,2373,3,1277176559
97342,605,9185,3,1277176856
97343,605,5264,3,1277097064
97344,605,913,3,1277176508
97345,605,6790,3,1277176896
97346,605,9422,3,1277176519
97347,605,7222,3,1277176749
97348,605,9423,3,1277176725
97349,605,3085,3,1277096822
97350,605,8718,3,1277176764
97351,605,918,4,1277175829
97352,605,3462,3,1277175687
97353,605,9424,3,1277175715
97354,605,9425,2,1277176709
97355,605,924,3,1277176141
97356,605,926,3,1277175682
97357,605,9426,4,1277096200
97358,605,927,3,1277097079
97359,605,7043,4,1277096867
97360,605,8142,3,1277176182
97361,605,1926,4,1277175655
97362,605,1311,2,1277176136
97363,605,3088,3,1277176533
97364,606,1,2,1349082950
97365,606,485,2,1171754710
97366,606,488,2,1174349629
97367,606,490,3,1171839063
97368,606,492,4,1171838026
97369,606,2658,4,1171327151
97370,606,493,2,1171814553
97371,606,2431,3,1173049970
97372,606,2069,4,1179419005
97373,606,293,4,1173653921
97374,606,462,3,1171820699
97375,606,501,4,1171757334
97376,606,4,3,1171927423
97377,606,5,4,1171234887
97378,606,296,3,1181771144
97379,606,4036,4,1171817003
97380,606,6,4,1171733439
97381,606,4699,4,1171410274
97382,606,6916,4,1171409272
97383,606,2504,4,1175637619
97384,606,514,3,1171365342
97385,606,520,3,1171361541
97386,606,8,3,1172969333
97387,606,1094,3,1171831405
97388,606,524,3,1173396091
97389,606,2165,4,1173570342
97390,606,3681,4,1172968258
97391,606,4464,4,1171733425
97392,606,10,4,1171234688
97393,606,529,3,1171811156
97394,606,533,2,1181509390
97395,606,1027,3,1172012520
97396,606,2070,3,1171810709
97397,606,2423,4,1171408317
97398,606,3001,4,1171756497
97399,606,9427,3,1172015598
97400,606,549,3,1171837525
97401,606,304,4,1173483991
97402,606,13,4,1171322828
97403,606,557,4,1171361082
97404,606,558,3,1174348180
97405,606,5556,3,1171762349
97406,606,14,2,1171927216
97407,606,306,5,1171327224
97408,606,15,3,1182292420
97409,606,561,3,1171379783
97410,606,16,4,1171324078
97411,606,467,3,1171757325
97412,606,9428,4,1171328200
97413,606,308,4,1171377075
97414,606,468,3,1171814965
97415,606,584,4,1171236810
97416,606,585,4,1171756877
97417,606,589,4,1171387841
97418,606,17,5,1171231349
97419,606,591,2,1177513021
97420,606,1005,3,1171361499
97421,606,2508,4,1171327298
97422,606,2434,4,1171327290
97423,606,2435,4,1171327301
97424,606,233,3,1171927228
97425,606,3685,4,1175637271
97426,606,604,4,1178489784
97427,606,311,4,1171361859
97428,606,21,4,1171231370
97429,606,314,4,1171754880
97430,606,616,3,1172012497
97431,606,22,2,1171230242
97432,606,3168,4,1171406317
97433,606,23,3,1171754864
97434,606,625,2,1171405213
97435,606,628,3,1173396007
97436,606,1416,3,1171757827
97437,606,1156,4,1173570309
97438,606,5696,4,1171755150
97439,606,2438,3,1171760692
97440,606,639,3,1171762864
97441,606,5598,4,1173442777
97442,606,645,4,1171737412
97443,606,318,4,1171406628
97444,606,27,2,1173644082
97445,606,654,4,1171406072
97446,606,28,3,1171736616
97447,606,9356,4,1175637390
97448,606,657,3,1172157078
97449,606,320,4,1171733384
97450,606,476,3,1171821929
97451,606,29,5,1171231423
97452,606,477,3,1171230527
97453,606,1095,5,1171325962
97454,606,1420,3,1179670836
97455,606,31,3,1209233933
97456,606,9429,4,1171324691
97457,606,9430,3,1171328427
97458,606,9431,3,1171500850
97459,606,9432,4,1173570271
97460,606,671,4,1171407662
97461,606,479,3,1171325855
97462,606,33,4,1171231406
97463,606,34,3,1349082957
97464,606,35,4,1171231373
97465,606,480,3,1184619962
97466,606,36,3,1171841463
97467,606,481,4,1171365275
97468,606,2413,3,1173395989
97469,606,2442,3,1171837788
97470,606,830,3,1190729323
97471,606,9433,4,1171325016
97472,606,2555,4,1171327426
97473,606,678,2,1190466365
97474,606,9359,4,1175964551
97475,606,38,2,1228165022
97476,606,4259,4,1171360930
97477,606,2172,4,1171360563
97478,606,4042,4,1171500706
97479,606,723,4,1171325774
97480,606,1160,4,1172952489
97481,606,43,2,1173644144
97482,606,2897,4,1171737345
97483,606,694,4,1171734284
97484,606,699,3,1171325408
97485,606,264,1,1172012792
97486,606,1028,4,1171234955
97487,606,329,3,1174786397
97488,606,3007,3,1171755917
97489,606,330,5,1171375480
97490,606,331,4,1171501243
97491,606,3694,4,1171501448
97492,606,332,5,1171326167
97493,606,1438,4,1171326582
97494,606,333,4,1171363120
97495,606,3729,5,1171376390
97496,606,334,4,1171310442
97497,606,2754,4,1171362987
97498,606,335,5,1171236625
97499,606,1440,4,1171377146
97500,606,336,4,1171237188
97501,606,265,5,1171228846
97502,606,1441,4,1171362994
97503,606,2997,4,1171326349
97504,606,5995,3,1172158411
97505,606,337,4,1175637519
97506,606,724,5,1171310501
97507,606,3543,4,1235151688
97508,606,5690,4,1349082838
97509,606,3053,4,1171326548
97510,606,338,4,1171310419
97511,606,1443,5,1171363287
97512,606,1444,5,1171326556
97513,606,3731,4,1172017595
97514,606,339,4,1171325293
97515,606,48,4,1173571732
97516,606,3695,3,1171812999
97517,606,2395,4,1171378155
97518,606,9434,4,1171409719
97519,606,2143,4,1171377561
97520,606,6689,4,1180551729
97521,606,715,4,1171735721
97522,606,2445,5,1171816775
97523,606,863,4,1171501294
97524,606,3545,4,1171811645
97525,606,341,3,1171365437
97526,606,1162,4,1171365182
97527,606,720,4,1171377295
97528,606,4835,4,1171501344
97529,606,343,4,1171580215
97530,606,1450,4,1171501305
97531,606,345,4,1171363175
97532,606,864,3,1171926956
97533,606,63,5,1171327143
97534,606,64,4,1171233601
97535,606,65,3,1171234664
97536,606,266,4,1171230300
97537,606,346,4,1171760559
97538,606,66,3,1175636650
97539,606,725,2,1228165028
97540,606,9435,3,1175627831
97541,606,2174,3,1182292367
97542,606,267,3,1171377668
97543,606,68,4,1171736505
97544,606,9436,3,1171361663
97545,606,3499,4,1173570289
97546,606,2075,4,1171758723
97547,606,5601,4,1171327257
97548,606,349,3,1178491029
97549,606,3011,4,1171323577
97550,606,3546,4,1171842142
97551,606,1101,4,1171365708
97552,606,350,3,1171229433
97553,606,3703,4,1175637249
97554,606,1102,4,1171376383
97555,606,69,4,1171324086
97556,606,71,3,1171310364
97557,606,351,4,1175637581
97558,606,1029,3,1177104994
97559,606,1103,4,1171237257
97560,606,2396,4,1171376888
97561,606,72,4,1171236748
97562,606,73,4,1171309724
97563,606,1136,4,1171379582
97564,606,74,4,1171324088
97565,606,353,5,1171376303
97566,606,76,4,1171325965
97567,606,2076,4,1171324457
97568,606,77,4,1171326504
97569,606,78,4,1171377515
97570,606,1137,4,1171237134
97571,606,79,4,1171310082
97572,606,354,4,1171237077
97573,606,1164,4,1171236765
97574,606,1106,4,1171365476
97575,606,1139,4,1171761003
97576,606,2900,3,1173572097
97577,606,82,4,1171325849
97578,606,2081,4,1171825229
97579,606,2901,5,1171229683
97580,606,726,4,1175637546
97581,606,865,4,1171405335
97582,606,2083,3,1181334455
97583,606,355,3,1171376891
97584,606,2755,3,1171500598
97585,606,84,4,1171236754
97586,606,356,4,1171825255
97587,606,3013,4,1171325688
97588,606,1455,4,1171234765
97589,606,86,3,1171325845
97590,606,2177,4,1171731715
97591,606,2756,4,1171360479
97592,606,2084,4,1175637633
97593,606,87,3,1171755517
97594,606,3014,4,1171822730
97595,606,88,3,1172513292
97596,606,2449,4,1171323503
97597,606,1112,4,1171501168
97598,606,89,4,1171311986
97599,606,2085,3,1171821773
97600,606,1456,4,1171325666
97601,606,90,4,1171754643
97602,606,3000,4,1171376897
97603,606,3708,4,1171757839
97604,606,1113,3,1171230163
97605,606,3500,3,1178489930
97606,606,3709,4,1171327904
97607,606,5564,3,1171327916
97608,606,866,4,1171322894
97609,606,2751,3,1177104932
97610,606,1461,3,1177274192
97611,606,1462,3,1173441619
97612,606,2558,3,1171756928
97613,606,1030,4,1171361095
97614,606,2903,4,1171821675
97615,606,4263,4,1171362232
97616,606,994,4,1173823837
97617,606,2450,3,1232573734
97618,606,1474,3,1179353066
97619,606,2420,3,1228164987
97620,606,1475,3,1176217300
97621,606,2451,4,1171365214
97622,606,1477,2,1171831803
97623,606,4051,4,1171237106
97624,606,3016,3,1171501592
97625,606,4052,3,1171737175
97626,606,2452,4,1171818537
97627,606,364,4,1171361055
97628,606,2180,3,1171757443
97629,606,4864,2,1174696406
97630,606,1485,2,1171814422
97631,606,9437,3,1173447143
97632,606,1031,4,1171325944
97633,606,1488,4,1171760058
97634,606,4843,4,1171734493
97635,606,1494,4,1171365318
97636,606,6314,4,1171824516
97637,606,102,2,1171310310
97638,606,727,3,1171831415
97639,606,982,2,1171837783
97640,606,728,3,1171755490
97641,606,5298,4,1171406306
97642,606,9370,3,1172016604
97643,606,1500,4,1171580233
97644,606,1008,3,1171814877
97645,606,3716,2,1182691572
97646,606,3286,4,1173570165
97647,606,366,4,1171761586
97648,606,1501,3,1191361322
97649,606,8171,3,1171825433
97650,606,1032,3,1191610031
97651,606,1503,2,1190729481
97652,606,1504,2,1171230095
97653,606,2460,3,1171408711
97654,606,834,4,1171754630
97655,606,1114,4,1171407206
97656,606,729,4,1171814392
97657,606,7389,4,1171323239
97658,606,234,4,1171325208
97659,606,988,4,1171325893
97660,606,4898,3,1171760940
97661,606,1169,4,1175637470
97662,606,109,4,1171311016
97663,606,369,4,1174696226
97664,606,4669,3,1173484234
97665,606,730,4,1173823790
97666,606,2463,4,1171365227
97667,606,2089,3,1172016478
97668,606,4670,3,1171737562
97669,606,2567,3,1171379778
97670,606,5147,3,1172014848
97671,606,4744,4,1171410008
97672,606,9438,3,1171842826
97673,606,2090,3,1171409065
97674,606,2904,4,1171408632
97675,606,2091,4,1171361064
97676,606,3022,3,1171816464
97677,606,8174,4,1171234647
97678,606,378,3,1173392294
97679,606,991,0,1171229121
97680,606,1536,3,1178302696
97681,606,379,3,1171407023
97682,606,5055,3,1177512639
97683,606,4878,4,1171376903
97684,606,116,3,1180224597
97685,606,3501,4,1171236593
97686,606,4175,4,1171377019
97687,606,3502,3,1171405527
97688,606,2092,4,1171376909
97689,606,1171,4,1171927098
97690,606,3503,4,1171376849
97691,606,1537,4,1171365503
97692,606,382,4,1171325390
97693,606,1539,1,1179176353
97694,606,1543,2,1171229476
97695,606,2905,3,1178911117
97696,606,6003,1,1178911145
97697,606,2906,1,1178911148
97698,606,118,2,1172969187
97699,606,1034,0,1172969043
97700,606,992,0,1172969050
97701,606,119,2,1171926686
97702,606,3547,5,1171375990
97703,606,836,3,1171325863
97704,606,120,2,1173644020
97705,606,383,4,1190466613
97706,606,3060,4,1171327782
97707,606,2183,4,1173570257
97708,606,5304,3,1171737417
97709,606,122,4,1171233580
97710,606,1559,4,1171365514
97711,606,6319,3,1171839167
97712,606,1035,3,1172157279
97713,606,998,3,1171822424
97714,606,4146,4,1171407500
97715,606,135,3,1171754613
97716,606,3288,4,1171325755
97717,606,386,3,1171404887
97718,606,9439,4,1171500790
97719,606,2040,4,1171375671
97720,606,141,4,1175637415
97721,606,142,4,1171580064
97722,606,5200,4,1171326585
97723,606,8180,3,1171363467
97724,606,5305,4,1171324732
97725,606,2908,4,1171326623
97726,606,8183,4,1173570175
97727,606,8184,3,1171363394
97728,606,143,2,1172016705
97729,606,1141,4,1172011226
97730,606,8185,4,1171363485
97731,606,389,4,1171363146
97732,606,1578,4,1171363179
97733,606,9440,3,1171363536
97734,606,6320,4,1171326613
97735,606,2184,4,1171406583
97736,606,1580,4,1171375879
97737,606,5057,4,1171362103
97738,606,1581,4,1171408280
97739,606,1583,4,1171580299
97740,606,2488,3,1171405545
97741,606,9375,3,1173392526
97742,606,3027,4,1171228952
97743,606,147,4,1171361033
97744,606,2152,4,1171326048
97745,606,3227,4,1171408409
97746,606,3173,4,1171360462
97747,606,3598,4,1174349735
97748,606,1597,4,1171408568
97749,606,392,5,1171311393
97750,606,148,4,1171927475
97751,606,3290,4,1171814850
97752,606,394,4,1171361398
97753,606,150,3,1181333890
97754,606,1601,3,1368460577
97755,606,2911,3,1171365222
97756,606,395,4,1171841813
97757,606,3548,5,1171362259
97758,606,5121,3,1171837926
97759,606,1602,3,1171812156
97760,606,1861,2,1172011752
97761,606,152,3,1171407089
97762,606,9441,4,1171404653
97763,606,1609,4,1175637348
97764,606,2576,2,1172011013
97765,606,2121,3,1171820488
97766,606,1610,3,1172016736
97767,606,1173,2,1172011492
97768,606,1174,2,1172011499
97769,606,1175,2,1172010968
97770,606,1176,1,1172012115
97771,606,999,2,1171311778
97772,606,1178,1,1172012186
97773,606,274,3,1171379808
97774,606,2682,3,1171736640
97775,606,5837,3,1171365407
97776,606,5548,3,1171309584
97777,606,6992,4,1175637494
97778,606,6171,3,1171842270
97779,606,1618,4,1171580081
97780,606,397,4,1173570093
97781,606,160,2,1171822408
97782,606,3292,1,1172012627
97783,606,5722,2,1171407533
97784,606,5307,3,1180223149
97785,606,9442,4,1171328207
97786,606,9443,4,1173570372
97787,606,1627,3,1172928943
97788,606,1010,4,1171376341
97789,606,7242,2,1173396174
97790,606,4222,4,1171737479
97791,606,167,5,1171325929
97792,606,1002,3,1171365620
97793,606,398,4,1171736933
97794,606,6180,3,1172015628
97795,606,1635,3,1171841356
97796,606,172,3,1197932958
97797,606,178,4,1171501673
97798,606,732,4,1171365325
97799,606,1639,3,1197830689
97800,606,8082,4,1171234566
97801,606,5310,4,1171361673
97802,606,179,4,1171323386
97803,606,2584,3,1171327432
97804,606,1179,1,1177539632
97805,606,7380,4,1173570359
97806,606,1643,2,1172013777
97807,606,401,4,1171762538
97808,606,181,3,1171323876
97809,606,1865,3,1171365379
97810,606,2096,4,1175637606
97811,606,2760,4,1171328254
97812,606,2489,2,1173829998
97813,606,5727,2,1181509613
97814,606,402,4,1171360350
97815,606,5065,3,1171813889
97816,606,6601,2,1172013618
97817,606,1650,4,1171326197
97818,606,5126,4,1171833819
97819,606,183,3,1175636500
97820,606,3297,4,1171365413
97821,606,4908,4,1171405487
97822,606,1656,4,1171755704
97823,606,406,4,1171360972
97824,606,185,4,1171323814
97825,606,1662,4,1171760885
97826,606,2473,3,1171405021
97827,606,9444,4,1171361380
97828,606,2189,4,1175637586
97829,606,1667,3,1171229571
97830,606,4266,4,1172014923
97831,606,2713,3,1171926932
97832,606,190,3,1171755467
97833,606,191,4,1171755486
97834,606,1181,4,1171311449
97835,606,193,5,1171231517
97836,606,6602,3,1181674962
97837,606,195,3,1172157049
97838,606,4910,3,1173484533
97839,606,198,5,1171406357
97840,606,1118,5,1175637373
97841,606,5315,4,1171361315
97842,606,1671,3,1171379690
97843,606,9445,4,1171737820
97844,606,6392,4,1175637552
97845,606,199,4,1171926608
97846,606,4845,4,1171325529
97847,606,5070,4,1171363038
97848,606,1183,3,1172015235
97849,606,414,5,1171325513
97850,606,3550,4,1171311375
97851,606,8950,4,1173570115
97852,606,2192,3,1171815069
97853,606,1686,3,1171820476
97854,606,2193,4,1173570353
97855,606,1120,4,1171736558
97856,606,7080,3,1171407811
97857,606,204,3,1172157210
97858,606,2929,4,1173570291
97859,606,3675,3,1171831421
97860,606,415,4,1175637442
97861,606,205,4,1171360362
97862,606,206,4,1171407282
97863,606,4183,4,1171737714
97864,606,2599,4,1173570203
97865,606,5608,4,1171405683
97866,606,8075,4,1173572004
97867,606,2198,4,1171327406
97868,606,2200,4,1171817550
97869,606,1184,2,1172012842
97870,606,1698,2,1175553669
97871,606,2601,3,1171762880
97872,606,2202,4,1171822034
97873,606,3235,3,1171310033
97874,606,4083,3,1173135613
97875,606,2511,4,1171365218
97876,606,9446,4,1171409431
97877,606,9447,4,1171328192
97878,606,6329,4,1171324906
97879,606,4267,4,1171501158
97880,606,3551,4,1171501144
97881,606,4268,5,1171501140
97882,606,419,3,1201790147
97883,606,4225,3,1171812275
97884,606,1706,2,1171230612
97885,606,2403,3,1171326071
97886,606,211,4,1171377314
97887,606,7455,3,1171812141
97888,606,5734,3,1171811974
97889,606,422,4,1173570247
97890,606,1717,4,1171580077
97891,606,1719,4,1171327393
97892,606,3038,4,1175637465
97893,606,215,4,1171310121
97894,606,216,3,1171810070
97895,606,2159,5,1171377657
97896,606,1186,4,1171501099
97897,606,217,3,1171815268
97898,606,218,3,1171365391
97899,606,1039,4,1171757790
97900,606,3041,4,1171809671
97901,606,5614,4,1171405719
97902,606,1041,3,1172969493
97903,606,425,4,1172968543
97904,606,7082,3,1171501367
97905,606,1737,3,1171405354
97906,606,3302,3,1173047356
97907,606,2122,4,1173054405
97908,606,6730,3,1171362227
97909,606,220,3,1171323835
97910,606,7457,4,1171309962
97911,606,7262,3,1171822350
97912,606,8742,3,1171578658
97913,606,4270,4,1171501148
97914,606,3044,4,1171501155
97915,606,9448,4,1171501173
97916,606,8205,4,1171501153
97917,606,5133,3,1171405001
97918,606,9401,3,1171361462
97919,606,1004,3,1171408610
97920,606,6200,3,1171759142
97921,606,1145,4,1171311440
97922,606,4919,4,1171375850
97923,606,1743,3,1171405134
97924,606,3306,3,1181509689
97925,606,8145,3,1171822078
97926,606,2162,4,1171377329
97927,606,1017,2,1173395727
97928,606,9449,4,1171311453
97929,606,4868,4,1171365524
97930,606,2101,4,1175627635
97931,606,2611,3,1171405028
97932,606,4687,4,1171811599
97933,606,7418,4,1173212304
97934,606,1872,3,1181770139
97935,606,739,2,1181770144
97936,606,429,3,1172014451
97937,606,5205,3,1171834576
97938,606,3722,4,1171362222
97939,606,9450,4,1171328086
97940,606,7464,3,1171405036
97941,606,431,4,1171760486
97942,606,741,1,1171407144
97943,606,3308,3,1177506842
97944,606,5333,3,1171311459
97945,606,432,4,1171409505
97946,606,1190,4,1171407480
97947,606,2615,3,1171236797
97948,606,434,4,1171327083
97949,606,743,3,1171405065
97950,606,1804,4,1173570224
97951,606,1043,3,1172927885
97952,606,437,4,1171362762
97953,606,1807,3,1172928217
97954,606,4929,3,1171840954
97955,606,2617,3,1171365322
97956,606,3312,2,1173047916
97957,606,2619,2,1173829713
97958,606,1876,2,1172011258
97959,606,4090,4,1171578470
97960,606,443,4,1171410660
97961,606,5338,4,1173570110
97962,606,7473,4,1173467729
97963,606,1023,2,1171821951
97964,606,5339,4,1171755191
97965,606,2623,4,1171406179
97966,606,1810,3,1171814213
97967,606,5086,4,1171757338
97968,606,445,4,1171231507
97969,606,1811,1,1171810784
97970,606,446,3,1171834292
97971,606,447,4,1171578954
97972,606,448,3,1171409265
97973,606,1191,4,1171817620
97974,606,6337,4,1171325322
97975,606,7273,4,1171361409
97976,606,8225,4,1171377230
97977,606,745,4,1175637342
97978,606,451,4,1171501533
97979,606,746,3,1172011423
97980,606,5346,3,1171361255
97981,606,2628,3,1172929002
97982,606,2632,4,1171406160
97983,606,3316,5,1349082662
97984,606,9451,4,1171327795
97985,606,2633,4,1349082709
97986,606,2634,4,1175637242
97987,606,1816,2,1171379711
97988,606,747,3,1171408348
97989,606,453,3,1171815514
97990,606,1193,4,1171387957
97991,606,7276,3,1262965699
97992,606,9452,4,1171361451
97993,606,8987,4,1173570229
97994,606,9404,2,1171825901
97995,606,2944,4,1171761948
97996,606,5350,3,1171309988
97997,606,1819,2,1178822698
97998,606,2945,4,1173570398
97999,606,3242,3,1171831597
98000,606,2639,2,1173396532
98001,606,8227,4,1171324642
98002,606,2640,3,1171762564
98003,606,1877,2,1173829744
98004,606,6421,3,1171375678
98005,606,2947,3,1171580269
98006,606,6149,4,1172158201
98007,606,7284,3,1171326899
98008,606,845,2,1171404751
98009,606,3245,2,1174349683
98010,606,9015,2,1171755654
98011,606,9453,4,1171825359
98012,606,1879,3,1171831816
98013,606,5352,3,1258378752
98014,606,1822,2,1171234562
98015,606,5355,4,1171500713
98016,606,9454,3,1209233868
98017,606,9455,3,1171737067
98018,606,6619,1,1172012314
98019,606,3322,3,1171820532
98020,606,9456,3,1171500799
98021,606,9406,3,1171404962
98022,606,1823,1,1177539635
98023,606,1044,4,1171377410
98024,606,4944,3,1171379889
98025,606,7498,2,1179949104
98026,606,2218,4,1171736770
98027,606,8929,3,1171500721
98028,606,8235,3,1171813866
98029,606,7689,4,1171812931
98030,606,3323,2,1173049259
98031,606,9457,3,1171734374
98032,606,9458,4,1171822724
98033,606,7502,3,1171840637
98034,606,1829,3,1180224015
98035,606,457,4,1171310956
98036,606,9459,4,1171759403
98037,606,752,4,1173570104
98038,606,2513,3,1173447224
98039,606,458,4,1171322878
98040,606,1831,3,1179671026
98041,606,459,2,1176332154
98042,606,4232,4,1171405700
98043,606,4952,4,1178490687
98044,606,5168,4,1171831056
98045,606,753,4,1171365290
98046,606,460,4,1171237020
98047,606,1126,4,1171233963
98048,606,2717,3,1171407038
98049,606,8087,3,1171836307
98050,606,1832,4,1171234335
98051,606,2952,3,1171824942
98052,606,754,4,1171376047
98053,606,755,4,1171323919
98054,606,1835,4,1171736836
98055,606,4161,3,1171500518
98056,606,7508,4,1171361566
98057,606,6627,3,1172158417
98058,606,4476,4,1171408765
98059,606,5590,3,1171810004
98060,606,4957,4,1171810211
98061,606,756,4,1259446272
98062,606,9460,4,1171361617
98063,606,1842,4,1171408837
98064,606,3556,4,1171500642
98065,606,2701,2,1171815343
98066,606,6134,4,1173570084
98067,606,2954,3,1171756904
98068,606,757,4,1171408549
98069,606,1844,3,1181509277
98070,606,9461,3,1171501557
98071,606,870,4,1171927678
98072,606,758,3,1197932961
98073,606,5150,3,1171362034
98074,606,1199,4,1171736716
98075,606,6711,3,1173743025
98076,606,3558,3,1177539315
98077,606,759,4,1171762778
98078,606,760,2,1172011338
98079,606,7385,3,1174603944
98080,606,5510,3,1171363867
98081,606,9462,4,1171404588
98082,606,8257,3,1171837144
98083,606,5153,3,1171757214
98084,606,9463,3,1171501798
98085,606,8598,4,1171501480
98086,606,9464,4,1171404629
98087,606,2045,4,1178054397
98088,606,763,4,1172441052
98089,606,7534,3,1171834816
98090,606,3276,2,1180988780
98091,606,5392,2,1173442414
98092,606,1202,4,1175637589
98093,606,1850,3,1171817363
98094,606,8265,3,1172968972
98095,606,5808,3,1174253325
98096,606,2957,3,1171831943
98097,606,9465,2,1172011864
98098,606,9466,4,1171580281
98099,606,9467,4,1171360736
98100,606,9468,4,1171810194
98101,606,2772,4,1171578584
98102,606,3559,3,1175636791
98103,606,764,4,1171322855
98104,606,9469,4,1171500978
98105,606,9470,4,1171360985
98106,606,3187,4,1171325509
98107,606,4483,3,1171816480
98108,606,7763,4,1171410545
98109,606,9471,2,1171500764
98110,606,9472,3,1171734376
98111,606,872,3,1173047850
98112,606,765,4,1171310163
98113,606,3188,4,1175637641
98114,606,857,4,1173570227
98115,606,859,4,1171733410
98116,606,1045,3,1172014973
98117,606,9473,3,1171377174
98118,606,766,3,1232574627
98119,606,9474,3,1171361986
98120,606,767,4,1173570295
98121,606,4851,4,1173442847
98122,606,1206,4,1171233543
98123,606,1147,4,1172927849
98124,606,8277,3,1171813539
98125,606,9475,4,1171326858
98126,606,7303,4,1171365536
98127,606,9476,4,1171324428
98128,606,9477,3,1171323922
98129,606,8933,4,1171311404
98130,606,8497,3,1172013411
98131,606,9478,3,1182353086
98132,606,4179,3,1182353292
98133,606,3189,1,1181774099
98134,606,9479,3,1177531455
98135,606,3191,4,1173570337
98136,606,9480,4,1173570200
98137,606,285,4,1171822674
98138,606,6998,4,1209754411
98139,606,1207,3,1173994038
98140,606,3565,4,1171409905
98141,606,7563,4,1171405616
98142,606,5141,2,1171822891
98143,606,5176,4,1171815404
98144,606,1858,4,1171501566
98145,606,1128,4,1178489476
98146,606,769,2,1171761126
98147,606,6155,3,1171409862
98148,606,1209,2,1171814481
98149,606,8293,4,1171500840
98150,606,876,4,1171310356
98151,606,3194,4,1171368922
98152,606,9481,4,1171361385
98153,606,8518,3,1177513082
98154,606,1211,4,1171362786
98155,606,9482,3,1181665741
98156,606,8094,4,1171579396
98157,606,9483,3,1171755910
98158,606,771,3,1172015230
98159,606,9484,4,1171361628
98160,606,3071,2,1172012541
98161,606,9485,4,1173570357
98162,606,9486,3,1171833745
98163,606,3566,4,1171578845
98164,606,2480,4,1171410583
98165,606,9487,4,1172016891
98166,606,4979,4,1183765343
98167,606,9488,4,1171737038
98168,606,5093,4,1171500710
98169,606,2047,4,1172514534
98170,606,4854,4,1171365825
98171,606,9489,4,1171727932
98172,606,4180,3,1171927365
98173,606,2961,4,1173570152
98174,606,1214,3,1171405345
98175,606,9490,4,1171375616
98176,606,3567,4,1171324335
98177,606,7770,2,1171831279
98178,606,8800,1,1172011063
98179,606,9491,3,1171326912
98180,606,1215,4,1171736469
98181,606,7591,3,1171365367
98182,606,3260,3,1171754699
98183,606,772,3,1174323850
98184,606,1148,4,1171377306
98185,606,2963,2,1181334564
98186,606,235,4,1171235842
98187,606,7311,3,1172441463
98188,606,5422,4,1171821893
98189,606,7596,4,1171309944
98190,606,773,2,1171761135
98191,606,878,2,1244571946
98192,606,3196,3,1181770084
98193,606,2243,4,1171310197
98194,606,2244,4,1175637643
98195,606,7597,4,1171323634
98196,606,9492,4,1171579826
98197,606,8325,4,1171377700
98198,606,9493,2,1171405011
98199,606,2246,2,1171815225
98200,606,3261,3,1171815276
98201,606,2111,3,1173470697
98202,606,2247,4,1171365456
98203,606,3262,1,1172012182
98204,606,4751,4,1171728909
98205,606,3340,4,1171832326
98206,606,6039,0,1172012105
98207,606,1217,3,1171754649
98208,606,7598,3,1171811728
98209,606,4240,3,1176332069
98210,606,4241,2,1171811777
98211,606,9494,4,1171325644
98212,606,3266,3,1171405196
98213,606,5179,4,1171501499
98214,606,3754,4,1171311444
98215,606,8346,4,1171813047
98216,606,7000,4,1171232927
98217,606,8348,3,1171813193
98218,606,5094,4,1171361363
98219,606,2251,4,1174346020
98220,606,8350,3,1172017554
98221,606,8351,4,1171363035
98222,606,1129,5,1175637420
98223,606,7772,2,1173396473
98224,606,9495,3,1232573721
98225,606,7001,4,1171235044
98226,606,5219,4,1171377881
98227,606,9496,3,1171813499
98228,606,774,4,1171311738
98229,606,1218,4,1171230291
98230,606,879,4,1171405263
98231,606,880,4,1171407861
98232,606,775,4,1171310090
98233,606,881,3,1171234619
98234,606,2720,4,1171820842
98235,606,8357,4,1171378437
98236,606,5221,3,1171821842
98237,606,3572,4,1171311380
98238,606,5005,2,1178139143
98239,606,4752,3,1171234346
98240,606,9497,2,1173829806
98241,606,1221,4,1171233972
98242,606,2781,3,1173392238
98243,606,9498,3,1171729052
98244,606,1130,4,1171814375
98245,606,4287,4,1171362199
98246,606,884,2,1179949074
98247,606,8363,4,1171233924
98248,606,2782,4,1171360588
98249,606,1048,4,1171233859
98250,606,6507,4,1171360545
98251,606,6024,4,1171324760
98252,606,9499,4,1171755246
98253,606,1884,4,1171755494
98254,606,8368,5,1171375514
98255,606,8369,4,1171377974
98256,606,3271,2,1177507100
98257,606,5433,3,1171820460
98258,606,8372,4,1175781407
98259,606,6468,4,1171762409
98260,606,7110,3,1181434749
98261,606,8103,5,1175637600
98262,606,8378,4,1173570405
98263,606,9500,3,1171813550
98264,606,5158,4,1171365487
98265,606,3205,4,1171324979
98266,606,4289,4,1177539374
98267,606,8946,3,1171500900
98268,606,5096,4,1175637508
98269,606,3575,4,1171311378
98270,606,7337,4,1171817425
98271,606,4753,4,1172015207
98272,606,7340,4,1171815393
98273,606,779,4,1171312003
98274,606,780,4,1171322871
98275,606,781,2,1181663190
98276,606,9501,3,1171839204
98277,606,9502,3,1171502042
98278,606,9503,4,1171500574
98279,606,2048,4,1175637268
98280,606,8423,4,1171813237
98281,606,4141,4,1171369185
98282,606,887,3,1175636440
98283,606,9504,4,1171328320
98284,606,2049,4,1175637527
98285,606,2972,3,1171822451
98286,606,783,2,1181689537
98287,606,9505,3,1171730449
98288,606,9506,3,1171501806
98289,606,6751,4,1171500652
98290,606,6752,3,1171361471
98291,606,8446,4,1171409599
98292,606,8107,4,1171311371
98293,606,3147,4,1171234371
98294,606,2790,4,1171755406
98295,606,5896,3,1171757011
98296,606,9507,4,1171323614
98297,606,795,4,1171237031
98298,606,9508,3,1232573744
98299,606,2721,3,1180309278
98300,606,890,2,1171579095
98301,606,4856,3,1171325525
98302,606,2518,4,1171814331
98303,606,2272,4,1171409458
98304,606,9509,4,1171328279
98305,606,9510,4,1173381141
98306,606,5789,4,1171377632
98307,606,8462,4,1177442293
98308,606,9511,3,1209233898
98309,606,9512,4,1171825752
98310,606,7779,3,1171361707
98311,606,6251,3,1172355490
98312,606,6544,2,1173993293
98313,606,9513,4,1171831069
98314,606,2795,3,1171501484
98315,606,9514,4,1171818266
98316,606,9515,4,1171410026
98317,606,4302,4,1178822607
98318,606,4857,4,1173021908
98319,606,9516,4,1238445398
98320,606,9517,3,1232573998
98321,606,7400,4,1171236722
98322,606,9518,4,1174339747
98323,606,9519,4,1171327366
98324,606,9520,4,1291933153
98325,606,6764,4,1181769418
98326,606,9521,3,1201789185
98327,606,3212,4,1171233978
98328,606,2278,4,1171406379
98329,606,9522,4,1173381043
98330,606,9523,3,1171500758
98331,606,9119,4,1180473187
98332,606,9524,4,1174347442
98333,606,1132,3,1179872432
98334,606,4306,4,1171823414
98335,606,4307,5,1175728820
98336,606,4989,2,1175722715
98337,606,3148,3,1172014553
98338,606,2050,4,1173392907
98339,606,891,3,1181333904
98340,606,1237,4,1171361068
98341,606,4309,4,1177626896
98342,606,801,3,1174512255
98343,606,3364,3,1177359451
98344,606,6664,3,1171407857
98345,606,6954,3,1179353000
98346,606,9525,3,1171500969
98347,606,7724,3,1184619771
98348,606,9526,4,1175637452
98349,606,9527,3,1258367952
98350,606,2051,3,1182290556
98351,606,1150,4,1171311961
98352,606,6433,4,1171377495
98353,606,9528,3,1173381088
98354,606,9529,4,1206915509
98355,606,7784,3,1258378735
98356,606,807,4,1174427243
98357,606,9530,3,1171410642
98358,606,9531,3,1171501952
98359,606,9532,4,1183631125
98360,606,9533,4,1238445281
98361,606,9534,4,1171813113
98362,606,1239,3,1174786155
98363,606,9535,4,1171825812
98364,606,9536,4,1244571715
98365,606,809,4,1171310221
98366,606,5161,4,1173381153
98367,606,1240,4,1349083024
98368,606,895,3,1171379665
98369,606,5190,4,1182290097
98370,606,5286,4,1291933003
98371,606,1242,2,1180737464
98372,606,2052,4,1183640232
98373,606,2291,4,1183640405
98374,606,5025,4,1173570243
98375,606,1246,4,1171311994
98376,606,2292,3,1183640383
98377,606,2053,4,1171325804
98378,606,5929,3,1173054503
98379,606,3585,4,1171816433
98380,606,5248,3,1178302675
98381,606,1893,1,1177539644
98382,606,5543,4,1173570127
98383,606,2299,3,1190466221
98384,606,896,3,1171375501
98385,606,1894,3,1171322869
98386,606,6772,4,1232573457
98387,606,9537,4,1171500683
98388,606,898,4,1173570118
98389,606,1895,3,1175285400
98390,606,3374,4,1190466648
98391,606,2302,4,1174696100
98392,606,7205,4,1179671251
98393,606,1250,4,1259446275
98394,606,9538,4,1171729971
98395,606,2307,4,1175552653
98396,606,1252,4,1171831750
98397,606,9539,3,1209754486
98398,606,1253,5,1177104490
98399,606,5193,2,1211920966
98400,606,4859,4,1171234909
98401,606,7363,2,1171234671
98402,606,1897,2,1232574212
98403,606,818,3,1171578534
98404,606,3385,3,1174786173
98405,606,1255,2,1244571964
98406,606,3152,4,1172969508
98407,606,820,3,1173577596
98408,606,5145,3,1254224585
98409,606,1256,4,1174050244
98410,606,2311,3,1179784984
98411,606,1257,1,1183840745
98412,606,899,3,1207232706
98413,606,9540,4,1201789437
98414,606,6440,3,1202763804
98415,606,9541,2,1244573590
98416,606,2128,4,1179176178
98417,606,2312,4,1177937288
98418,606,9542,3,1244573672
98419,606,2314,4,1179440159
98420,606,9543,4,1202243482
98421,606,9544,3,1201868008
98422,606,2316,3,1172952058
98423,606,1133,4,1171375779
98424,606,238,3,1180223008
98425,606,6777,3,1244573389
98426,606,7030,3,1173993468
98427,606,1052,4,1171237202
98428,606,822,3,1178473624
98429,606,6136,3,1178473486
98430,606,823,4,1178315740
98431,606,2320,3,1232574634
98432,606,3077,2,1178822790
98433,606,2323,4,1172156761
98434,606,1902,1,1177539642
98435,606,9545,3,1171323910
98436,606,9546,3,1171323889
98437,606,4761,4,1201868029
98438,606,1053,4,1201790023
98439,606,6048,3,1262965505
98440,606,3079,2,1179181274
98441,606,9547,4,1228165132
98442,606,3402,4,1208019413
98443,606,2979,2,1182202158
98444,606,1264,2,1244571961
98445,606,5963,3,1179671158
98446,606,2519,3,1184173188
98447,606,1270,3,1191270909
98448,606,3415,3,1244571929
98449,606,3590,4,1201789564
98450,606,1272,4,1205248718
98451,606,3677,4,1207232475
98452,606,9548,3,1207232223
98453,606,2059,3,1205248811
98454,606,8736,3,1206915374
98455,606,1054,2,1207232593
98456,606,9549,3,1235151615
98457,606,1280,3,1274385204
98458,606,9550,2,1274383750
98459,606,1056,4,1227191783
98460,606,3445,3,1349083027
98461,606,1916,5,1232573400
98462,606,1058,4,1291933072
98463,606,1151,3,1291933030
98464,606,1293,4,1253746781
98465,606,5626,3,1238445784
98466,606,9551,1,1244573613
98467,606,9552,4,1244573442
98468,606,9553,4,1244571669
98469,606,7803,3,1262965648
98470,606,1921,4,1349091598
98471,606,918,4,1253746811
98472,606,9554,3,1349083017
98473,606,927,3,1368460014
98474,606,1926,4,1368460114
98475,606,1068,4,1349082477
98476,606,4704,2,1349083032
98477,606,2829,3,1368460191
98478,606,5013,3,1368460316
98479,607,1,4,964744033
98480,607,488,3,964744602
98481,607,496,3,963078417
98482,607,461,3,963079238
98483,607,462,4,964744413
98484,607,510,4,963079311
98485,607,8,5,963078901
98486,607,521,2,963080410
98487,607,464,5,963079343
98488,607,465,3,963080497
98489,607,532,4,963080256
98490,607,4877,5,963079441
98491,607,547,3,963080513
98492,607,550,3,963080303
98493,607,9555,4,964744490
98494,607,16,3,963078880
98495,607,588,4,963080256
98496,607,17,3,963079311
98497,607,18,3,963080385
98498,607,233,5,963080679
98499,607,604,3,964744628
98500,607,611,3,963080303
98501,607,618,5,963079441
98502,607,622,5,963080047
98503,607,473,4,963079014
98504,607,624,4,963080009
98505,607,625,5,963079594
98506,607,24,3,963080410
98507,607,634,4,963080385
98508,607,1025,4,964744346
98509,607,26,5,963078932
98510,607,27,4,963080125
98511,607,5698,4,963080345
98512,607,29,5,963079311
98513,607,32,4,964744346
98514,607,479,4,963078960
98515,607,34,3,963078983
98516,607,35,5,964743922
98517,607,37,2,964744660
98518,607,7377,4,963078392
98519,607,1426,4,963079577
98520,607,42,5,963080303
98521,607,43,4,963080278
98522,607,1432,5,963080331
98523,607,264,3,963080362
98524,607,1028,4,963078880
98525,607,711,5,963079631
98526,607,45,5,964744224
98527,607,337,2,963078392
98528,607,3544,4,964744033
98529,607,51,5,964744265
98530,607,1135,5,963078932
98531,607,343,3,964744312
98532,607,344,4,964744579
98533,607,346,3,964743785
98534,607,66,5,964744550
98535,607,725,4,963079043
98536,607,69,3,963078880
98537,607,1104,4,963079328
98538,607,74,3,963078417
98539,607,75,4,963079311
98540,607,76,3,963079420
98541,607,77,3,963079420
98542,607,82,5,963078960
98543,607,2083,4,964743878
98544,607,84,5,963079441
98545,607,356,5,963079238
98546,607,85,3,963079131
98547,607,86,3,964744367
98548,607,89,3,964744490
98549,607,90,4,963078932
98550,607,361,4,964743424
98551,607,866,4,963079252
98552,607,2751,3,963080497
98553,607,6186,5,963079647
98554,607,1462,5,963079534
98555,607,1166,1,963079014
98556,607,978,5,963080089
98557,607,1167,1,963078983
98558,607,93,3,963080345
98559,607,979,4,963080256
98560,607,2147,4,963078960
98561,607,1475,4,963079252
98562,607,1476,5,963079508
98563,607,981,4,963080089
98564,607,1031,4,963079014
98565,607,1168,4,963080436
98566,607,100,5,963080362
98567,607,102,3,963079043
98568,607,728,4,963080063
98569,607,106,5,964744168
98570,607,1512,5,963079577
98571,607,731,5,963080278
98572,607,991,4,963080331
98573,607,116,4,963078960
98574,607,382,5,963079220
98575,607,4062,5,963079632
98576,607,2568,4,963079647
98577,607,2999,5,963079496
98578,607,1543,4,963079469
98579,607,2905,5,963079420
98580,607,118,5,963079024
98581,607,1545,3,963079617
98582,607,1777,3,964744700
98583,607,122,5,963078901
98584,607,1557,3,964743424
98585,607,126,3,964743424
98586,607,272,3,964744628
98587,607,1563,5,963079534
98588,607,4146,4,964744550
98589,607,135,3,963079043
98590,607,1567,4,963079469
98591,607,143,3,963079058
98592,607,1141,5,963078933
98593,607,144,3,963080497
98594,607,145,5,963080009
98595,607,3173,4,963079372
98596,607,3289,4,963080436
98597,607,4147,5,964744579
98598,607,1864,5,963078960
98599,607,1177,4,964743424
98600,607,999,3,964743425
98601,607,1178,2,964743425
98602,607,165,5,963078933
98603,607,167,5,963080047
98604,607,170,3,963080497
98605,607,171,3,963079496
98606,607,172,3,963171321
98607,607,176,3,964744521
98608,607,1641,3,963080410
98609,607,1643,4,963079647
98610,607,181,4,963079441
98611,607,735,3,963079577
98612,607,9556,4,964744628
98613,607,5826,3,963079617
98614,607,402,5,963080679
98615,607,405,4,963079167
98616,607,183,4,964744602
98617,607,6195,3,964744506
98618,607,185,3,963079100
98619,607,3298,5,963080278
98620,607,4909,4,964743303
98621,607,6138,3,963171288
98622,607,1180,3,964744413
98623,607,194,3,963078983
98624,607,1670,3,963079911
98625,607,1672,4,963079559
98626,607,1673,3,963079617
98627,607,2191,5,963080331
98628,607,200,2,963078417
98629,607,202,5,963079770
98630,607,1183,4,963079496
98631,607,2193,4,963080009
98632,607,2194,4,963080073
98633,607,8197,4,964744724
98634,607,736,3,963079100
98635,607,204,5,964743229
98636,607,1038,2,963171288
98637,607,1786,3,963171288
98638,607,416,2,963171262
98639,607,277,3,963079154
98640,607,209,2,964744431
98641,607,1184,3,963080385
98642,607,210,4,964743303
98643,607,2493,5,964744168
98644,607,1706,4,963079115
98645,607,2403,5,963079372
98646,607,211,4,964744367
98647,607,1712,3,963079154
98648,607,1717,4,963079058
98649,607,1718,5,963079115
98650,607,1790,3,963080528
98651,607,213,3,963080362
98652,607,1723,5,963079559
98653,607,1039,5,963079420
98654,607,4919,3,963079372
98655,607,1795,5,964743155
98656,607,1188,2,964743188
98657,607,229,3,964743155
98658,607,742,3,997847202
98659,607,432,2,997847173
98660,607,3310,1,997847387
98661,607,1043,4,997847173
98662,607,3176,3,997847173
98663,607,1807,3,997847173
98664,607,3312,3,997847203
98665,607,232,3,963079131
98666,608,1,2,1117408267
98667,608,482,2,1117490786
98668,608,2,2,1117504413
98669,608,487,4,1117408486
98670,608,491,4,1189471181
98671,608,493,2,1117504385
98672,608,292,3,1147210949
98673,608,495,2,1117504646
98674,608,260,3,1117504582
98675,608,293,3,1117336682
98676,608,461,3,1117491662
98677,608,463,3,1117415401
98678,608,972,0,1117504562
98679,608,4,4,1117162426
98680,608,1401,0,1117161754
98681,608,5,4,1117491010
98682,608,5833,0,1117506926
98683,608,506,2,1117415653
98684,608,6,3,1117415406
98685,608,512,2,1117505159
98686,608,515,2,1117506858
98687,608,516,2,1117490752
98688,608,519,3,1117504401
98689,608,1403,3,1117504903
98690,608,8,4,1117162428
98691,608,1094,3,1147544014
98692,608,525,3,1117506082
98693,608,526,3,1117415368
98694,608,464,2,1117162618
98695,608,465,2,1117408484
98696,608,528,0,1117161771
98697,608,530,2,1117504410
98698,608,11,3,1117162121
98699,608,533,0,1117161738
98700,608,534,4,1117504807
98701,608,1027,4,1117491626
98702,608,1405,3,1117408473
98703,608,535,1,1117506975
98704,608,538,2,1117337036
98705,608,539,0,1117415643
98706,608,540,3,1117415385
98707,608,4877,3,1117503407
98708,608,1024,3,1117504783
98709,608,545,3,1117408480
98710,608,2424,2,1117504921
98711,608,550,3,1117504330
98712,608,12,2,1117504726
98713,608,13,2,1117491315
98714,608,14,3,1117504309
98715,608,569,3,1117491631
98716,608,466,3,1117162063
98717,608,16,3,1117162625
98718,608,580,3,1117504825
98719,608,581,2,1117408431
98720,608,585,3,1117504348
98721,608,588,2,1117504312
98722,608,589,4,1117490629
98723,608,17,5,1117162592
98724,608,594,0,1117506353
98725,608,18,3,1117415383
98726,608,598,3,1117408445
98727,608,233,4,1147210910
98728,608,599,3,1117504856
98729,608,600,3,1189380740
98730,608,19,4,1117408457
98731,608,605,2,1117504338
98732,608,471,3,1117504297
98733,608,611,4,1117162133
98734,608,613,2,1117504586
98735,608,21,3,1117162603
98736,608,314,3,1117491185
98737,608,472,3,1117408428
98738,608,618,2,1117507143
98739,608,23,2,1117408436
98740,608,315,3,1117415366
98741,608,619,2,1117490748
98742,608,621,0,1117505235
98743,608,622,2,1117415171
98744,608,1411,3,1117505125
98745,608,473,3,1117408264
98746,608,626,4,1117505001
98747,608,4861,1,1117506111
98748,608,1412,3,1117506549
98749,608,474,2,1117504365
98750,608,1414,2,1117408415
98751,608,24,3,1117507022
98752,608,5694,2,1117506370
98753,608,8889,2,1117502398
98754,608,633,1,1117504444
98755,608,635,0,1117408418
98756,608,25,4,1117408069
98757,608,1157,2,1117490743
98758,608,1025,4,1117415627
98759,608,640,1,1117504768
98760,608,26,3,1117162610
98761,608,643,1,1117504476
98762,608,2426,1,1117161794
98763,608,3002,1,1117506149
98764,608,27,3,1117162606
98765,608,28,2,1117408421
98766,608,657,4,1117490762
98767,608,2509,2,1117408127
98768,608,2655,1,1117674991
98769,608,660,2,1117491622
98770,608,2896,0,1117336750
98771,608,29,4,1117415161
98772,608,477,1,1117415614
98773,608,4055,3,1117505201
98774,608,322,2,1117504323
98775,608,1095,3,1117490759
98776,608,30,3,1117336963
98777,608,667,0,1117505114
98778,608,1420,3,1117491392
98779,608,31,1,1117161764
98780,608,32,3,1117162295
98781,608,1158,3,1117520119
98782,608,670,0,1117415604
98783,608,828,1,1117504351
98784,608,671,2,1117504319
98785,608,323,3,1117408230
98786,608,479,3,1117415154
98787,608,33,3,1117162615
98788,608,34,3,1117162346
98789,608,35,4,1117162597
98790,608,480,2,1147211020
98791,608,324,2,1117504304
98792,608,36,0,1117161800
98793,608,481,2,1117490737
98794,608,37,3,1117415165
98795,608,1422,3,1117504610
98796,608,38,3,1117415371
98797,608,1159,3,1117504427
98798,608,39,3,1117491635
98799,608,2659,3,1117503482
98800,608,1424,4,1117415609
98801,608,40,3,1117504613
98802,608,681,3,1117674975
98803,608,326,2,1117408394
98804,608,688,1,1117504656
98805,608,1426,3,1117504671
98806,608,41,4,1117408408
98807,608,42,3,1117408403
98808,608,2660,0,1117505071
98809,608,2073,3,1117336700
98810,608,1428,1,1117504887
98811,608,723,4,1117415375
98812,608,690,2,1117504538
98813,608,1160,3,1117336733
98814,608,43,3,1117408246
98815,608,2556,2,1117415630
98816,608,1026,3,1117408371
98817,608,1430,2,1117408389
98818,608,2427,3,1117666275
98819,608,1431,2,1117504372
98820,608,695,4,1147794982
98821,608,697,3,1117504468
98822,608,5701,3,1117506443
98823,608,1434,1,1117506644
98824,608,1435,3,1117666601
98825,608,2661,0,1117506344
98826,608,701,3,1117505185
98827,608,703,3,1117674964
98828,608,704,1,1117506920
98829,608,264,3,1117504740
98830,608,706,2,1117408384
98831,608,1028,5,1117408367
98832,608,6184,3,1117506479
98833,608,45,2,1117408378
98834,608,46,3,1117490720
98835,608,724,3,1147210995
98836,608,2395,0,1117161796
98837,608,1772,2,1117415578
98838,608,1161,2,1117505005
98839,608,1448,1,1117507207
98840,608,51,2,1117415572
98841,608,53,3,1117505221
98842,608,1135,3,1117415358
98843,608,832,2,1117415563
98844,608,58,3,1117415587
98845,608,59,3,1117503414
98846,608,1162,3,1117415596
98847,608,60,4,1117409474
98848,608,720,3,1117408039
98849,608,721,3,1117506985
98850,608,61,3,1117502866
98851,608,62,2,1117408365
98852,608,63,4,1117407755
98853,608,3698,0,1117415583
98854,608,65,2,1117408374
98855,608,66,2,1117504315
98856,608,725,3,1117408357
98857,608,67,3,1117161986
98858,608,1451,3,1117504624
98859,608,68,3,1117491522
98860,608,1102,3,1117503152
98861,608,69,4,1117491243
98862,608,1029,4,1117491293
98863,608,72,3,1147212290
98864,608,73,3,1117408362
98865,608,74,4,1117408257
98866,608,75,4,1189471142
98867,608,76,4,1117491494
98868,608,1452,3,1117162136
98869,608,77,3,1117503132
98870,608,78,4,1117415342
98871,608,1137,4,1117503038
98872,608,79,3,1117336675
98873,608,82,3,1117491402
98874,608,2083,3,1117502858
98875,608,355,3,1117161823
98876,608,84,4,1189471100
98877,608,1109,4,1117491456
98878,608,85,3,1117491561
98879,608,3013,4,1117415565
98880,608,86,2,1117162329
98881,608,2177,2,1117503262
98882,608,2084,4,1189471203
98883,608,87,2,1117162147
98884,608,89,2,1117415349
98885,608,360,2,1117415334
98886,608,90,4,1117491212
98887,608,270,3,1117491638
98888,608,2751,4,1117161817
98889,608,1462,3,1117491581
98890,608,1463,2,1117415558
98891,608,1030,3,1117504931
98892,608,2903,3,1117502917
98893,608,93,2,1117408352
98894,608,2147,2,1117491608
98895,608,362,3,1117504431
98896,608,2420,3,1117504361
98897,608,94,4,1117161756
98898,608,995,1,1117504652
98899,608,1476,3,1117504442
98900,608,1477,2,1117504965
98901,608,2559,1,1117415540
98902,608,5024,3,1117506159
98903,608,2087,2,1117408182
98904,608,364,4,1117162464
98905,608,2453,2,1117504971
98906,608,1484,3,1117504716
98907,608,1485,3,1117408328
98908,608,1487,3,1117415546
98909,608,98,4,1117336725
98910,608,2563,0,1117504704
98911,608,99,3,1117162055
98912,608,1031,4,1117162143
98913,608,1168,3,1117504496
98914,608,100,3,1117408344
98915,608,1491,2,1117505260
98916,608,1492,2,1117504777
98917,608,1493,4,1117415550
98918,608,101,2,1117415355
98919,608,102,3,1117490704
98920,608,727,2,1117408347
98921,608,982,2,1117504936
98922,608,4667,4,1147794970
98923,608,1007,4,1117505029
98924,608,1497,3,1117505153
98925,608,365,3,1117408322
98926,608,1499,2,1117507275
98927,608,984,3,1117674924
98928,608,7430,3,1117502488
98929,608,728,3,1117504389
98930,608,2670,3,1117503207
98931,608,104,3,1117407997
98932,608,105,3,1117507443
98933,608,106,4,1147794853
98934,608,1009,1,1117161734
98935,608,366,2,1117491612
98936,608,107,3,1117504976
98937,608,1501,4,1117336840
98938,608,1032,5,1117162487
98939,608,2461,3,1117161820
98940,608,108,3,1117408304
98941,608,1507,0,1117506357
98942,608,729,4,1117162316
98943,608,1510,4,1117415346
98944,608,1511,2,1117507140
98945,608,234,4,1189471145
98946,608,5998,1,1117506615
98947,608,1512,3,1117504960
98948,608,988,2,1117408294
98949,608,1514,3,1117507567
98950,608,2565,2,1117506368
98951,608,1169,4,1117408086
98952,608,109,4,1147794788
98953,608,1516,5,1117162457
98954,608,2672,4,1117506512
98955,608,1517,4,1117336921
98956,608,5563,4,1117408099
98957,608,4060,0,1117506736
98958,608,2673,4,1117507183
98959,608,2398,2,1117506891
98960,608,110,2,1117415299
98961,608,1518,3,1117505080
98962,608,730,3,1117491418
98963,608,2399,3,1117674921
98964,608,2462,4,1117162042
98965,608,2463,3,1117505191
98966,608,1524,3,1117504875
98967,608,4220,3,1117506911
98968,608,1528,2,1117506683
98969,608,990,1,1117415532
98970,608,376,3,1117504918
98971,608,1033,3,1117504548
98972,608,1534,3,1117504945
98973,608,731,3,1117504416
98974,608,991,3,1117504702
98975,608,1536,4,1117336833
98976,608,379,3,1117408287
98977,608,2039,4,1117504693
98978,608,116,4,1117504516
98979,608,1171,4,1117409451
98980,608,382,4,1117415321
98981,608,1542,3,1117506777
98982,608,1543,3,1117504720
98983,608,2905,4,1117502891
98984,608,118,3,1117666368
98985,608,1034,3,1117491601
98986,608,992,3,1117674903
98987,608,1544,2,1117415296
98988,608,1545,2,1117674893
98989,608,1777,2,1117415316
98990,608,3023,3,1117674890
98991,608,836,2,1117504454
98992,608,120,2,1117504450
98993,608,2183,3,1117503379
98994,608,837,4,1189471155
98995,608,122,4,1117415309
98996,608,2677,1,1117506657
98997,608,1556,1,1117506526
98998,608,126,1,1117490681
98999,608,1558,2,1117506660
99000,608,272,3,1117415527
99001,608,1035,0,1117161828
99002,608,1560,1,1117519673
99003,608,1779,3,1117507013
99004,608,131,3,1117504870
99005,608,1563,3,1117506288
99006,608,134,3,1117504630
99007,608,8738,2,1117506680
99008,608,135,3,1117162059
99009,608,4064,4,1117162185
99010,608,1568,3,1117506617
99011,608,2680,3,1117415514
99012,608,5115,4,1117507263
99013,608,1569,2,1117505211
99014,608,1570,1,1117505147
99015,608,1571,3,1117337015
99016,608,139,1,1117674500
99017,608,2150,2,1117506623
99018,608,1574,4,1117507018
99019,608,141,3,1117504685
99020,608,1575,4,1147794793
99021,608,142,3,1117408291
99022,608,6980,2,1117506946
99023,608,143,3,1117491571
99024,608,1141,3,1117162334
99025,608,2184,5,1117162030
99026,608,1580,4,1117162510
99027,608,5058,1,1117415480
99028,608,144,2,1117674875
99029,608,1037,3,1117162102
99030,608,1591,3,1117506885
99031,608,391,3,1117507045
99032,608,147,3,1117415325
99033,608,1593,4,1117504660
99034,608,5745,2,1117506332
99035,608,1595,3,1117506151
99036,608,1597,3,1117337061
99037,608,4221,2,1117504095
99038,608,148,4,1117162555
99039,608,1599,2,1117505193
99040,608,149,1,1117674853
99041,608,150,4,1117161788
99042,608,1601,4,1117504396
99043,608,1606,2,1117490942
99044,608,3642,3,1117490937
99045,608,5101,2,1117506216
99046,608,1610,3,1117504570
99047,608,1614,2,1117162130
99048,608,1615,3,1117490950
99049,608,2682,4,1117505136
99050,608,2916,3,1117415487
99051,608,1622,2,1117415484
99052,608,160,1,1117504556
99053,608,5307,4,1147794830
99054,608,1115,5,1117162408
99055,608,163,5,1117161750
99056,608,2580,3,1117507250
99057,608,165,3,1117415313
99058,608,1010,3,1117504820
99059,608,166,4,1117162447
99060,608,1628,2,1117415843
99061,608,6453,2,1117506315
99062,608,1629,3,1117408202
99063,608,3293,3,1117415838
99064,608,2581,4,1117506487
99065,608,167,5,1117162423
99066,608,168,4,1117503674
99067,608,1002,1,1117674448
99068,608,4154,4,1117415451
99069,608,1633,2,1117506518
99070,608,170,3,1117505086
99071,608,171,4,1117504484
99072,608,172,4,1117408301
99073,608,173,2,1117415294
99074,608,1639,3,1117490895
99075,608,6982,4,1117506815
99076,608,400,3,1117504374
99077,608,1641,1,1117161730
99078,608,180,3,1117415304
99079,608,734,2,1117490905
99080,608,1179,2,1117490694
99081,608,1116,3,1117162085
99082,608,1643,1,1117490685
99083,608,401,3,1117408314
99084,608,181,3,1117490697
99085,608,735,3,1117504934
99086,608,1644,3,1117505227
99087,608,1117,1,1117504736
99088,608,182,4,1117502634
99089,608,402,4,1189471095
99090,608,403,4,1147794932
99091,608,183,2,1117504422
99092,608,4865,1,1117506213
99093,608,5494,0,1117519593
99094,608,2589,3,1117505257
99095,608,1655,1,1117674468
99096,608,2590,2,1117507093
99097,608,1658,4,1117415468
99098,608,2188,3,1117491276
99099,608,185,5,1117336673
99100,608,4909,3,1117507462
99101,608,2593,3,1117502709
99102,608,2189,1,1117490925
99103,608,2097,4,1117408703
99104,608,188,2,1117162071
99105,608,1180,4,1117408685
99106,608,1182,1,1117505162
99107,608,193,5,1117336631
99108,608,194,2,1117408311
99109,608,5129,1,1117674822
99110,608,195,3,1117490688
99111,608,1670,3,1117507097
99112,608,198,2,1117503035
99113,608,1671,3,1117415460
99114,608,1675,3,1117506429
99115,608,200,3,1117491337
99116,608,201,4,1117491308
99117,608,202,4,1117507074
99118,608,1183,4,1117408065
99119,608,1684,4,1117490884
99120,608,1685,2,1117415466
99121,608,736,2,1117504405
99122,608,1689,2,1117506998
99123,608,204,4,1117337020
99124,608,2929,4,1117409486
99125,608,415,4,1117408063
99126,608,416,4,1117490713
99127,608,206,0,1117161807
99128,608,2599,3,1117503057
99129,608,277,3,1117502752
99130,608,207,2,1117506788
99131,608,208,2,1117505039
99132,608,1696,1,1117506711
99133,608,2200,4,1189471105
99134,608,209,3,1117337026
99135,608,418,2,1117504640
99136,608,1184,2,1117490854
99137,608,1698,3,1117491745
99138,608,1699,2,1117490841
99139,608,4083,3,1117490844
99140,608,2689,2,1117506221
99141,608,1700,2,1117507202
99142,608,2492,1,1117674546
99143,608,2203,4,1117491332
99144,608,210,3,1117415430
99145,608,2690,3,1117415438
99146,608,1185,4,1147794801
99147,608,2603,4,1189471183
99148,608,1011,4,1117505060
99149,608,1703,2,1117506869
99150,608,737,2,1117491740
99151,608,1705,3,1117506882
99152,608,1706,2,1117503046
99153,608,2494,4,1117491719
99154,608,2930,1,1117506588
99155,608,1712,3,1117491733
99156,608,422,2,1117491605
99157,608,1012,3,1117491736
99158,608,1718,3,1117490862
99159,608,1790,2,1117490866
99160,608,212,2,1117506745
99161,608,213,0,1117506240
99162,608,215,3,1117408239
99163,608,216,3,1117490858
99164,608,3064,2,1117503237
99165,608,1722,2,1117490710
99166,608,1724,4,1117505882
99167,608,423,4,1117502776
99168,608,1726,3,1117506705
99169,608,218,3,1117491716
99170,608,1039,3,1117162380
99171,608,1040,4,1117504865
99172,608,219,3,1117162141
99173,608,1733,2,1117490870
99174,608,2606,3,1117504814
99175,608,220,4,1117162075
99176,608,3042,2,1117491725
99177,608,1740,2,1117505132
99178,608,221,3,1117505016
99179,608,738,3,1117408243
99180,608,2607,2,1117506565
99181,608,1744,3,1117507131
99182,608,5841,1,1117506725
99183,608,4156,1,1117675164
99184,608,1747,2,1117505109
99185,608,1015,3,1189471151
99186,608,843,3,1147544025
99187,608,1756,4,1117505171
99188,608,1187,2,1117408251
99189,608,1757,4,1117504954
99190,608,1016,4,1117490674
99191,608,1759,3,1117674791
99192,608,1188,2,1117504913
99193,608,229,4,1117161991
99194,608,1017,3,1117507948
99195,608,2933,1,1117519635
99196,608,1763,2,1117415799
99197,608,230,1,1117491705
99198,608,1764,3,1117507081
99199,608,1019,4,1147794815
99200,608,5135,2,1117415765
99201,608,1872,1,1117505046
99202,608,739,2,1117415425
99203,608,429,4,1117162286
99204,608,430,3,1117491680
99205,608,5329,4,1117675159
99206,608,2935,3,1117506626
99207,608,1797,4,1117162040
99208,608,278,5,1117336695
99209,608,7464,2,1117415771
99210,608,2512,3,1117507180
99211,608,741,3,1117504523
99212,608,4493,2,1117506781
99213,608,1799,2,1117491697
99214,608,1800,3,1117415434
99215,608,742,4,1117336788
99216,608,432,4,1147794835
99217,608,1022,5,1117162177
99218,608,3310,2,1117408574
99219,608,1803,4,1117162351
99220,608,743,4,1117491701
99221,608,1804,3,1117408552
99222,608,1043,3,1117408281
99223,608,1805,2,1117408557
99224,608,437,4,1147794901
99225,608,440,4,1189471092
99226,608,1875,1,1117415785
99227,608,5336,4,1117506450
99228,608,1807,3,1117506854
99229,608,1876,2,1117162359
99230,608,1808,3,1117675141
99231,608,2692,1,1117415779
99232,608,3140,3,1117408565
99233,608,3177,3,1117490816
99234,608,1023,4,1117415403
99235,608,1810,3,1117490796
99236,608,5342,3,1117675125
99237,608,4091,1,1117506942
99238,608,744,4,1147794842
99239,608,445,4,1147794895
99240,608,2212,3,1117507480
99241,608,446,4,1147794798
99242,608,447,3,1117504682
99243,608,4495,1,1117415751
99244,608,2940,0,1117415740
99245,608,1191,4,1147964288
99246,608,1812,3,1117415416
99247,608,745,4,1117491236
99248,608,451,0,1117490806
99249,608,746,3,1117490801
99250,608,2628,1,1117505019
99251,608,2214,4,1117408540
99252,608,1814,4,1117408529
99253,608,1815,3,1117675131
99254,608,1816,3,1117505207
99255,608,1817,4,1117491683
99256,608,747,4,1117408532
99257,608,3643,2,1117506334
99258,608,3319,2,1117506764
99259,608,2635,2,1117415747
99260,608,1819,4,1117502282
99261,608,868,2,1117408546
99262,608,3179,4,1117491164
99263,608,5351,3,1117675110
99264,608,2640,4,1147794824
99265,608,5845,2,1117675116
99266,608,1878,2,1117506922
99267,608,845,2,1117506640
99268,608,1146,3,1117504950
99269,608,1879,0,1117506916
99270,608,2647,2,1117491672
99271,608,7493,3,1117503696
99272,608,1822,3,1117408543
99273,608,454,3,1117408523
99274,608,5354,2,1117503334
99275,608,748,3,1117415413
99276,608,3321,3,1117506568
99277,608,4101,0,1117506202
99278,608,2650,0,1117506642
99279,608,4943,3,1117675104
99280,608,1044,4,1117415910
99281,608,8494,2,1117507607
99282,608,6501,0,1117507536
99283,608,1824,1,1117674760
99284,608,1825,4,1147794936
99285,608,1195,3,1117408491
99286,608,1827,2,1117415722
99287,608,1830,4,1117162528
99288,608,4951,4,1117520106
99289,608,4184,3,1117409524
99290,608,751,3,1117503266
99291,608,2950,3,1117675085
99292,608,1125,4,1117336655
99293,608,752,4,1117162255
99294,608,3615,3,1117415716
99295,608,2513,4,1147794924
99296,608,458,3,1117162371
99297,608,1831,4,1117161908
99298,608,753,4,1117162382
99299,608,2696,3,1117506248
99300,608,2717,4,1117408167
99301,608,2404,2,1117506994
99302,608,2952,3,1117506650
99303,608,754,4,1117407739
99304,608,755,4,1189471185
99305,608,4498,2,1117506460
99306,608,3326,3,1117415410
99307,608,2124,4,1117162288
99308,608,3645,4,1117506631
99309,608,4161,4,1117503329
99310,608,1837,0,1117162267
99311,608,2476,3,1117502700
99312,608,1839,4,1117506898
99313,608,756,4,1147794876
99314,608,1881,4,1117506844
99315,608,2698,3,1117415731
99316,608,1840,4,1117415398
99317,608,1198,4,1117502912
99318,608,1841,4,1117506756
99319,608,4108,4,1117490659
99320,608,1842,3,1117490779
99321,608,2701,1,1117506828
99322,608,1843,3,1117506275
99323,608,757,3,1117408260
99324,608,758,4,1117504636
99325,608,1845,4,1117336806
99326,608,6216,2,1117415727
99327,608,1199,4,1147794807
99328,608,3328,3,1117491513
99329,608,759,4,1147794899
99330,608,2477,3,1117506519
99331,608,6217,1,1117519657
99332,608,760,4,1117491650
99333,608,761,4,1189471112
99334,608,762,4,1117491425
99335,608,849,3,1117507055
99336,608,2703,4,1117408498
99337,608,9031,1,1117674753
99338,608,763,3,1117407759
99339,608,1849,4,1117162452
99340,608,5393,3,1117408117
99341,608,1202,3,1117336713
99342,608,1203,4,1117336756
99343,608,1851,2,1117415697
99344,608,764,3,1117162364
99345,608,852,3,1117507938
99346,608,9557,4,1117505888
99347,608,856,4,1117336746
99348,608,1204,5,1117162053
99349,608,1205,2,1117415691
99350,608,2231,3,1117674734
99351,608,765,4,1117407736
99352,608,3188,4,1147794946
99353,608,857,4,1147794856
99354,608,4839,4,1117675064
99355,608,766,4,1189471178
99356,608,767,4,1147794822
99357,608,4504,4,1117408056
99358,608,1147,3,1117336705
99359,608,3616,4,1189471116
99360,608,3141,4,1117415687
99361,608,1854,4,1147794837
99362,608,1855,1,1117674623
99363,608,4281,4,1117503217
99364,608,3189,3,1117336762
99365,608,3331,4,1189471126
99366,608,2233,4,1147211592
99367,608,1207,4,1189471188
99368,608,5409,4,1117503962
99369,608,3192,2,1117503042
99370,608,2958,4,1117336923
99371,608,3193,2,1117503528
99372,608,768,4,1117162239
99373,608,769,5,1117408161
99374,608,1209,4,1117408463
99375,608,876,4,1117162293
99376,608,1210,4,1117161981
99377,608,1046,3,1117491406
99378,608,1883,3,1117506807
99379,608,770,2,1117506914
99380,608,2235,4,1117490772
99381,608,771,4,1117162561
99382,608,3070,4,1117415672
99383,608,3333,4,1189471107
99384,608,2480,4,1117502852
99385,608,2960,3,1117506484
99386,608,2514,4,1189471135
99387,608,1213,3,1117506325
99388,608,7309,4,1117161918
99389,608,3259,4,1189471086
99390,608,3668,3,1147794920
99391,608,2239,3,1117502649
99392,608,1215,2,1117336709
99393,608,4129,3,1117502943
99394,608,6647,0,1117519648
99395,608,2109,2,1117337058
99396,608,772,4,1117408476
99397,608,6231,2,1117337067
99398,608,1148,3,1117407990
99399,608,235,4,1189471139
99400,608,3337,4,1117161974
99401,608,1216,1,1117675045
99402,608,3338,4,1147794878
99403,608,773,5,1117503355
99404,608,3195,4,1117506634
99405,608,2244,2,1117408045
99406,608,2245,4,1117336813
99407,608,3261,3,1117162277
99408,608,2966,0,1117506252
99409,608,4982,4,1117503270
99410,608,2251,4,1147794874
99411,608,3341,4,1117491383
99412,608,774,4,1117161996
99413,608,1218,4,1117336651
99414,608,775,4,1117162552
99415,608,3571,3,1117503147
99416,608,2969,4,1147794904
99417,608,1047,4,1117162467
99418,608,4984,4,1117503004
99419,608,3269,4,1117506234
99420,608,3344,4,1147794864
99421,608,4286,4,1117675024
99422,608,3200,4,1117336915
99423,608,1130,4,1147794846
99424,608,1222,5,1117502996
99425,608,9558,3,1117503192
99426,608,1048,4,1189471137
99427,608,4508,5,1117503689
99428,608,777,4,1117162109
99429,608,885,3,1117502881
99430,608,1887,1,1117519677
99431,608,4855,4,1117744321
99432,608,2260,4,1189471168
99433,608,779,4,1117408467
99434,608,1226,4,1117506412
99435,608,3348,4,1117336937
99436,608,780,4,1117162241
99437,608,2753,4,1117503948
99438,608,3146,3,1117502977
99439,608,2048,3,1117336661
99440,608,782,3,1117502970
99441,608,887,2,1117502907
99442,608,2049,3,1117491669
99443,608,783,3,1117162225
99444,608,1049,4,1117336993
99445,608,784,4,1147794810
99446,608,9559,3,1117491550
99447,608,3350,3,1117502962
99448,608,786,3,1117503525
99449,608,1228,4,1189471174
99450,608,236,4,1147794828
99451,608,3351,4,1147794993
99452,608,2265,5,1117415647
99453,608,3147,3,1117503060
99454,608,2266,5,1117491297
99455,608,5898,4,1147794849
99456,608,793,3,1117491318
99457,608,795,4,1117162564
99458,608,2721,4,1117336797
99459,608,6250,3,1117519588
99460,608,797,4,1117336987
99461,608,798,4,1117674616
99462,608,2272,4,1117408015
99463,608,799,4,1117503249
99464,608,3073,4,1117162237
99465,608,5903,3,1117504147
99466,608,3150,3,1117408029
99467,608,3364,4,1117408717
99468,608,5751,4,1117504121
99469,608,2126,5,1117336799
99470,608,804,4,1147527470
99471,608,805,4,1147528082
99472,608,9560,4,1147794890
99473,608,807,5,1117162247
99474,608,3368,3,1189380679
99475,608,895,4,1147211749
99476,608,7620,4,1147210848
99477,608,812,4,1147211844
99478,608,813,4,1147209760
99479,608,1242,4,1147964304
99480,608,5752,4,1189380646
99481,608,1245,4,1147527518
99482,608,4838,3,1147362719
99483,608,2297,4,1147362749
99484,608,3379,4,1147794430
99485,608,2305,2,1147527532
99486,608,1251,4,1147964276
99487,608,1254,4,1147543998
99488,608,817,4,1189380858
99489,608,5949,3,1189471009
99490,608,2326,4,1189563894
99491,608,900,5,1189563889
99492,608,9561,2,1189477736
99493,608,2328,4,1189563886
99494,608,2986,3,1189563917
99495,608,1269,5,1189380659
99496,608,2058,4,1189368725
99497,609,1,3,847221025
99498,609,487,4,847220937
99499,609,8,3,847220990
99500,609,4039,3,847221025
99501,609,9562,3,847221054
99502,609,464,3,847220802
99503,609,531,3,847220937
99504,609,540,3,847220937
99505,609,550,3,847220937
99506,609,14,3,847220869
99507,609,466,4,847220990
99508,609,585,3,847220990
99509,609,588,3,847220907
99510,609,17,4,847220802
99511,609,233,4,847220907
99512,609,600,3,847220907
99513,609,605,3,847220937
99514,609,21,4,847220869
99515,609,634,3,847220907
99516,609,639,3,847220990
99517,609,26,4,847220843
99518,609,27,3,847220907
99519,609,479,3,847220990
99520,609,33,4,847220802
99521,609,34,3,847220802
99522,609,2442,3,847221025
99523,609,7424,3,847221080
99524,609,5575,4,847221025
99525,609,1427,3,847221054
99526,609,2427,3,847221025
99527,609,2656,3,847221054
99528,609,2661,3,847221080
99529,609,329,3,847221080
99530,609,2447,3,847221080
99531,609,1162,3,847221054
99532,609,7378,4,847221054
99533,609,7251,4,847221080
99534,610,1,5,1479542900
99535,610,3,5,1493850345
99536,610,491,4,1479542171
99537,610,293,4,1479543331
99538,610,4,5,1479545853
99539,610,5,4,1493844757
99540,610,6,4,1495959282
99541,610,516,3,1479542004
99542,610,8,4,1479545829
99543,610,1094,5,1479542162
99544,610,521,4,1479542315
99545,610,465,3,1479544720
99546,610,529,3,1493850536
99547,610,2423,5,1479544506
99548,610,304,5,1479542540
99549,610,14,4,1479544262
99550,610,16,5,1479543007
99551,610,589,5,1479542783
99552,610,17,5,1479545817
99553,610,591,3,1479542688
99554,610,233,3,1479541963
99555,610,309,3,1479542096
99556,610,1408,3,1495959299
99557,610,602,3,1479543131
99558,610,471,3,1479544704
99559,610,21,3,1493844769
99560,610,23,3,1479544707
99561,610,622,5,1479545866
99562,610,473,5,1479544108
99563,610,1412,5,1479543099
99564,610,628,2,1479542198
99565,610,25,5,1479542827
99566,610,26,4,1479545836
99567,610,4054,4,1479542014
99568,610,2426,4,1479544381
99569,610,27,5,1479545821
99570,610,2655,2,1479545235
99571,610,29,3,1479545826
99572,610,1095,5,1493850255
99573,610,479,5,1479542983
99574,610,34,4,1479545848
99575,610,35,4,1479545819
99576,610,37,4,1479542933
99577,610,2172,3,1479544443
99578,610,4042,4,1495959067
99579,610,2073,4,1493846678
99580,610,723,4,1479542905
99581,610,1160,5,1479542077
99582,610,43,3,1479545838
99583,610,1026,5,1479544723
99584,610,1430,4,1479544281
99585,610,264,3,1479543092
99586,610,1028,5,1479545844
99587,610,1438,5,1479542931
99588,610,333,5,1493850276
99589,610,2754,4,1494273054
99590,610,336,3,1493850323
99591,610,45,3,1493850305
99592,610,46,4,1479542942
99593,610,724,4,1493850330
99594,610,3169,4,1495959070
99595,610,1135,5,1493850224
99596,610,1449,4,1479545257
99597,610,9563,2,1493850563
99598,610,62,4,1479543344
99599,610,344,4,1493850342
99600,610,63,5,1479542947
99601,610,64,4,1493850277
99602,610,66,4,1479542978
99603,610,67,4,1479544102
99604,610,6367,3,1479543110
99605,610,1451,4,1479543081
99606,610,68,5,1479543327
99607,610,69,5,1479544565
99608,610,70,4,1493850231
99609,610,71,5,1479545833
99610,610,351,4,1479543333
99611,610,1029,5,1479544099
99612,610,1103,5,1479542951
99613,610,73,5,1479542936
99614,610,1136,5,1479544789
99615,610,74,5,1479544574
99616,610,75,5,1479542160
99617,610,76,4,1493850227
99618,610,1452,4,1479542660
99619,610,2077,5,1479542012
99620,610,1137,5,1479542899
99621,610,79,4,1479542976
99622,610,1164,4,1479544796
99623,610,1138,5,1479542176
99624,610,1106,3,1493850321
99625,610,82,5,1479544100
99626,610,4056,5,1479543018
99627,610,1165,5,1479544368
99628,610,865,5,1493850326
99629,610,2083,4,1479542791
99630,610,6185,4,1495959059
99631,610,84,5,1479543008
99632,610,1109,5,1479542662
99633,610,85,4,1493850236
99634,610,86,5,1479542897
99635,610,2756,5,1479544457
99636,610,2084,5,1493846688
99637,610,1111,4,1493850248
99638,610,358,5,1479544459
99639,610,359,3,1493850282
99640,610,90,4,1493850234
99641,610,3500,4,1479544749
99642,610,2558,3,1479542179
99643,610,977,4,1479544446
99644,610,1475,5,1479544403
99645,610,2429,3,1479542354
99646,610,5184,3,1479542848
99647,610,1485,3,1479544711
99648,610,1031,4,1479542785
99649,610,101,3,1479541990
99650,610,1503,2,1479542110
99651,610,1504,4,1493850268
99652,610,108,5,1479545766
99653,610,729,5,1479543017
99654,610,988,3,1479544112
99655,610,3719,2,1479542215
99656,610,109,4,1479544321
99657,610,730,4,1479545229
99658,610,989,4,1493850532
99659,610,3021,3,1479542357
99660,610,2091,5,1479543337
99661,610,379,5,1479544264
99662,610,2039,5,1493850274
99663,610,117,5,1493879438
99664,610,382,4,1493850238
99665,610,2999,4,1479543071
99666,610,2905,4,1479543021
99667,610,118,5,1479545248
99668,610,5303,3,1479542193
99669,610,122,5,1479545856
99670,610,384,5,1493850307
99671,610,1571,3,1493879453
99672,610,140,3,1493879455
99673,610,141,4,1493879450
99674,610,146,3,1479542268
99675,610,273,5,1479542921
99676,610,1598,3,1479543112
99677,610,6596,1,1493849039
99678,610,1601,3,1493846606
99679,610,2469,4,1479542677
99680,610,1864,4,1493850303
99681,610,159,3,1495959405
99682,610,5307,4,1479542196
99683,610,6194,4,1479543097
99684,610,167,5,1479545822
99685,610,172,3,1493879393
99686,610,2584,3,1493850529
99687,610,181,5,1479542992
99688,610,402,4,1479545862
99689,610,405,3,1493850258
99690,610,185,3,1479545841
99691,610,5043,4,1479542377
99692,610,5044,4,1479542359
99693,610,840,4,1495959241
99694,610,188,5,1479545761
99695,610,1180,3,1493850245
99696,610,4890,5,1479542328
99697,610,189,4,1493850338
99698,610,1181,4,1479544792
99699,610,193,5,1479541966
99700,610,1669,5,1493879465
99701,610,5314,4,1479542190
99702,610,194,5,1479545763
99703,610,1672,4,1495959190
99704,610,4080,4,1495959018
99705,610,199,3,1493879404
99706,610,1142,4,1493850239
99707,610,3550,3,1479544786
99708,610,1120,4,1479543364
99709,610,736,5,1479542923
99710,610,204,2,1479544627
99711,610,1121,4,1479544738
99712,610,2198,5,1493850526
99713,610,2100,5,1479542010
99714,610,210,3,1493848104
99715,610,2511,3,1479542089
99716,610,2603,4,1493845268
99717,610,1011,4,1493845462
99718,610,842,5,1479544451
99719,610,2494,5,1479543004
99720,610,1012,3,1493848108
99721,610,1718,3,1493850241
99722,610,5691,3,1493850545
99723,610,6606,3,1493850561
99724,610,1719,5,1493850523
99725,610,3613,4,1493850555
99726,610,3301,3,1493846086
99727,610,3506,5,1493850261
99728,610,423,4,1493845036
99729,610,1726,2,1493847533
99730,610,5321,4,1479544464
99731,610,219,5,1479545223
99732,610,1041,4,1493845085
99733,610,2606,3,1493850250
99734,610,3302,2,1493849267
99735,610,5203,2,1493845744
99736,610,220,5,1493844672
99737,610,5132,2,1493849497
99738,610,221,3,1493846738
99739,610,738,3,1479542001
99740,610,1014,3,1479542288
99741,610,2607,1,1493847238
99742,610,223,5,1493850253
99743,610,1145,5,1479544793
99744,610,1123,3,1479544378
99745,610,6201,3,1495959233
99746,610,1747,3,1493850348
99747,610,1748,3,1479543101
99748,610,225,4,1493850272
99749,610,1015,2,1493845921
99750,610,5439,4,1479543116
99751,610,4085,4,1495959265
99752,610,227,4,1479543090
99753,610,228,3,1493847444
99754,610,1756,3,1493846489
99755,610,1187,4,1493846458
99756,610,1757,3,1479544274
99757,610,1016,3,1493844911
99758,610,1188,3,1493847021
99759,610,229,3,1493844700
99760,610,1017,3,1493845190
99761,610,4274,3,1493845586
99762,610,1764,1,1493847097
99763,610,1765,3,1479545769
99764,610,1019,3,1493848101
99765,610,7267,4,1493850540
99766,610,5326,3,1493846935
99767,610,867,2,1493847083
99768,610,6714,3,1493847935
99769,610,1020,3,1493847096
99770,610,1189,4,1493846923
99771,610,429,5,1493844879
99772,610,6203,2,1493848184
99773,610,430,4,1493847010
99774,610,740,3,1493845124
99775,610,2935,4,1495959411
99776,610,5330,5,1479544462
99777,610,6609,2,1493850543
99778,610,9564,3,1493850190
99779,610,1797,4,1493847002
99780,610,278,3,1493844890
99781,610,431,4,1493845131
99782,610,2512,2,1493847156
99783,610,1798,5,1479542325
99784,610,7687,2,1493849177
99785,610,741,2,1493845895
99786,610,4493,2,1493847839
99787,610,3309,2,1493849562
99788,610,1799,2,1493845514
99789,610,1800,2,1479544727
99790,610,742,4,1493845907
99791,610,432,5,1493844825
99792,610,2475,1,1493846855
99793,610,1802,3,1493846122
99794,610,1022,4,1493844858
99795,610,1803,3,1493846482
99796,610,743,3,1493849355
99797,610,435,3,1479542683
99798,610,1043,3,1493844852
99799,610,3176,3,1493847089
99800,610,1805,2,1493845911
99801,610,437,4,1479544343
99802,610,6205,2,1493849744
99803,610,440,3,1493845019
99804,610,1807,2,1493849410
99805,610,3140,5,1479542650
99806,610,443,3,1493849433
99807,610,1023,3,1493845142
99808,610,2622,3,1493847986
99809,610,4469,2,1493846917
99810,610,445,5,1493844685
99811,610,4494,3,1493847574
99812,610,1811,3,1479542821
99813,610,447,3,1493844928
99814,610,4495,3,1493846836
99815,610,1191,4,1493850328
99816,610,1812,3,1493845935
99817,610,1813,3,1493846759
99818,610,745,3,1493844678
99819,610,451,2,1493844949
99820,610,746,2,1493849358
99821,610,2214,3,1493845516
99822,610,1814,2,1493847413
99823,610,1816,2,1493845955
99824,610,4939,2,1493847308
99825,610,1817,3,1493845958
99826,610,747,3,1493844965
99827,610,1818,4,1493847516
99828,610,3318,3,1493847571
99829,610,3319,2,1493847172
99830,610,2944,5,1479544823
99831,610,1819,3,1493846475
99832,610,3179,3,1493847447
99833,610,5138,1,1493847748
99834,610,4871,4,1479543376
99835,610,9565,3,1479545237
99836,610,6209,4,1495959025
99837,610,4872,4,1479543087
99838,610,9014,3,1493846434
99839,610,1822,3,1493845472
99840,610,454,3,1493845221
99841,610,748,2,1493845414
99842,610,1880,3,1479542287
99843,610,1823,3,1493847036
99844,610,1044,4,1493844988
99845,610,7497,1,1493849980
99846,610,8494,4,1493848192
99847,610,1194,3,1493846785
99848,610,5139,2,1479543104
99849,610,3497,3,1493848145
99850,610,1825,4,1493845937
99851,610,8929,5,1479544831
99852,610,5360,3,1493849192
99853,610,1195,4,1493847048
99854,610,1827,4,1493849188
99855,610,1829,5,1493845078
99856,610,6007,1,1493848559
99857,610,4951,3,1493849696
99858,610,4184,4,1479542829
99859,610,2950,2,1493849658
99860,610,1125,5,1493844843
99861,610,457,3,1479544386
99862,610,752,4,1479542968
99863,610,3615,2,1493845642
99864,610,2513,3,1479544272
99865,610,458,4,1493844855
99866,610,3744,1,1493847963
99867,610,1831,3,1493847439
99868,610,459,4,1493845804
99869,610,2695,3,1493846184
99870,610,753,4,1493844817
99871,610,1126,4,1479543012
99872,610,2717,3,1493845410
99873,610,1832,4,1493844919
99874,610,1833,3,1493846948
99875,610,754,5,1479545850
99876,610,2220,4,1493844978
99877,610,4498,3,1493847282
99878,610,3182,4,1493846819
99879,610,3326,4,1493850286
99880,610,2124,4,1493845250
99881,610,3645,3,1493848134
99882,610,2498,2,1493849685
99883,610,2718,2,1493849669
99884,610,1838,4,1493847209
99885,610,6504,2,1493847880
99886,610,9024,3,1493848655
99887,610,5590,5,1479542861
99888,610,2476,3,1493845798
99889,610,1881,2,1493848116
99890,610,3183,4,1493849381
99891,610,1840,4,1493848113
99892,610,1198,3,1493845169
99893,610,9566,1,1479542237
99894,610,2699,2,1493847290
99895,610,4108,4,1493847524
99896,610,3648,2,1493849493
99897,610,1843,2,1493846815
99898,610,5377,2,1493848202
99899,610,2225,3,1493849209
99900,610,757,4,1479542641
99901,610,870,3,1493847024
99902,610,758,3,1479544549
99903,610,1845,3,1493847408
99904,610,1199,4,1493844837
99905,610,4172,3,1479542007
99906,610,3328,3,1493846492
99907,610,759,4,1493844814
99908,610,2477,2,1493849399
99909,610,760,3,1493844971
99910,610,1847,2,1493846170
99911,610,761,3,1493845116
99912,610,7131,2,1493848290
99913,610,848,3,1493845406
99914,610,762,4,1493844974
99915,610,1848,3,1493846932
99916,610,849,2,1493846038
99917,610,2703,4,1493848123
99918,610,1200,4,1493846068
99919,610,2227,4,1493847271
99920,610,2045,4,1493845273
99921,610,763,4,1493844894
99922,610,1849,4,1493847417
99923,610,1202,4,1493844958
99924,610,2046,5,1493845252
99925,610,1203,4,1493848098
99926,610,5396,5,1479544766
99927,610,764,4,1493844904
99928,610,6221,5,1493843863
99929,610,856,4,1493847031
99930,610,1204,3,1493845441
99931,610,5519,5,1479545306
99932,610,765,5,1479545858
99933,610,9567,4,1493849933
99934,610,3188,5,1493845265
99935,610,857,3,1479542164
99936,610,4839,3,1493847578
99937,610,766,3,1493844847
99938,610,861,4,1479542185
99939,610,4504,4,1493847220
99940,610,9568,3,1479545381
99941,610,1147,5,1479542903
99942,610,5873,2,1493848271
99943,610,3069,3,1493848140
99944,610,7302,4,1493848298
99945,610,9569,3,1479542444
99946,610,1853,3,1479542300
99947,610,1854,2,1493847428
99948,610,3190,4,1479544856
99949,610,5140,3,1493845669
99950,610,2233,3,1493845223
99951,610,4118,4,1493845616
99952,610,1207,3,1493847091
99953,610,5809,3,1493848205
99954,610,5409,2,1493847875
99955,610,3192,4,1493847225
99956,610,2958,3,1493849089
99957,610,768,4,1493845384
99958,610,769,4,1493844872
99959,610,1209,3,1479544716
99960,610,876,4,1493844706
99961,610,1210,3,1493844983
99962,610,3332,2,1493846084
99963,610,2105,3,1479542038
99964,610,1211,4,1479544324
99965,610,1046,5,1479542078
99966,610,1883,1,1493846056
99967,610,2235,3,1493845399
99968,610,771,4,1493844694
99969,610,3070,1,1493845480
99970,610,1212,3,1493846789
99971,610,2479,3,1493849834
99972,610,3333,3,1493847505
99973,610,5877,3,1493848161
99974,610,2238,3,1493849964
99975,610,2480,4,1493847261
99976,610,4123,4,1493845340
99977,610,3663,1,1479542333
99978,610,3334,3,1493848170
99979,610,2514,3,1493847441
99980,610,1213,3,1493846114
99981,610,2047,5,1493845008
99982,610,4127,4,1495959036
99983,610,9043,2,1479543143
99984,610,3259,3,1493846017
99985,610,3336,4,1493847312
99986,610,3668,3,1493846886
99987,610,1215,4,1479543348
99988,610,4129,4,1493848224
99989,610,772,4,1479542813
99990,610,2241,4,1493847197
99991,610,6232,1,1493848358
99992,610,2963,3,1479544373
99993,610,235,4,1493844709
99994,610,773,3,1493845393
99995,610,3195,3,1493847813
99996,610,878,3,1493845063
99997,610,2243,4,1493846749
99998,610,2245,4,1493845299
99999,610,8100,4,1479542691
100000,610,5426,4,1479542837
100001,610,2967,4,1479545277
100002,610,3142,5,1479544903
100003,610,2251,3,1493845971
100004,610,9051,3,1479542463
100005,610,7001,3,1479544825
100006,610,774,3,1493844937
100007,610,1218,4,1493845044
100008,610,5881,3,1479544295
100009,610,775,5,1479545863
100010,610,2969,1,1479541995
100011,610,2516,3,1493847204
100012,610,9570,3,1493848602
100013,610,3199,4,1479545335
100014,610,883,3,1493847055
100015,610,9054,3,1493844772
100016,610,5749,3,1493848336
100017,610,4984,3,1493849959
100018,610,7607,3,1493847734
100019,610,3200,4,1493846048
100020,610,1130,5,1479543278
100021,610,4185,3,1479544370
100022,610,5226,2,1493847980
100023,610,1222,4,1493845991
100024,610,3144,5,1479542961
100025,610,3573,4,1479542183
100026,610,1048,4,1493844840
100027,610,4508,3,1493846299
100028,610,777,4,1493845205
100029,610,885,4,1479542997
100030,610,3345,2,1493846051
100031,610,6507,3,1479544456
100032,610,1149,4,1479542320
100033,610,9571,2,1479544865
100034,610,9056,4,1493848751
100035,610,6242,3,1493848412
100036,610,6243,3,1479544798
100037,610,5524,4,1493847542
100038,610,9572,4,1495959169
100039,610,5434,4,1479542188
100040,610,6244,5,1479545324
100041,610,1226,3,1493845459
100042,610,3348,4,1493847283
100043,610,780,4,1493844901
100044,610,5888,2,1493849252
100045,610,2753,3,1493845534
100046,610,3146,3,1493847058
100047,610,7134,3,1479542323
100048,610,6247,3,1493848527
100049,610,783,5,1479542639
100050,610,1227,4,1479542753
100051,610,1049,3,1493844931
100052,610,784,4,1493845012
100053,610,3350,3,1493849106
100054,610,786,3,1493845245
100055,610,1228,3,1493845088
100056,610,236,4,1493845101
100057,610,3351,4,1493847162
100058,610,2265,2,1493845547
100059,610,3580,4,1479542220
100060,610,9573,1,1479542247
100061,610,5232,3,1493846930
100062,610,3352,2,1493845603
100063,610,788,2,1493846146
100064,610,2266,5,1479542569
100065,610,3354,3,1493849401
100066,610,2267,4,1493845360
100067,610,1229,4,1493846024
100068,610,792,4,1493845161
100069,610,1230,4,1493849533
100070,610,793,3,1493847395
100071,610,795,5,1493844829
100072,610,2272,3,1493845284
100073,610,3357,2,1493845630
100074,610,9072,4,1479545044
100075,610,9574,5,1479545037
100076,610,9575,2,1479542228
100077,610,9576,3,1479544150
100078,610,9577,5,1479542057
100079,610,9079,3,1479542385
100080,610,9578,3,1479545197
100081,610,9082,3,1493879414
100082,610,9084,3,1493879422
100083,610,9085,5,1479542351
100084,610,7135,4,1479542026
100085,610,9579,4,1479543124
100086,610,9090,5,1479542033
100087,610,4754,5,1479542031
100088,610,7215,3,1479542426
100089,610,9109,4,1479542348
100090,610,4144,4,1479545331
100091,610,3676,5,1479545132
100092,610,9580,2,1479542394
100093,610,9116,4,1493848515
100094,610,9581,4,1479545320
100095,610,9582,3,1493848553
100096,610,8110,4,1479545308
100097,610,7137,4,1493848538
100098,610,5532,5,1479545128
100099,610,6258,3,1479545406
100100,610,3073,3,1479544731
100101,610,9119,5,1479545302
100102,610,9583,3,1493848598
100103,610,1132,5,1479545109
100104,610,9584,3,1493848667
100105,610,5900,4,1479542098
100106,610,2484,4,1493849704
100107,610,3074,3,1493847267
100108,610,1235,3,1493849568
100109,610,3149,3,1479542824
100110,610,9585,3,1493848501
100111,610,6261,5,1479545339
100112,610,1237,3,1493846721
100113,610,3150,4,1493845193
100114,610,801,4,1479542167
100115,610,1891,3,1493849366
100116,610,9586,3,1479544897
100117,610,5537,5,1479545156
100118,610,2285,3,1493849758
100119,610,893,3,1493845197
100120,610,2126,3,1493845201
100121,610,7141,3,1493847942
100122,610,803,5,1493847160
100123,610,5913,2,1493848407
100124,610,804,3,1493847618
100125,610,807,4,1493844885
100126,610,3366,3,1479544297
100127,610,1239,3,1493846744
100128,610,5917,1,1493847713
100129,610,808,3,1493846148
100130,610,3368,3,1493847603
100131,610,809,4,1479544547
100132,610,895,3,1493845924
100133,610,3215,3,1493848292
100134,610,810,4,1493844834
100135,610,812,4,1493845446
100136,610,1892,4,1493847053
100137,610,813,2,1493849545
100138,610,5593,3,1479542841
100139,610,6266,4,1493847724
100140,610,2052,4,1479544439
100141,610,9587,4,1479542276
100142,610,5923,3,1493849170
100143,610,4993,3,1493847647
100144,610,2127,4,1479542750
100145,610,5247,3,1493849714
100146,610,4313,3,1479543351
100147,610,1243,3,1493846246
100148,610,9141,4,1479542366
100149,610,9588,3,1479542370
100150,610,5753,2,1493846928
100151,610,6267,3,1493847685
100152,610,5857,3,1493849739
100153,610,1246,3,1493846487
100154,610,1247,4,1493845278
100155,610,1248,4,1493846497
100156,610,1249,5,1479545217
100157,610,8783,5,1493843993
100158,610,2294,3,1493847301
100159,610,2295,4,1493846973
100160,610,3600,2,1493848129
100161,610,9142,3,1479545372
100162,610,4758,3,1493849250
100163,610,2297,4,1493845362
100164,610,7011,5,1479545629
100165,610,6270,3,1493848308
100166,610,3372,4,1493846840
100167,610,1894,3,1493846711
100168,610,2300,3,1493846756
100169,610,9589,4,1479545633
100170,610,2054,3,1493846033
100171,610,3217,4,1479545124
100172,610,3378,3,1493849756
100173,610,2976,4,1479545329
100174,610,3379,2,1493845614
100175,610,9148,5,1479542372
100176,610,9590,4,1479545316
100177,610,5684,3,1493849186
100178,610,2305,2,1493845830
100179,610,2306,3,1493846288
100180,610,1251,3,1493844860
100181,610,2307,3,1493845111
100182,610,1252,4,1493847397
100183,610,5940,3,1493848181
100184,610,1253,3,1493845173
100185,610,9591,4,1479545049
100186,610,1254,3,1493847392
100187,610,2309,4,1479542729
100188,610,6273,4,1493848219
100189,610,2486,3,1493849640
100190,610,5253,3,1493848150
100191,610,1896,4,1493846058
100192,610,5586,4,1493847561
100193,610,817,3,1493845439
100194,610,818,3,1493846485
100195,610,5944,2,1493848240
100196,610,1898,3,1493845327
100197,610,1255,3,1493844944
100198,610,3152,3,1493847216
100199,610,820,3,1493847896
100200,610,5755,3,1493846302
100201,610,821,3,1493845554
100202,610,1256,5,1479542918
100203,610,1257,2,1493847551
100204,610,237,4,1493847218
100205,610,2055,4,1493845177
100206,610,5000,3,1493847615
100207,610,1258,3,1493847508
100208,610,6955,5,1479543310
100209,610,7366,4,1479543383
100210,610,9592,3,1493848409
100211,610,1901,3,1493845618
100212,610,3075,4,1493845336
100213,610,4860,4,1479543283
100214,610,9593,3,1493848827
100215,610,2316,4,1493847017
100216,610,1133,4,1479542910
100217,610,238,5,1479542152
100218,610,6675,3,1495959053
100219,610,1051,5,1493844967
100220,610,1052,4,1479542917
100221,610,824,5,1493845898
100222,610,2320,3,1493845930
100223,610,5546,4,1493849233
100224,610,2984,3,1493847598
100225,610,1053,5,1493846461
100226,610,2985,2,1493846204
100227,610,2326,5,1479542571
100228,610,6279,3,1493848757
100229,610,1262,5,1493845248
100230,610,900,4,1493845902
100231,610,9594,2,1493848680
100232,610,3401,5,1479545147
100233,610,7149,3,1493848372
100234,610,2328,3,1493846124
100235,610,5259,2,1493848022
100236,610,2330,4,1493847722
100237,610,2986,3,1493847259
100238,610,2056,4,1493846071
100239,610,5961,2,1493848392
100240,610,2331,4,1479542085
100241,610,3405,3,1493849671
100242,610,1263,3,1493849654
100243,610,7368,3,1493848306
100244,610,2979,3,1479542644
100245,610,9595,3,1479542697
100246,610,7150,3,1493848047
100247,610,2332,5,1479545627
100248,610,1905,5,1479542755
100249,610,3153,4,1493845531
100250,610,9165,4,1479542417
100251,610,1264,3,1493845941
100252,610,9167,3,1479545136
100253,610,3408,3,1493848296
100254,610,6280,3,1493848312
100255,610,2057,3,1493849563
100256,610,2335,4,1493848132
100257,610,1268,4,1493846012
100258,610,1269,3,1493845467
100259,610,2519,4,1493846714
100260,610,3154,4,1493847815
100261,610,1270,3,1493846473
100262,610,903,5,1493845026
100263,610,5623,3,1493847766
100264,610,2058,5,1479542966
100265,610,6281,1,1479542306
100266,610,2336,3,1493849700
100267,610,6282,3,1493848273
100268,610,9596,4,1493848549
100269,610,2987,3,1493846178
100270,610,2338,3,1493849956
100271,610,2988,3,1493847568
100272,610,9597,3,1493848671
100273,610,1271,4,1493849092
100274,610,3418,2,1493846256
100275,610,1272,3,1493845148
100276,610,4522,3,1479544300
100277,610,3806,4,1493847179
100278,610,2520,4,1493847268
100279,610,3421,3,1493848157
100280,610,1274,4,1493845347
100281,610,9598,4,1493848919
100282,610,5866,3,1493848338
100283,610,2344,3,1493847611
100284,610,1275,3,1493845203
100285,610,2059,5,1479544325
100286,610,3423,3,1479543285
100287,610,5965,3,1493846528
100288,610,2346,4,1493845638
100289,610,5760,2,1493849727
100290,610,1054,4,1493845074
100291,610,3426,4,1493848609
100292,610,904,4,1493845047
100293,610,9599,3,1493848863
100294,610,1276,3,1493848118
100295,610,2061,5,1493850263
100296,610,2989,1,1493845711
100297,610,5685,4,1493849136
100298,610,2129,4,1493845522
100299,610,9600,4,1493848719
100300,610,4319,4,1493847901
100301,610,1277,3,1493849662
100302,610,9601,3,1495959172
100303,610,1278,4,1493846790
100304,610,1279,5,1493845166
100305,610,1910,2,1493846804
100306,610,3594,3,1493849723
100307,610,1280,3,1493847529
100308,610,4763,3,1493848233
100309,610,5624,2,1493848387
100310,610,239,4,1493844688
100311,610,9602,2,1479543204
100312,610,6286,4,1479545371
100313,610,9603,4,1493848541
100314,610,9604,3,1493848361
100315,610,1911,4,1493849378
100316,610,4189,4,1493846893
100317,610,4891,3,1479542311
100318,610,1055,4,1493844870
100319,610,1912,3,1493845948
100320,610,1282,3,1493846768
100321,610,6287,4,1493848236
100322,610,1283,3,1479542284
100323,610,9605,3,1493848708
100324,610,6288,2,1493845734
100325,610,1284,3,1493845556
100326,610,1056,4,1493844866
100327,610,3081,2,1493849053
100328,610,1285,3,1493846015
100329,610,9606,4,1479545411
100330,610,7394,5,1493846343
100331,610,9607,3,1493848660
100332,610,1286,3,1493845433
100333,610,6443,2,1493849222
100334,610,2063,4,1493847583
100335,610,2361,3,1493848425
100336,610,2130,4,1493847168
100337,610,6027,3,1479542019
100338,610,2131,4,1493846041
100339,610,2523,5,1479544674
100340,610,9608,1,1493849289
100341,610,7796,3,1479545326
100342,610,9609,3,1493844787
100343,610,2064,3,1479544357
100344,610,9610,3,1493848887
100345,610,9611,0,1493848943
100346,610,5973,2,1493849123
100347,610,2809,5,1493848063
100348,610,1287,3,1493847250
100349,610,2377,3,1493847546
100350,610,1916,5,1479542074
100351,610,912,3,1493846027
100352,610,9612,3,1479543290
100353,610,4764,3,1479545311
100354,610,9613,3,1479545068
100355,610,9614,4,1495959194
100356,610,9615,3,1493848793
100357,610,2381,2,1493846945
100358,610,2382,2,1493845715
100359,610,1151,4,1493849368
100360,610,2384,3,1493849811
100361,610,2990,4,1493846240
100362,610,2066,4,1493846499
100363,610,9616,3,1493848780
100364,610,5975,3,1479542766
100365,610,7799,3,1493849984
100366,610,3814,3,1493848892
100367,610,3450,4,1493847223
100368,610,9617,3,1493848745
100369,610,5977,3,1493846312
100370,610,4326,3,1493846390
100371,610,241,5,1493845023
100372,610,2390,4,1493849734
100373,610,1059,4,1493845159
100374,610,1296,1,1493845505
100375,610,1152,4,1493844951
100376,610,6028,3,1479542022
100377,610,1918,3,1493846130
100378,610,3086,4,1479542732
100379,610,3455,4,1479542666
100380,610,916,3,1493844881
100381,610,1297,4,1493844961
100382,610,4327,3,1493848172
100383,610,6297,4,1495959062
100384,610,2991,4,1493845208
100385,610,4768,3,1479544468
100386,610,1920,2,1493846153
100387,610,1060,3,1493847044
100388,610,3459,3,1493847304
100389,610,918,4,1493846723
100390,610,1299,3,1479543356
100391,610,9618,3,1493848533
100392,610,9619,4,1493849337
100393,610,1061,4,1479542926
100394,610,290,5,1479543164
100395,610,6298,4,1493850164
100396,610,1062,3,1493845648
100397,610,2394,3,1493845748
100398,610,1301,3,1493847325
100399,610,5980,3,1493848287
100400,610,5981,3,1493849753
100401,610,1063,4,1493846521
100402,610,4769,4,1479545130
100403,610,9620,3,1493848982
100404,610,6300,3,1493848155
100405,610,2068,4,1479544359
100406,610,242,3,1493847030
100407,610,7806,3,1493848688
100408,610,4173,4,1493847878
100409,610,1302,4,1493846526
100410,610,9621,2,1493848618
100411,610,922,4,1493849385
100412,610,9622,5,1479545413
100413,610,3520,4,1493846505
100414,610,291,3,1493845552
100415,610,9623,0,1493849030
100416,610,6054,3,1493849842
100417,610,927,4,1479544106
100418,610,928,3,1493845069
100419,610,8807,4,1493849294
100420,610,1303,3,1493847953
100421,610,1304,3,1493845565
100422,610,9198,5,1479542400
100423,610,9624,3,1479542271
100424,610,9625,3,1479543212
100425,610,9626,4,1479543186
100426,610,6302,1,1493848880
100427,610,3087,4,1493848245
100428,610,9627,4,1493848497
100429,610,243,4,1479542157
100430,610,7159,3,1493848434
100431,610,3726,3,1493846957
100432,610,9628,3,1493848990
100433,610,3620,3,1493850117
100434,610,1310,3,1493846867
100435,610,9629,5,1479545158
100436,610,1926,5,1493846467
100437,610,1312,3,1493845952
100438,610,6305,2,1493849291
100439,610,1313,3,1493845451
100440,610,7160,2,1493848368
100441,610,3157,4,1493847737
100442,610,9630,4,1479542527
100443,610,9631,4,1493850040
100444,610,6058,4,1493849501
100445,610,6059,3,1493849229
100446,610,1314,2,1493846219
100447,610,1134,5,1493846463
100448,610,9632,3,1479545163
100449,610,6815,5,1479544854
100450,610,3476,3,1493845850
100451,610,932,4,1493846478
100452,610,245,4,1493844703
100453,610,1315,3,1493849102
100454,610,3089,3,1493847855
100455,610,9633,4,1479545378
100456,610,1316,3,1493846307
100457,610,1317,3,1479545724
100458,610,1318,4,1479542573
100459,610,9634,2,1493848901
100460,610,7817,3,1493848322
100461,610,9635,4,1493848484
100462,610,5274,3,1493847754
100463,610,9636,2,1493848937
100464,610,1319,3,1493846277
100465,610,3623,2,1493846955
100466,610,246,4,1493845351
100467,610,3624,3,1493848222
100468,610,6308,3,1493849237
100469,610,5628,4,1479543226
100470,610,1931,3,1493846106
100471,610,3625,3,1493848264
100472,610,9637,4,1479543207
100473,610,2816,4,1479542082
100474,610,1933,3,1493849078
100475,610,4740,3,1493849767
100476,610,1934,5,1493846730
100477,610,935,3,1493845059
100478,610,1154,4,1493845353
100479,610,9638,4,1493850115
100480,610,1155,4,1479544338
100481,610,3091,3,1493845579
100482,610,9639,3,1479544236
100483,610,6722,4,1479542990
100484,610,9640,3,1479542382
100485,610,3479,4,1479542929
100486,610,1321,3,1479543280
100487,610,6031,3,1493845677
100488,610,3481,3,1493846852
100489,610,3847,3,1493847274
100490,610,1065,3,1493849408
100491,610,4703,3,1493847669
100492,610,4545,3,1479544287
100493,610,8722,4,1493850183
100494,610,7407,3,1493848011
100495,610,1066,3,1493849084
100496,610,6066,3,1493847872
100497,610,6554,3,1493849748
100498,610,5686,5,1479545301
100499,610,1324,3,1493846310
100500,610,6067,3,1493849282
100501,610,4342,3,1493845728
100502,610,1325,3,1493846761
100503,610,5040,4,1493846394
100504,610,3485,4,1493849421
100505,610,6068,2,1493848027
100506,610,1327,3,1493846112
100507,610,9219,5,1493847938
100508,610,941,3,1479542292
100509,610,1328,4,1493845469
100510,610,2410,3,1493849098
100511,610,1938,2,1493846271
100512,610,4548,2,1493848043
100513,610,2528,3,1493847206
100514,610,7832,2,1493846648
100515,610,1939,4,1493846733
100516,610,1330,5,1493845236
100517,610,942,4,1493845317
100518,610,7019,3,1493848865
100519,610,9641,3,1479544228
100520,610,1941,4,1493846002
100521,610,7021,3,1493848606
100522,610,9642,4,1493848545
100523,610,6555,4,1493848197
100524,610,9643,3,1493848934
100525,610,5687,4,1479545403
100526,610,1067,5,1479542608
100527,610,3160,4,1493849130
100528,610,9644,4,1479543403
100529,610,3096,4,1493845333
100530,610,3631,3,1493848346
100531,610,1332,3,1493847740
100532,610,2821,3,1493846275
100533,610,3097,3,1479542174
100534,610,3507,4,1493847293
100535,610,9645,4,1493846643
100536,610,1333,3,1493846912
100537,610,1068,4,1493845427
100538,610,250,4,1493844922
100539,610,1943,3,1493846223
100540,610,1334,3,1493847422
100541,610,1944,4,1493846078
100542,610,251,4,1493845240
100543,610,7225,3,1493848574
100544,610,9231,4,1493848558
100545,610,6577,3,1493848581
100546,610,3489,5,1479542965
100547,610,6082,3,1493849214
100548,610,9646,3,1493850013
100549,610,6083,3,1493845696
100550,610,9647,2,1493848772
100551,610,9648,3,1493848785
100552,610,2994,5,1479542519
100553,610,2530,5,1479542624
100554,610,1948,3,1493846162
100555,610,1069,3,1493845520
100556,610,9649,3,1493848703
100557,610,7853,4,1479542834
100558,610,3491,4,1493849371
100559,610,4732,4,1493845814
100560,610,947,3,1493846610
100561,610,6089,2,1493847996
100562,610,4351,4,1493846641
100563,610,1336,4,1493847201
100564,610,949,3,1493847823
100565,610,5281,3,1493847991
100566,610,4352,4,1493846637
100567,610,3164,4,1493846635
100568,610,6092,4,1493848007
100569,610,3494,4,1493846323
100570,610,951,4,1493846754
100571,610,1070,5,1479542726
100572,610,2733,4,1493847640
100573,610,7175,3,1493848397
100574,610,9650,5,1479545188
100575,610,3098,2,1493850474
100576,610,9651,4,1493849241
100577,610,9652,3,1479545041
100578,610,2830,4,1479542971
100579,610,4734,3,1493847323
100580,610,7176,3,1493848736
100581,610,9653,3,1493848567
100582,610,1340,3,1493845575
100583,610,1954,4,1493846512
100584,610,2532,4,1493845228
100585,610,953,4,1493846036
100586,610,9654,2,1493848742
100587,610,9655,3,1479545408
100588,610,6095,2,1493849879
100589,610,9248,3,1479542450
100590,610,9250,3,1479542433
100591,610,9656,3,1479542454
100592,610,1343,3,1493846747
100593,610,4561,3,1493849509
100594,610,9657,4,1479543237
100595,610,4705,3,1493849675
100596,610,252,4,1493844914
100597,610,3872,4,1479542763
100598,610,4789,3,1493848380
100599,610,9658,1,1493848836
100600,610,8847,3,1493850334
100601,610,4562,3,1479544291
100602,610,9659,4,1479543406
100603,610,6098,3,1493847984
100604,610,2735,3,1493847671
100605,610,9660,3,1493848802
100606,610,9661,4,1493848830
100607,610,3637,2,1493848508
100608,610,9662,5,1479542714
100609,610,4359,3,1479545126
100610,610,4791,3,1493847967
100611,610,2534,4,1493847680
100612,610,7178,3,1495959269
100613,610,6848,3,1479542092
100614,610,1071,2,1493846142
100615,610,9663,4,1493848848
100616,610,9664,3,1493848706
100617,610,3100,4,1493846329
100618,610,1346,5,1479545231
100619,610,9665,4,1479544170
100620,610,1347,3,1493845494
100621,610,1957,4,1493846399
100622,610,9666,4,1479543417
100623,610,9667,2,1493850151
100624,610,1348,3,1493849558
100625,610,3101,3,1493846164
100626,610,3638,2,1493848216
100627,610,9668,3,1493848985
100628,610,1959,3,1493846613
100629,610,9669,3,1493848674
100630,610,1960,4,1493845597
100631,610,1072,3,1493845313
100632,610,1349,3,1493846159
100633,610,3102,5,1479542567
100634,610,1962,3,1493846980
100635,610,9670,4,1479542524
100636,610,7409,2,1493848505
100637,610,9671,4,1479543409
100638,610,3639,4,1493849694
100639,610,1350,4,1493846294
100640,610,1964,3,1493847683
100641,610,1351,3,1479544709
100642,610,6107,3,1493845845
100643,610,957,4,1493845608
100644,610,7185,4,1493849329
100645,610,1352,4,1493847493
100646,610,6578,3,1493848350
100647,610,2835,3,1493846199
100648,610,4568,3,1479542793
100649,610,8852,4,1479542945
100650,610,1074,3,1493849587
100651,610,9672,3,1493848951
100652,610,3104,3,1493845652
100653,610,1353,3,1493846174
100654,610,2736,4,1493845281
100655,610,1354,4,1493846765
100656,610,4215,4,1479544362
100657,610,253,4,1479542155
100658,610,1974,4,1493847503
100659,610,1975,4,1493846861
100660,610,1976,5,1479542973
100661,610,6354,3,1493849826
100662,610,3105,3,1479544713
100663,610,3106,5,1479545166
100664,610,9673,3,1493848816
100665,610,9674,4,1479543239
100666,610,9675,4,1479543196
100667,610,9676,5,1479544448
100668,610,7061,3,1493848731
100669,610,2737,4,1493849235
100670,610,1981,4,1493846510
100671,610,6853,3,1479543367
100672,610,962,4,1493845137
100673,610,254,3,1493845041
100674,610,5447,3,1493849211
100675,610,6855,5,1479545414
100676,610,1075,4,1493845487
100677,610,9677,4,1479542436
100678,610,9678,3,1493848644
100679,610,2995,5,1479542522
100680,610,1987,2,1493846882
100681,610,9679,4,1493848331
100682,610,9680,4,1493850133
100683,610,3107,3,1479542789
100684,610,1357,4,1493846769
100685,610,6115,3,1493845740
100686,610,9681,3,1493848727
100687,610,7922,3,1493848822
100688,610,1990,3,1493849968
100689,610,1076,4,1493845961
100690,610,1991,4,1493849614
100691,610,1993,4,1493846249
100692,610,4741,3,1493847589
100693,610,1994,5,1493846811
100694,610,1358,5,1493845270
100695,610,2538,5,1479542817
100696,610,4735,4,1493848195
100697,610,1077,4,1493845119
100698,610,4795,4,1493845590
100699,610,9682,3,1493848682
100700,610,6563,3,1493848354
100701,610,1078,4,1493845402
100702,610,9683,3,1493848692
100703,610,3896,4,1493848493
100704,610,9684,3,1493849001
100705,610,6477,2,1479543342
100706,610,6857,2,1493848016
100707,610,9685,4,1493848798
100708,610,5675,3,1493847726
100709,610,9686,3,1493848511
100710,610,9687,4,1493849314
100711,610,9688,3,1493848721
100712,610,1995,3,1493845620
100713,610,9689,3,1493848544
100714,610,9690,3,1493848404
100715,610,4713,2,1493847994
100716,610,3111,4,1493845657
100717,610,4736,4,1493848212
100718,610,1079,5,1493849607
100719,610,3112,4,1493849803
100720,610,2539,4,1493845291
100721,610,1998,4,1493845995
100722,610,9691,5,1479544153
100723,610,8727,4,1493848930
100724,610,4216,4,1493849263
100725,610,1363,4,1493845570
100726,610,4575,3,1479544278
100727,610,2001,3,1493846119
100728,610,9692,4,1493849881
100729,610,9693,3,1493848458
100730,610,7949,3,1493849847
100731,610,6865,3,1493848488
100732,610,967,4,1493846044
100733,610,1080,3,1493845723
100734,610,4716,1,1493850489
100735,610,6034,2,1493845842
100736,610,4737,5,1493848188
100737,610,258,5,1493845444
100738,610,6581,3,1493848465
100739,610,1081,4,1479544589
100740,610,1366,4,1479542606
100741,610,1367,3,1493846126
100742,610,1082,3,1493845981
100743,610,1369,5,1493845626
100744,610,1083,3,1493845751
100745,610,1084,3,1493845868
100746,610,4692,4,1494273068
100747,610,2542,4,1493847496
100748,610,9694,3,1493848037
100749,610,9695,4,1479543234
100750,610,6480,3,1493849305
100751,610,9696,3,1493850111
100752,610,9697,3,1493848925
100753,610,5041,4,1493846403
100754,610,9698,4,1493848621
100755,610,4217,3,1493846961
100756,610,3946,2,1493850517
100757,610,4803,4,1493849762
100758,610,6877,4,1493849992
100759,610,9699,3,1493848796
100760,610,1085,3,1479543002
100761,610,2014,4,1493847587
100762,610,2015,3,1479542759
100763,610,1086,3,1493845106
100764,610,2016,4,1493846237
100765,610,9700,3,1493848564
100766,610,2017,2,1493847638
100767,610,1372,3,1493846966
100768,610,9701,3,1479544160
100769,610,9702,4,1479544188
100770,610,2020,3,1493846626
100771,610,969,3,1493846863
100772,610,4597,2,1493847366
100773,610,8865,4,1493848627
100774,610,2543,3,1493846904
100775,610,2853,4,1493846975
100776,610,2021,3,1493846318
100777,610,4725,3,1493849856
100778,610,9703,1,1493848976
100779,610,9704,5,1479545420
100780,610,1373,4,1493846777
100781,610,9705,3,1479545400
100782,610,2855,4,1493846253
100783,610,9706,3,1493848639
100784,610,2742,4,1493849625
100785,610,2743,3,1493849261
100786,610,9707,4,1493848268
100787,610,9708,4,1479544170
100788,610,4806,3,1493848611
100789,610,9709,3,1493848820
100790,610,9710,3,1479543146
100791,610,4807,3,1479543412
100792,610,1376,3,1493849575
100793,610,9711,4,1493848878
100794,610,1087,4,1493849643
100795,610,2862,4,1479544333
100796,610,4738,4,1493848418
100797,610,9712,0,1493849019
100798,610,9713,4,1493850187
100799,610,9714,4,1479544210
100800,610,9715,3,1479544214
100801,610,9716,3,1479542224
100802,610,6890,3,1493850521
100803,610,1379,4,1493847175
100804,610,9717,3,1493848843
100805,610,2864,3,1479542295
100806,610,8021,3,1479543210
100807,610,1088,4,1493845817
100808,610,1089,4,1493846503
100809,610,9718,3,1493848841
100810,610,4821,3,1493848456
100811,610,4822,5,1479542831
100812,610,6584,4,1493848444
100813,610,4002,4,1493846563
100814,610,1384,5,1479545219
100815,610,9719,3,1479542491
100816,610,1090,3,1493848024
100817,610,8049,3,1493848947
100818,610,1386,3,1493847704
100819,610,4611,3,1493848031
100820,610,9720,2,1479545749
100821,610,9721,4,1479544998
100822,610,8650,3,1493848537
100823,610,9722,3,1493844794
100824,610,1388,4,1493847759
100825,610,4828,4,1493848362
100826,610,1389,3,1493849971
100827,610,9723,3,1493848789
100828,610,9724,3,1493850155
100829,610,1391,5,1493845631
100830,610,1092,4,1493879365
100831,610,3121,4,1493848402
100832,610,2036,5,1493850091
100833,610,3122,5,1494273047
100834,610,1393,5,1493846352
100835,610,2874,3,1493846415
